4000 2008
4001 3592
4002 3102
4003 2760
4004 3716
4005 3526
4006 2846
4007 3833
4008 2817
4009 2513
4010 2442
4011 2942
4012 2718
4013 3709
4014 3733
4015 2863
4016 2645
4017 2199
4018 3438
4019 2890
4020 2958
4021 3285
4022 2294
4023 2458
4024 2222
4025 2956
4026 3071
4027 3156
4028 3786
4029 2807
4030 3719
4031 2206
4032 2842
4033 3934
4034 2592
4035 3491
4036 2275
4037 2015
4038 3882
4039 2187
4040 3544
4041 3395
4042 2695
4043 3361
4044 2769
4045 2830
4046 2708
4047 3187
4048 2398
4049 3662
4050 3562
4051 2044
4052 3258
4053 3347
4054 3116
4055 2496
4056 2113
4057 3398
4058 2898
4059 2657
4060 3452
4061 3062
4062 3098
4063 3997
4064 2800
4065 2706
4066 3669
4067 2373
4068 3594
4069 2459
4070 2586
4071 3962
4072 2572
4073 3533
4074 2396
4075 2385
4076 3793
4077 3709
4078 2190
4079 2952
4080 3208
4081 3156
4082 3121
4083 2986
4084 3150
4085 2427
4086 2539
4087 2860
4088 2357
4089 2071
4090 3167
4091 2204
4092 3036
4093 3397
4094 3974
4095 2582
4096 3351
4097 2277
4098 2575
4099 3321
4100 2137
4101 3120
4102 2687
4103 2825
4104 2662
4105 3255
4106 2604
4107 3638
4108 3353
4109 3229
4110 3910
4111 2502
4112 3794
4113 3659
4114 3490
4115 3384
4116 3421
4117 2598
4118 2149
4119 2761
4120 2113
4121 2014
4122 3587
4123 3063
4124 3723
4125 3024
4126 3975
4127 2488
4128 2160
4129 3331
4130 3277
4131 2528
4132 2821
4133 3045
4134 3616
4135 3865
4136 3296
4137 2116
4138 2702
4139 3021
4140 2140
4141 3813
4142 2307
4143 3867
4144 3274
4145 3315
4146 3484
4147 3348
4148 3619
4149 2330
4150 2427
4151 3074
4152 2948
4153 2625
4154 3604
4155 3288
4156 3220
4157 2071
4158 2981
4159 2066
4160 2618
4161 3753
4162 2130
4163 3518
4164 3354
4165 3641
4166 2526
4167 3004
4168 3111
4169 3877
4170 3966
4171 3567
4172 2959
4173 3110
4174 2013
4175 2298
4176 3247
4177 2560
4178 2021
4179 2710
4180 3653
4181 2359
4182 2240
4183 2350
4184 3697
4185 3277
4186 3552
4187 3338
4188 2889
4189 3055
4190 2771
4191 3021
4192 3409
4193 2240
4194 3910
4195 3901
4196 2378
4197 3138
4198 2877
4199 3635
4200 2283
4201 2658
4202 2664
4203 3695
4204 3450
4205 3402
4206 2116
4207 2199
4208 3821
4209 3553
4210 2460
4211 3952
4212 3090
4213 3264
4214 2117
4215 2115
4216 3402
4217 2916
4218 2857
4219 2210
4220 2422
4221 3440
4222 3879
4223 3208
4224 3239
4225 2523
4226 3070
4227 3257
4228 3674
4229 2828
4230 2582
4231 2140
4232 3108
4233 3409
4234 3024
4235 3625
4236 3128
4237 3147
4238 2227
4239 3286
4240 2985
4241 3598
4242 2673
4243 3463
4244 2189
4245 3487
4246 3064
4247 3940
4248 2961
4249 2625
4250 3840
4251 3150
4252 2006
4253 2446
4254 3484
4255 2160
4256 2604
4257 2035
4258 2151
4259 2761
4260 2988
4261 2886
4262 3274
4263 2747
4264 2507
4265 3926
4266 2603
4267 2491
4268 3016
4269 2450
4270 2221
4271 2359
4272 2602
4273 2635
4274 3387
4275 2974
4276 2662
4277 3225
4278 2019
4279 3805
4280 3325
4281 2549
4282 3795
4283 2650
4284 3637
4285 2092
4286 3177
4287 3307
4288 3544
4289 2447
4290 3190
4291 3638
4292 2764
4293 3815
4294 3486
4295 2615
4296 2706
4297 2060
4298 2505
4299 3064
4300 2252
4301 3336
4302 2511
4303 2936
4304 3750
4305 2171
4306 2851
4307 2846
4308 3811
4309 2069
4310 3829
4311 2207
4312 2083
4313 3111
4314 3663
4315 3311
4316 2010
4317 3149
4318 3079
4319 2152
4320 2704
4321 3732
4322 3358
4323 3722
4324 3584
4325 3183
4326 3175
4327 3882
4328 3695
4329 3387
4330 3992
4331 3343
4332 2561
4333 2117
4334 2450
4335 2745
4336 3720
4337 3899
4338 2339
4339 2082
4340 2658
4341 2221
4342 2287
4343 3183
4344 3417
4345 2334
4346 2904
4347 3533
4348 2467
4349 2884
4350 3607
4351 2501
4352 3202
4353 3960
4354 2482
4355 2089
4356 3050
4357 2815
4358 2698
4359 3484
4360 2425
4361 2938
4362 2051
4363 2387
4364 2435
4365 2407
4366 2492
4367 3817
4368 2329
4369 3357
4370 2287
4371 2480
4372 2179
4373 3283
4374 3318
4375 3263
4376 2637
4377 2251
4378 3242
4379 3682
4380 2279
4381 2425
4382 2390
4383 3754
4384 3854
4385 2031
4386 3846
4387 3744
4388 2881
4389 3169
4390 3906
4391 2822
4392 3258
4393 2692
4394 3098
4395 2670
4396 2855
4397 2315
4398 3030
4399 2635
4400 3806
4401 2173
4402 2843
4403 2600
4404 2131
4405 3601
4406 3338
4407 2569
4408 3592
4409 3823
4410 2050
4411 3192
4412 2102
4413 3715
4414 3254
4415 2167
4416 3928
4417 3086
4418 3984
4419 3805
4420 2855
4421 2689
4422 3179
4423 2473
4424 2036
4425 3303
4426 3121
4427 3935
4428 3502
4429 2877
4430 3628
4431 3595
4432 3329
4433 3999
4434 3257
4435 3667
4436 3444
4437 3596
4438 2015
4439 2513
4440 2036
4441 3102
4442 2827
4443 3721
4444 2783
4445 3062
4446 3073
4447 3599
4448 2957
4449 3889
4450 3403
4451 3499
4452 3677
4453 2709
4454 3323
4455 3027
4456 2989
4457 3150
4458 3459
4459 3762
4460 3048
4461 2542
4462 3564
4463 2595
4464 3265
4465 2645
4466 2206
4467 2884
4468 2677
4469 2064
4470 3897
4471 3936
4472 2868
4473 3988
4474 3734
4475 2135
4476 3370
4477 2776
4478 2798
4479 2144
4480 2258
4481 2920
4482 3895
4483 2135
4484 3197
4485 2786
4486 2592
4487 3712
4488 2302
4489 3761
4490 3762
4491 2742
4492 2861
4493 2678
4494 2750
4495 3813
4496 3666
4497 2877
4498 2495
4499 2580
4500 3941
4501 3448
4502 2410
4503 2333
4504 3197
4505 3771
4506 2915
4507 3641
4508 2746
4509 2858
4510 2725
4511 3703
4512 2603
4513 2476
4514 3076
4515 3482
4516 2060
4517 3757
4518 3800
4519 3113
4520 2396
4521 3103
4522 3690
4523 2841
4524 3004
4525 3594
4526 2212
4527 2959
4528 3840
4529 2859
4530 3599
4531 2256
4532 2578
4533 3859
4534 3986
4535 3285
4536 3929
4537 3161
4538 3336
4539 3429
4540 2577
4541 2879
4542 3727
4543 2359
4544 2642
4545 3224
4546 2704
4547 3918
4548 3915
4549 2358
4550 3916
4551 3961
4552 2804
4553 3629
4554 3319
4555 2747
4556 2096
4557 3954
4558 3516
4559 2192
4560 2566
4561 3181
4562 2363
4563 3592
4564 2312
4565 2462
4566 3601
4567 3762
4568 2475
4569 2866
4570 2216
4571 2084
4572 2233
4573 2899
4574 3644
4575 2728
4576 2431
4577 2933
4578 2393
4579 2348
4580 2183
4581 3822
4582 2720
4583 3429
4584 2681
4585 3758
4586 3680
4587 2175
4588 3506
4589 3020
4590 2972
4591 3172
4592 3138
4593 3118
4594 3718
4595 2326
4596 2212
4597 3867
4598 2372
4599 2559
4600 3916
4601 3213
4602 3185
4603 2577
4604 3850
4605 3157
4606 2986
4607 3823
4608 2081
4609 2085
4610 2601
4611 2675
4612 2188
4613 3414
4614 3965
4615 3491
4616 2499
4617 3333
4618 3121
4619 2892
4620 3621
4621 2010
4622 3544
4623 2615
4624 2423
4625 2320
4626 2808
4627 3369
4628 3657
4629 2034
4630 2161
4631 2998
4632 2212
4633 2386
4634 2767
4635 3041
4636 2891
4637 2107
4638 2217
4639 2824
4640 3010
4641 2445
4642 2338
4643 2254
4644 3084
4645 2517
4646 2990
4647 3868
4648 2132
4649 2354
4650 3526
4651 2789
4652 2445
4653 2214
4654 2993
4655 2871
4656 3933
4657 2232
4658 3257
4659 3899
4660 2524
4661 3286
4662 2036
4663 3403
4664 3183
4665 2896
4666 3783
4667 3324
4668 3025
4669 2180
4670 2622
4671 2711
4672 2418
4673 2432
4674 2756
4675 2651
4676 3590
4677 2802
4678 3029
4679 2771
4680 2129
4681 2010
4682 3768
4683 3430
4684 3332
4685 2609
4686 3043
4687 2875
4688 2244
4689 3446
4690 2893
4691 3866
4692 3516
4693 2246
4694 3862
4695 3392
4696 3375
4697 2802
4698 3946
4699 2346
4700 2033
4701 3340
4702 2966
4703 3678
4704 2652
4705 3624
4706 2779
4707 3420
4708 3573
4709 3160
4710 3867
4711 2618
4712 2614
4713 3239
4714 3244
4715 2177
4716 3026
4717 2248
4718 3974
4719 3783
4720 3487
4721 2936
4722 2466
4723 3456
4724 3502
4725 2520
4726 3725
4727 2474
4728 2990
4729 2575
4730 2979
4731 3563
4732 3273
4733 2847
4734 3441
4735 2516
4736 3752
4737 2139
4738 3402
4739 3115
4740 3119
4741 3782
4742 2947
4743 2842
4744 2876
4745 2073
4746 3454
4747 3558
4748 3916
4749 3438
4750 3504
4751 3471
4752 2855
4753 3232
4754 2654
4755 2200
4756 3403
4757 3124
4758 2773
4759 3866
4760 3475
4761 3426
4762 2661
4763 3805
4764 3067
4765 3129
4766 3595
4767 2462
4768 3193
4769 2390
4770 3533
4771 3417
4772 2714
4773 3821
4774 2269
4775 2522
4776 3773
4777 3171
4778 2987
4779 3820
4780 3798
4781 3973
4782 3918
4783 2491
4784 3257
4785 3246
4786 2301
4787 3622
4788 2013
4789 2619
4790 2231
4791 2580
4792 3312
4793 3112
4794 2459
4795 2686
4796 3673
4797 2367
4798 2887
4799 3883
4800 3105
4801 3519
4802 3456
4803 2572
4804 3783
4805 3554
4806 2530
4807 2709
4808 2615
4809 3464
4810 3240
4811 2259
4812 3849
4813 2891
4814 3270
4815 2976
4816 3206
4817 3727
4818 3341
4819 3722
4820 3886
4821 3514
4822 3847
4823 2007
4824 3143
4825 2820
4826 2745
4827 3449
4828 3120
4829 3400
4830 3340
4831 3745
4832 3787
4833 3114
4834 2648
4835 2445
4836 2507
4837 2343
4838 3622
4839 2444
4840 2367
4841 2177
4842 2048
4843 3377
4844 2473
4845 3542
4846 3693
4847 2494
4848 3255
4849 2646
4850 3643
4851 2848
4852 3121
4853 2018
4854 3939
4855 2697
4856 2685
4857 2669
4858 2548
4859 3784
4860 2459
4861 3527
4862 3048
4863 2993
4864 2177
4865 3147
4866 2528
4867 3130
4868 2024
4869 2505
4870 2604
4871 3557
4872 3774
4873 2556
4874 3667
4875 3449
4876 3059
4877 3403
4878 3631
4879 2629
4880 3512
4881 3177
4882 2264
4883 2115
4884 2251
4885 3580
4886 3748
4887 3720
4888 3002
4889 2857
4890 3827
4891 3717
4892 3063
4893 3985
4894 2733
4895 2798
4896 3630
4897 3411
4898 2887
4899 3752
4900 2227
4901 3360
4902 3674
4903 3453
4904 3772
4905 2984
4906 3251
4907 3235
4908 3543
4909 3889
4910 2333
4911 2278
4912 2246
4913 2776
4914 2643
4915 2552
4916 3994
4917 2680
4918 3338
4919 3327
4920 3104
4921 2358
4922 2985
4923 2940
4924 3040
4925 2520
4926 3661
4927 3873
4928 3619
4929 2711
4930 3710
4931 2656
4932 2543
4933 2413
4934 3662
4935 2274
4936 2831
4937 2366
4938 2435
4939 2995
4940 3812
4941 2522
4942 2674
4943 2045
4944 3356
4945 2775
4946 3231
4947 3901
4948 3330
4949 2696
4950 3378
4951 3241
4952 2136
4953 2062
4954 3845
4955 2958
4956 3675
4957 3200
4958 3962
4959 2616
4960 3321
4961 2127
4962 3423
4963 3606
4964 3777
4965 3481
4966 3263
4967 3610
4968 3366
4969 3437
4970 2194
4971 2523
4972 3324
4973 2888
4974 2193
4975 3650
4976 2709
4977 2370
4978 3650
4979 3803
4980 3416
4981 2739
4982 2323
4983 2777
4984 3103
4985 2343
4986 3207
4987 3584
4988 3112
4989 2221
4990 3641
4991 2920
4992 3220
4993 2560
4994 3936
4995 2698
4996 2130
4997 3353
4998 2161
4999 2532
5000 3844
5001 3340
5002 3673
5003 3405
5004 3451
5005 3238
5006 3478
5007 2511
5008 3157
5009 3554
5010 2234
5011 2160
5012 3560
5013 3276
5014 2584
5015 3869
5016 2726
5017 2850
5018 3644
5019 3239
5020 2541
5021 2883
5022 3883
5023 3558
5024 3825
5025 3573
5026 3724
5027 2352
5028 3223
5029 3378
5030 3602
5031 3525
5032 2136
5033 2619
5034 3235
5035 2373
5036 2985
5037 2452
5038 3111
5039 3687
5040 3666
5041 2374
5042 3896
5043 2317
5044 3385
5045 3071
5046 3381
5047 2431
5048 3250
5049 3387
5050 3494
5051 2214
5052 3868
5053 2326
5054 3350
5055 2956
5056 3830
5057 3497
5058 2670
5059 3000
5060 2436
5061 3722
5062 3844
5063 3951
5064 2621
5065 3635
5066 3139
5067 2977
5068 2777
5069 3890
5070 2190
5071 3006
5072 2830
5073 3363
5074 2089
5075 3524
5076 2836
5077 2770
5078 2144
5079 3368
5080 3109
5081 2147
5082 2783
5083 3359
5084 3659
5085 3544
5086 3880
5087 2715
5088 2727
5089 2672
5090 2326
5091 3437
5092 2612
5093 2650
5094 2393
5095 3171
5096 2981
5097 3792
5098 3426
5099 3860
5100 3133
5101 2217
5102 2608
5103 3736
5104 2177
5105 2859
5106 2630
5107 2219
5108 2322
5109 2242
5110 2921
5111 2352
5112 3471
5113 3023
5114 3342
5115 2091
5116 3357
5117 2797
5118 2002
5119 2817
5120 2990
5121 2591
5122 2894
5123 2871
5124 3417
5125 3945
5126 2005
5127 3181
5128 2842
5129 3461
5130 2309
5131 2669
5132 3904
5133 2819
5134 3984
5135 3312
5136 3197
5137 3492
5138 3379
5139 3948
5140 2365
5141 3862
5142 2381
5143 3577
5144 2169
5145 3054
5146 3852
5147 2046
5148 3635
5149 3669
5150 2290
5151 2158
5152 2643
5153 2432
5154 3696
5155 2451
5156 3659
5157 3950
5158 2166
5159 2190
5160 3006
5161 2122
5162 2477
5163 3800
5164 3902
5165 3981
5166 2602
5167 2959
5168 2809
5169 2916
5170 2482
5171 3404
5172 2477
5173 2141
5174 2230
5175 2109
5176 2037
5177 3852
5178 2477
5179 2917
5180 2788
5181 3941
5182 2860
5183 3741
5184 3365
5185 3985
5186 2439
5187 3124
5188 2606
5189 3367
5190 3942
5191 2666
5192 3826
5193 3761
5194 3725
5195 3028
5196 2220
5197 2688
5198 2001
5199 2014
5200 3960
5201 2461
5202 3275
5203 3693
5204 2952
5205 3366
5206 3534
5207 3301
5208 2114
5209 3865
5210 2849
5211 2993
5212 2259
5213 3464
5214 2921
5215 3272
5216 3784
5217 3869
5218 2139
5219 3802
5220 3920
5221 2369
5222 3133
5223 2256
5224 3071
5225 3967
5226 3912
5227 2375
5228 2638
5229 2622
5230 2020
5231 3884
5232 2541
5233 3271
5234 2511
5235 2016
5236 3053
5237 2136
5238 3338
5239 3524
5240 2593
5241 2200
5242 2172
5243 3586
5244 3483
5245 2601
5246 3817
5247 2072
5248 2413
5249 3826
5250 2282
5251 3427
5252 2276
5253 3674
5254 3258
5255 2220
5256 2753
5257 3689
5258 3340
5259 3950
5260 3379
5261 2684
5262 2533
5263 2006
5264 2238
5265 2997
5266 3296
5267 2861
5268 2294
5269 3117
5270 3488
5271 3188
5272 3467
5273 3003
5274 3256
5275 3204
5276 3750
5277 3675
5278 2230
5279 2333
5280 3852
5281 2751
5282 3430
5283 2590
5284 2479
5285 2002
5286 3968
5287 3243
5288 2800
5289 2116
5290 3973
5291 2915
5292 2391
5293 2017
5294 3985
5295 3355
5296 3163
5297 3126
5298 2145
5299 3449
5300 2892
5301 3445
5302 2478
5303 3571
5304 3083
5305 2012
5306 2898
5307 3374
5308 2974
5309 2767
5310 2310
5311 3528
5312 2554
5313 2324
5314 3815
5315 3510
5316 2134
5317 2431
5318 2897
5319 3484
5320 2161
5321 3481
5322 3828
5323 3025
5324 2370
5325 3696
5326 3949
5327 2217
5328 2930
5329 3518
5330 2779
5331 2415
5332 3838
5333 3151
5334 2435
5335 2775
5336 3326
5337 2234
5338 2538
5339 2960
5340 3285
5341 2283
5342 3299
5343 2152
5344 3571
5345 3278
5346 2846
5347 3403
5348 2218
5349 3194
5350 2320
5351 2563
5352 2735
5353 2404
5354 3305
5355 2261
5356 2996
5357 3956
5358 2481
5359 3202
5360 2862
5361 2272
5362 2029
5363 2535
5364 2115
5365 3910
5366 2655
5367 2966
5368 2869
5369 3355
5370 2704
5371 2108
5372 3554
5373 2396
5374 3236
5375 3177
5376 2060
5377 2269
5378 2649
5379 3506
5380 2530
5381 2661
5382 3077
5383 3811
5384 3373
5385 2099
5386 2386
5387 2034
5388 3986
5389 2665
5390 2879
5391 2192
5392 3240
5393 3733
5394 2702
5395 3635
5396 3855
5397 2849
5398 2035
5399 2313
5400 2530
5401 2173
5402 2419
5403 3987
5404 2463
5405 3707
5406 2131
5407 2034
5408 3420
5409 2809
5410 2265
5411 2842
5412 2545
5413 2355
5414 2200
5415 2522
5416 3279
5417 3998
5418 3516
5419 3513
5420 2207
5421 3128
5422 2614
5423 2774
5424 2875
5425 3133
5426 2067
5427 3225
5428 3611
5429 3864
5430 2031
5431 3360
5432 3599
5433 2250
5434 2979
5435 2145
5436 2741
5437 3198
5438 2822
5439 2631
5440 2322
5441 3072
5442 2400
5443 2629
5444 3031
5445 3104
5446 2599
5447 2312
5448 3039
5449 2353
5450 2976
5451 2964
5452 2669
5453 3682
5454 2985
5455 2882
5456 2219
5457 3416
5458 2339
5459 2636
5460 2065
5461 2334
5462 2361
5463 3216
5464 3338
5465 2714
5466 3643
5467 3837
5468 2606
5469 3589
5470 3501
5471 2949
5472 2933
5473 2921
5474 3523
5475 3247
5476 2544
5477 2071
5478 3875
5479 2408
5480 2235
5481 2545
5482 2518
5483 2294
5484 2024
5485 3295
5486 2836
5487 2116
5488 2749
5489 3904
5490 3717
5491 3234
5492 3848
5493 2903
5494 2904
5495 2209
5496 2277
5497 2551
5498 2164
5499 3149
5500 2765
5501 3817
5502 2952
5503 2855
5504 2412
5505 3489
5506 2723
5507 3270
5508 3029
5509 2782
5510 3811
5511 2595
5512 2564
5513 3463
5514 3359
5515 2490
5516 3744
5517 3231
5518 3584
5519 2800
5520 2283
5521 3956
5522 2928
5523 3764
5524 2338
5525 3364
5526 3580
5527 2535
5528 2138
5529 2212
5530 3496
5531 3837
5532 3650
5533 2369
5534 2662
5535 2483
5536 2056
5537 3886
5538 2869
5539 2372
5540 3916
5541 2249
5542 3911
5543 3769
5544 3249
5545 2836
5546 3965
5547 3333
5548 2415
5549 3599
5550 2086
5551 2593
5552 2031
5553 3913
5554 2675
5555 2907
5556 2553
5557 2399
5558 3005
5559 2777
5560 2319
5561 3247
5562 2158
5563 2191
5564 2297
5565 3904
5566 3879
5567 3370
5568 2407
5569 2804
5570 2301
5571 3090
5572 2356
5573 2018
5574 2282
5575 2098
5576 3499
5577 3980
5578 2656
5579 3035
5580 3583
5581 2076
5582 3009
5583 3189
5584 2699
5585 3994
5586 3165
5587 3385
5588 3834
5589 2977
5590 3002
5591 2657
5592 3416
5593 3301
5594 3033
5595 2575
5596 3345
5597 3084
5598 3041
5599 3754
5600 2306
5601 3528
5602 2408
5603 3276
5604 3567
5605 3900
5606 2290
5607 3796
5608 3383
5609 3492
5610 2042
5611 3505
5612 3313
5613 3234
5614 3690
5615 3256
5616 2310
5617 3488
5618 3872
5619 2199
5620 2319
5621 2185
5622 3014
5623 3983
5624 3262
5625 3883
5626 2845
5627 3614
5628 3480
5629 2694
5630 2069
5631 3547
5632 3660
5633 3369
5634 2775
5635 3864
5636 3310
5637 2021
5638 3346
5639 2331
5640 3979
5641 2429
5642 2868
5643 2732
5644 3906
5645 2508
5646 3840
5647 3323
5648 3117
5649 2801
5650 3882
5651 2475
5652 2664
5653 2421
5654 2954
5655 3114
5656 3425
5657 2226
5658 2629
5659 3065
5660 3119
5661 3295
5662 3993
5663 3696
5664 3206
5665 2102
5666 3925
5667 2444
5668 3998
5669 2860
5670 2488
5671 3815
5672 2192
5673 3678
5674 3075
5675 3586
5676 2125
5677 2345
5678 3386
5679 2142
5680 3590
5681 3196
5682 3024
5683 3267
5684 2588
5685 2910
5686 2985
5687 2187
5688 3852
5689 3000
5690 3215
5691 2714
5692 3213
5693 3637
5694 2922
5695 3938
5696 2647
5697 3313
5698 2478
5699 3791
5700 2112
5701 2677
5702 3166
5703 3851
5704 2953
5705 3169
5706 3241
5707 3701
5708 2639
5709 2986
5710 2779
5711 2198
5712 3807
5713 3316
5714 3211
5715 2485
5716 2498
5717 3699
5718 3114
5719 2349
5720 3363
5721 2226
5722 2851
5723 3241
5724 2184
5725 2311
5726 2494
5727 2452
5728 3546
5729 2795
5730 3308
5731 2899
5732 3790
5733 2617
5734 2332
5735 2677
5736 2292
5737 2869
5738 2192
5739 2703
5740 2778
5741 2883
5742 2705
5743 2917
5744 3733
5745 3582
5746 3434
5747 2283
5748 3964
5749 3264
5750 3248
5751 3756
5752 2704
5753 2824
5754 3810
5755 3261
5756 2344
5757 2010
5758 2278
5759 2691
5760 2144
5761 3692
5762 3028
5763 2953
5764 3232
5765 2049
5766 3927
5767 3752
5768 2041
5769 2292
5770 3322
5771 2774
5772 2482
5773 3742
5774 2568
5775 3377
5776 3509
5777 2516
5778 2864
5779 3603
5780 3066
5781 2922
5782 2879
5783 2107
5784 3695
5785 3112
5786 3375
5787 2143
5788 2460
5789 2343
5790 2367
5791 3867
5792 3061
5793 2144
5794 2984
5795 3720
5796 2746
5797 2341
5798 2822
5799 2650
5800 2503
5801 3851
5802 2350
5803 2416
5804 3197
5805 2389
5806 2834
5807 2596
5808 2431
5809 2445
5810 2323
5811 3826
5812 3121
5813 2974
5814 2451
5815 2334
5816 3986
5817 3252
5818 2473
5819 2946
5820 3856
5821 2638
5822 2680
5823 2600
5824 2913
5825 3945
5826 3032
5827 2534
5828 2414
5829 2776
5830 2538
5831 2895
5832 2103
5833 3330
5834 2847
5835 3623
5836 2265
5837 3561
5838 2008
5839 3144
5840 3962
5841 3219
5842 2112
5843 2901
5844 2202
5845 3560
5846 2365
5847 2211
5848 3021
5849 3018
5850 3555
5851 3389
5852 3222
5853 2212
5854 2863
5855 3544
5856 2747
5857 3426
5858 2428
5859 2772
5860 2790
5861 3635
5862 3320
5863 2916
5864 3258
5865 3423
5866 3341
5867 2736
5868 2144
5869 2576
5870 2256
5871 2076
5872 2722
5873 2268
5874 3647
5875 2047
5876 3840
5877 3365
5878 2506
5879 3091
5880 3467
5881 2168
5882 2227
5883 2645
5884 3442
5885 3057
5886 2400
5887 3652
5888 2016
5889 2367
5890 2912
5891 3133
5892 3431
5893 3001
5894 2553
5895 3461
5896 2221
5897 2917
5898 2107
5899 3302
5900 3859
5901 2112
5902 3411
5903 3147
5904 2904
5905 3589
5906 2944
5907 2069
5908 2267
5909 2219
5910 3066
5911 3688
5912 3965
5913 3516
5914 2104
5915 3858
5916 3050
5917 3921
5918 2040
5919 3039
5920 2123
5921 2094
5922 3626
5923 2545
5924 3339
5925 3761
5926 3221
5927 2204
5928 2069
5929 3772
5930 3704
5931 3864
5932 3525
5933 3080
5934 3885
5935 2915
5936 3817
5937 2751
5938 3136
5939 2141
5940 2727
5941 2567
5942 2837
5943 3889
5944 3698
5945 2209
5946 2648
5947 2085
5948 2464
5949 3385
5950 2276
5951 2366
5952 2590
5953 3481
5954 3473
5955 3623
5956 2582
5957 3521
5958 3134
5959 2108
5960 2168
5961 2429
5962 2613
5963 2814
5964 3419
5965 3992
5966 2426
5967 3511
5968 3067
5969 3420
5970 3614
5971 2548
5972 2418
5973 3612
5974 3752
5975 3321
5976 2357
5977 3010
5978 2875
5979 2436
5980 3915
5981 3758
5982 3937
5983 2058
5984 3887
5985 3014
5986 2185
5987 2179
5988 3343
5989 2471
5990 2427
5991 3204
5992 3878
5993 2066
5994 3725
5995 3586
5996 2549
5997 3125
5998 3581
5999 3243
2001 1447
2002 589
2005 744
2006 1329
2007 1311
2008 1379
2010 466
2012 61
2013 1366
2014 316
2015 1496
2016 1785
2017 1589
2018 748
2019 885
2020 240
2021 1760
2024 672
2029 862
2031 1504
2033 153
2034 586
2035 1605
2036 1868
2037 1013
2040 279
2041 1280
2042 1490
2044 673
2045 6
2046 516
2047 550
2048 1817
2049 1923
2050 918
2051 742
2056 910
2058 980
2060 1885
2062 163
2064 1563
2065 232
2066 1217
2067 1817
2069 1251
2071 1995
2072 1343
2073 1523
2076 91
2081 473
2082 1676
2083 1904
2084 172
2085 1881
2086 1972
2089 1379
2091 1194
2092 1373
2094 1611
2096 1612
2098 1993
2099 1415
2102 1119
2103 488
2104 748
2107 1093
2108 21
2109 568
2112 207
2113 690
2114 623
2115 471
2116 668
2117 1327
2122 680
2123 1235
2125 1266
2127 1523
2129 834
2130 1764
2131 755
2132 995
2134 1934
2135 392
2136 238
2137 1998
2138 930
2139 500
2140 872
2141 896
2142 939
2143 744
2144 1746
2145 1252
2147 3
2149 1543
2151 793
2152 1426
2158 1783
2160 1665
2161 301
2164 272
2166 1506
2167 1841
2168 1981
2169 1491
2171 1681
2172 1796
2173 800
2175 260
2177 1183
2179 92
2180 965
2183 585
2184 1201
2185 1346
2187 1364
2188 1029
2189 943
2190 731
2191 424
2192 583
2193 1573
2194 665
2198 416
2199 1041
2200 987
2202 30
2204 1569
2206 1146
2207 1763
2209 1277
2210 422
2211 627
2212 1123
2214 1907
2216 1335
2217 687
2218 466
2219 1863
2220 328
2221 1193
2222 635
2226 1404
2227 1018
2230 1612
2231 196
2232 1843
2233 1136
2234 975
2235 817
2238 1728
2240 606
2242 1587
2244 1578
2246 858
2248 82
2249 863
2250 1864
2251 1999
2252 1103
2254 590
2256 421
2258 330
2259 197
2261 1101
2264 1315
2265 1106
2267 1318
2268 1878
2269 1880
2272 809
2274 690
2275 214
2276 1838
2277 1285
2278 1488
2279 1155
2282 1948
2283 1160
2287 518
2290 1915
2292 65
2294 1819
2297 1235
2298 629
2301 1906
2302 633
2306 1514
2307 1298
2309 357
2310 1638
2311 867
2312 213
2313 1422
2315 521
2317 254
2319 1117
2320 1212
2322 863
2323 1150
2324 168
2326 1446
2329 1681
2330 894
2331 1392
2332 1052
2333 675
2334 1478
2338 82
2339 1346
2341 1456
2343 1754
2344 1256
2345 1570
2346 1027
2348 260
2349 1383
2350 666
2352 229
2353 1722
2354 1308
2355 475
2356 1886
2357 407
2358 387
2359 1339
2361 1217
2363 1893
2365 62
2366 1016
2367 1726
2369 1940
2370 989
2372 836
2373 1131
2374 1715
2375 944
2378 1983
2381 46
2385 1568
2386 1517
2387 1548
2389 925
2390 1906
2391 265
2393 919
2396 804
2398 1871
2399 288
2400 1989
2404 848
2407 1540
2408 1401
2410 1231
2412 917
2413 1015
2414 1688
2415 1653
2416 769
2418 1827
2419 354
2421 1888
2422 160
2423 1699
2425 1727
2426 382
2427 1122
2428 1054
2429 1331
2431 1747
2432 819
2435 220
2436 1310
2439 93
2442 1793
2444 1354
2445 164
2446 1084
2447 1333
2450 1926
2451 870
2452 1867
2458 1185
2459 1034
2460 1645
2461 1518
2462 1461
2463 383
2464 422
2466 281
2467 1090
2471 1234
2473 1628
2474 1391
2475 204
2476 1223
2477 1574
2478 1886
2479 728
2480 504
2481 1620
2482 609
2483 1527
2485 181
2488 71
2490 322
2491 1017
2492 76
2494 1414
2495 860
2496 1653
2498 909
2499 324
2501 397
2502 1618
2503 1845
2505 1711
2506 561
2507 914
2508 1049
2511 1722
2513 1517
2516 1892
2517 859
2518 1097
2520 1714
2522 1628
2523 87
2524 1947
2526 111
2528 1084
2530 194
2532 763
2533 583
2534 931
2535 1127
2538 957
2539 1796
2541 1150
2542 0
2543 446
2544 39
2545 1034
2548 799
2549 268
2551 1271
2552 716
2553 205
2554 936
2556 1697
2559 1620
2560 52
2561 1462
2563 1776
2564 1212
2566 477
2567 51
2568 344
2569 1307
2572 1430
2575 600
2576 177
2577 149
2578 665
2580 210
2582 1198
2584 1135
2586 422
2588 1853
2590 1098
2591 1133
2592 1431
2593 159
2595 13
2596 618
2598 1731
2599 1491
2600 869
2601 148
2602 1411
2603 605
2604 643
2606 928
2608 1670
2609 895
2612 258
2613 506
2614 903
2615 462
2616 7
2617 1242
2618 459
2619 1020
2621 1995
2622 1941
2625 1715
2629 606
2630 1920
2631 536
2635 1723
2636 721
2637 82
2638 434
2639 431
2642 499
2643 1053
2645 521
2646 1977
2647 579
2648 106
2649 1308
2650 950
2651 599
2652 1592
2654 1420
2655 1429
2656 1713
2657 1495
2658 527
2661 168
2662 766
2664 546
2665 1403
2666 783
2669 1502
2670 1768
2672 1773
2673 1396
2674 1123
2675 502
2677 952
2678 1079
2680 1597
2681 87
2684 1633
2685 1585
2686 1474
2687 30
2688 7
2689 53
2691 677
2692 1745
2694 1786
2695 1695
2696 903
2697 1125
2698 472
2699 740
2702 355
2703 1997
2704 1883
2705 87
2706 1414
2708 1246
2709 1237
2710 1546
2711 183
2714 664
2715 1641
2718 1894
2720 655
2722 1967
2723 549
2725 303
2726 1562
2727 119
2728 1949
2732 593
2733 1995
2735 744
2736 288
2739 1219
2741 1441
2742 289
2745 1004
2746 667
2747 905
2749 1065
2750 1271
2751 1502
2753 1494
2756 109
2760 159
2761 1258
2764 1754
2765 590
2767 27
2769 1183
2770 1497
2771 1258
2772 780
2773 759
2774 298
2775 1251
2776 1932
2777 832
2778 499
2779 485
2782 1625
2783 1250
2786 93
2788 365
2789 1581
2790 197
2795 473
2797 1547
2798 1680
2800 1388
2801 1326
2802 1444
2804 1405
2807 1917
2808 1518
2809 100
2814 458
2815 1302
2817 1139
2819 1090
2820 1767
2821 1979
2822 699
2824 1488
2825 1206
2827 1552
2828 1198
2830 1425
2831 1983
2834 874
2836 155
2837 1555
2841 1780
2842 104
2843 1050
2845 172
2846 923
2847 1309
2848 1894
2849 1137
2850 662
2851 1794
2855 1466
2857 1497
2858 307
2859 484
2860 1214
2861 1192
2862 647
2863 1767
2864 146
2866 841
2868 1238
2869 57
2871 1764
2875 1825
2876 1386
2877 150
2879 45
2881 364
2882 391
2883 1937
2884 372
2886 1137
2887 505
2888 1425
2889 538
2890 75
2891 782
2892 786
2893 1427
2894 129
2895 463
2896 784
2897 73
2898 28
2899 952
2901 1519
2903 243
2904 1444
2907 140
2910 689
2912 685
2913 52
2915 1632
2916 806
2917 1807
2920 406
2921 340
2922 427
2928 728
2930 432
2933 1398
2936 1891
2938 949
2940 979
2942 1384
2944 1772
2946 389
2947 557
2948 39
2949 277
2952 1639
2953 279
2954 1023
2956 400
2957 1194
2958 389
2959 552
2960 20
2961 378
2964 682
2966 1318
2972 440
2974 1029
2976 1205
2977 1882
2979 911
2981 1786
2984 202
2985 375
2986 277
2987 817
2988 1224
2989 614
2990 1163
2993 1290
2995 842
2996 1627
2997 903
2998 1802
3000 194
3001 1475
3002 628
3003 253
3004 838
3005 1332
3006 930
3009 1383
3010 168
3014 1614
3016 915
3018 1469
3020 1163
3021 276
3023 326
3024 560
3025 1956
3026 1366
3027 1030
3028 666
3029 851
3030 1025
3031 1993
3032 262
3033 744
3035 1024
3036 964
3039 1669
3040 1916
3041 1809
3043 487
3045 478
3048 1270
3050 1658
3053 1815
3054 504
3055 1660
3057 1551
3059 484
3061 493
3062 1140
3063 1109
3064 901
3065 1220
3066 992
3067 130
3070 1255
3071 1878
3072 219
3073 48
3074 678
3075 518
3076 996
3077 715
3079 1163
3080 1224
3083 307
3084 535
3086 595
3090 74
3091 24
3098 765
3102 319
3103 1183
3104 263
3105 1018
3108 1918
3109 371
3110 821
3111 858
3112 1171
3113 1681
3114 721
3115 97
3116 113
3117 1624
3118 159
3119 1196
3120 684
3121 1794
3124 1034
3125 1465
3126 683
3128 1019
3129 1298
3130 1469
3133 135
3134 1596
3136 1787
3138 230
3139 1632
3143 1460
3144 1126
3147 1733
3149 901
3150 1143
3151 151
3156 854
3157 481
3160 18
3161 641
3163 1690
3165 1333
3166 252
3167 398
3169 1212
3171 1208
3172 1435
3175 357
3177 1218
3179 1471
3181 1306
3183 1226
3185 90
3187 1310
3188 14
3189 802
3190 353
3192 1666
3193 578
3194 816
3196 1319
3197 1067
3198 329
3200 105
3202 1112
3204 681
3206 1834
3207 1740
3208 1225
3211 2
3213 301
3215 1156
3216 262
3219 1513
3220 1506
3221 233
3222 546
3223 1243
3224 832
3225 1902
3229 1757
3231 1848
3232 1313
3234 644
3235 1125
3236 188
3238 1385
3239 1589
3240 1299
3241 1852
3242 1945
3243 1291
3244 1638
3246 1844
3247 584
3248 1804
3249 1969
3250 1992
3251 1340
3252 1956
3254 1113
3255 609
3256 1076
3257 1037
3258 1925
3261 60
3262 1811
3263 1252
3264 1865
3265 934
3267 489
3270 327
3271 1737
3272 1687
3273 165
3274 787
3275 1690
3276 1956
3277 820
3278 311
3279 535
3283 1864
3285 1024
3286 692
3288 447
3295 422
3296 851
3299 1744
3301 1221
3302 786
3303 1410
3305 473
3307 205
3308 423
3310 1558
3311 1641
3312 370
3313 1811
3315 959
3316 78
3318 1938
3319 1092
3320 1239
3321 1461
3322 806
3323 1307
3324 1164
3325 1685
3326 329
3327 1908
3329 1659
3330 176
3331 314
3332 1915
3333 1770
3336 1618
3338 478
3339 1567
3340 853
3341 449
3342 760
3343 1932
3345 1863
3346 1460
3347 969
3348 867
3350 1659
3351 1947
3353 113
3354 730
3355 1759
3356 31
3357 1952
3358 999
3359 755
3360 800
3361 1485
3363 76
3364 1550
3365 126
3366 687
3367 1650
3368 1893
3369 228
3370 803
3373 311
3374 18
3375 58
3377 1019
3378 1686
3379 564
3381 1824
3383 123
3384 943
3385 1451
3386 1606
3387 919
3389 1150
3392 891
3395 617
3397 183
3398 77
3400 1211
3402 1010
3403 1069
3404 135
3405 1935
3409 936
3411 1181
3414 1472
3416 1166
3417 993
3419 523
3420 1606
3421 497
3423 1666
3425 289
3426 1196
3427 1566
3429 382
3430 1528
3431 661
3434 931
3437 1611
3438 873
3440 1300
3441 1982
3442 450
3444 1667
3445 558
3446 81
3448 4
3449 462
3450 1114
3451 1005
3452 1565
3453 1939
3454 594
3456 805
3459 1507
3461 1297
3463 1496
3464 160
3467 357
3471 187
3473 1335
3475 1490
3478 739
3480 1699
3481 201
3482 1309
3483 1641
3484 1139
3486 409
3487 1761
3488 1564
3489 802
3490 1109
3491 1907
3492 850
3494 565
3496 674
3497 375
3499 846
3501 116
3502 529
3504 535
3505 1909
3506 1007
3509 757
3510 989
3511 735
3512 388
3513 784
3514 1819
3516 847
3518 666
3519 1409
3521 1076
3523 1801
3524 1036
3525 1835
3526 1437
3527 587
3528 922
3533 1226
3534 453
3542 1148
3543 1851
3544 892
3546 299
3547 879
3552 942
3553 1837
3554 415
3555 79
3557 1039
3558 1733
3560 1388
3561 788
3562 1409
3563 699
3564 1348
3567 1035
3571 257
3573 775
3577 893
3580 803
3581 1809
3582 1011
3583 258
3584 1879
3586 442
3587 1519
3589 1861
3590 944
3592 939
3594 6
3595 289
3596 1985
3598 1588
3599 1351
3601 588
3602 1143
3603 561
3604 922
3606 1280
3607 1570
3610 910
3611 92
3612 501
3614 536
3616 642
3619 1219
3621 1842
3622 609
3623 1253
3624 1773
3625 1605
3626 426
3628 646
3629 554
3630 149
3631 1344
3635 581
3637 1826
3638 1218
3641 1392
3643 900
3644 650
3647 1849
3650 1108
3652 1414
3653 660
3657 1896
3659 776
3660 1051
3661 571
3662 1578
3663 1878
3666 1628
3667 1266
3669 74
3673 916
3674 431
3675 707
3677 857
3678 854
3680 286
3682 608
3687 1411
3688 1702
3689 1442
3690 1483
3692 1537
3693 858
3695 1085
3696 292
3697 1281
3698 251
3699 1630
3701 1224
3703 742
3704 1849
3707 1533
3709 1903
3710 1715
3712 761
3715 1991
3716 1428
3717 1754
3718 200
3719 1784
3720 198
3721 1430
3722 956
3723 1372
3724 142
3725 1760
3727 1262
3732 236
3733 245
3734 736
3736 584
3741 423
3742 1221
3744 1921
3745 1824
3748 1924
3750 1501
3752 206
3753 403
3754 332
3756 1018
3757 1566
3758 1570
3761 1493
3762 1176
3764 100
3768 292
3769 1955
3771 1615
3772 257
3773 572
3774 1562
3777 166
3782 342
3783 1329
3784 1691
3786 87
3787 292
3790 59
3791 141
3792 1502
3793 1738
3794 145
3795 197
3796 1804
3798 1343
3800 915
3802 267
3803 1079
3805 1568
3806 323
3807 1105
3810 1776
3811 1869
3812 1022
3813 409
3815 1589
3817 1258
3820 1425
3821 1375
3822 586
3823 1682
3825 127
3826 80
3827 905
3828 1975
3829 1054
3830 392
3833 1940
3834 67
3837 1218
3838 605
3840 696
3844 1698
3845 121
3846 1831
3847 780
3848 1606
3849 971
3850 1088
3851 454
3852 1887
3854 1699
3855 295
3856 1233
3858 1486
3859 1222
3860 839
3862 837
3864 1310
3865 776
3866 1489
3867 1008
3868 1792
3869 1711
3872 1761
3873 1264
3875 201
3877 477
3878 293
3879 39
3880 1528
3882 544
3883 1639
3884 611
3885 1858
3886 1978
3887 1485
3889 1073
3890 1864
3895 887
3896 456
3897 1121
3899 950
3900 223
3901 1591
3902 1267
3904 606
3906 131
3910 14
3911 1967
3912 1066
3913 343
3915 401
3916 1891
3918 1122
3920 434
3921 1467
3925 742
3926 62
3927 166
3928 650
3929 1657
3933 143
3934 1543
3935 989
3936 692
3937 1426
3938 801
3939 391
3940 147
3941 687
3942 150
3945 916
3946 519
3948 576
3949 1222
3950 26
3951 1163
3952 558
3954 1384
3956 343
3960 1434
3961 989
3962 930
3964 243
3965 1390
3966 1607
3967 1031
3968 1043
3973 618
3974 653
3975 785
3979 165
3980 96
3981 396
3983 1049
3984 1657
3985 867
3986 1079
3987 15
3988 277
3992 1812
3993 1184
3994 1812
3997 1643
3998 1915
3999 1526
