10240 9914
10241 9318
10242 9465
10243 9719
10244 9281
10245 9332
10246 9823
10247 9737
10248 9307
10249 9058
10250 9438
10251 9608
10252 9392
10253 9995
10254 9161
10255 9723
10256 9677
10257 9947
10258 9548
10259 9935
10260 9662
10261 9394
10262 9420
10263 9479
10264 9547
10265 9384
10266 9187
10267 9573
10268 9565
10269 9922
10270 9700
10271 9107
10272 9817
10273 9195
10274 9113
10275 9021
10276 9137
10277 9620
10278 9587
10279 9527
10280 9379
10281 9013
10282 9832
10283 9060
10284 9684
10285 9668
10286 9907
10287 9933
10288 9334
10289 9131
10290 9393
10291 9941
10292 9683
10293 9429
10294 9995
10295 9220
10296 9177
10297 9342
10298 9927
10299 9029
10300 9916
10301 9744
10302 9205
10303 9338
10304 9392
10305 9118
10306 9815
10307 9237
10308 9341
10309 9551
10310 9072
10311 9119
10312 9017
10313 9226
10314 9057
10315 9443
10316 9328
10317 9370
10318 9901
10319 9037
10320 9553
10321 9242
10322 9666
10323 9104
10324 9218
10325 9777
10326 9433
10327 9104
10328 9026
10329 9823
10330 9239
10331 9483
10332 9663
10333 9990
10334 9096
10335 9580
10336 9856
10337 9400
10338 9055
10339 9203
10340 9363
10341 9862
10342 9855
10343 9355
10344 9738
10345 9063
10346 9649
10347 9614
10348 9913
10349 9792
10350 9784
10351 9085
10352 9414
10353 9647
10354 9400
10355 9820
10356 9580
10357 9321
10358 9520
10359 9585
10360 9631
10361 9264
10362 9629
10363 9218
10364 9115
10365 9904
10366 9411
10367 9295
10368 9685
10369 9976
10370 9722
10371 9284
10372 9289
10373 9689
10374 9734
10375 9506
10376 9270
10377 9303
10378 9562
10379 9846
10380 9423
10381 9429
10382 9393
10383 9792
10384 9192
10385 9376
10386 9070
10387 9270
10388 9405
10389 9565
10390 9088
10391 9442
10392 9696
10393 9420
10394 9209
10395 9816
10396 9794
10397 9319
10398 9044
10399 9812
10400 9410
10401 9912
10402 9097
10403 9205
10404 9445
10405 9655
10406 9707
10407 9862
10408 9222
10409 9877
10410 9647
10411 9559
10412 9182
10413 9401
10414 9736
10415 9493
10416 9559
10417 9041
10418 9273
10419 9382
10420 9946
10421 9006
10422 9953
10423 9237
10424 9101
10425 9159
10426 9616
10427 9188
10428 9623
10429 9436
10430 9020
10431 9196
10432 9529
10433 9913
10434 9126
10435 9953
10436 9212
10437 9444
10438 9208
10439 9366
10440 9866
10441 9359
10442 9771
10443 9912
10444 9109
10445 9261
10446 9103
10447 9695
10448 9181
10449 9476
10450 9067
10451 9396
10452 9925
10453 9779
10454 9851
10455 9314
10456 9502
10457 9286
10458 9684
10459 9394
10460 9944
10461 9163
10462 9029
10463 9421
10464 9273
10465 9458
10466 9545
10467 9088
10468 9036
10469 9703
10470 9988
10471 9103
10472 9654
10473 9143
10474 9795
10475 9987
10476 9594
10477 9575
10478 9303
10479 9478
10480 9968
10481 9451
10482 9690
10483 9026
10484 9558
10485 9399
10486 9895
10487 9554
10488 9033
10489 9241
10490 9335
10491 9281
10492 9650
10493 9650
10494 9723
10495 9651
10496 9135
10497 9151
10498 9862
10499 9711
10500 9040
10501 9172
10502 9729
10503 9891
10504 9712
10505 9201
10506 9981
10507 9503
10508 9852
10509 9188
10510 9715
10511 9549
10512 9844
10513 9618
10514 9016
10515 9125
10516 9226
10517 9999
10518 9270
10519 9364
10520 9662
10521 9926
10522 9983
10523 9690
10524 9015
10525 9407
10526 9328
10527 9864
10528 9483
10529 9110
10530 9451
10531 9329
10532 9035
10533 9496
10534 9093
10535 9282
10536 9545
10537 9368
10538 9105
10539 9493
10540 9531
10541 9601
10542 9779
10543 9646
10544 9471
10545 9446
10546 9195
10547 9095
10548 9386
10549 9580
10550 9516
10551 9940
10552 9270
10553 9097
10554 9756
10555 9518
10556 9921
10557 9224
10558 9529
10559 9861
10560 9086
10561 9245
10562 9037
10563 9867
10564 9002
10565 9640
10566 9868
10567 9087
10568 9154
10569 9889
10570 9977
10571 9417
10572 9258
10573 9435
10574 9098
10575 9773
10576 9931
10577 9818
10578 9576
10579 9120
10580 9826
10581 9705
10582 9790
10583 9821
10584 9402
10585 9964
10586 9416
10587 9564
10588 9983
10589 9679
10590 9238
10591 9509
10592 9550
10593 9001
10594 9016
10595 9104
10596 9634
10597 9582
10598 9253
10599 9210
10600 9232
10601 9330
10602 9194
10603 9861
10604 9308
10605 9129
10606 9713
10607 9826
10608 9691
10609 9233
10610 9289
10611 9411
10612 9384
10613 9162
10614 9003
10615 9198
10616 9699
10617 9087
10618 9972
10619 9578
10620 9423
10621 9791
10622 9375
10623 9885
10624 9177
10625 9881
10626 9747
10627 9484
10628 9314
10629 9719
10630 9650
10631 9157
10632 9295
10633 9024
10634 9801
10635 9330
10636 9169
10637 9640
10638 9557
10639 9421
10640 9216
10641 9174
10642 9184
10643 9668
10644 9935
10645 9312
10646 9533
10647 9964
10648 9071
10649 9786
10650 9274
10651 9065
10652 9383
10653 9936
10654 9747
10655 9162
10656 9873
10657 9508
10658 9953
10659 9390
10660 9835
10661 9303
10662 9089
10663 9583
10664 9553
10665 9134
10666 9641
10667 9215
10668 9946
10669 9890
10670 9321
10671 9894
10672 9239
10673 9218
10674 9610
10675 9699
10676 9970
10677 9051
10678 9169
10679 9491
10680 9344
10681 9520
10682 9710
10683 9593
10684 9787
10685 9379
10686 9160
10687 9918
10688 9842
10689 9156
10690 9138
10691 9812
10692 9339
10693 9829
10694 9853
10695 9280
10696 9471
10697 9642
10698 9365
10699 9629
10700 9152
10701 9452
10702 9064
10703 9830
10704 9842
10705 9107
10706 9664
10707 9368
10708 9671
10709 9463
10710 9055
10711 9974
10712 9885
10713 9714
10714 9786
10715 9642
10716 9852
10717 9442
10718 9629
10719 9064
10720 9393
10721 9422
10722 9446
10723 9196
10724 9858
10725 9711
10726 9042
10727 9546
10728 9981
10729 9930
10730 9122
10731 9436
10732 9892
10733 9565
10734 9344
10735 9914
10736 9359
10737 9381
10738 9628
10739 9209
10740 9107
10741 9154
10742 9437
10743 9794
10744 9366
10745 9682
10746 9159
10747 9054
10748 9912
10749 9751
10750 9178
10751 9361
10752 9392
10753 9637
10754 9073
10755 9374
10756 9723
10757 9570
10758 9267
10759 9751
10760 9425
10761 9746
10762 9113
10763 9309
10764 9057
10765 9125
10766 9221
10767 9409
10768 9324
10769 9726
10770 9343
10771 9023
10772 9757
10773 9388
10774 9688
10775 9174
10776 9185
10777 9785
10778 9440
10779 9193
10780 9979
10781 9581
10782 9720
10783 9630
10784 9364
10785 9233
10786 9774
10787 9518
10788 9898
10789 9196
10790 9765
10791 9173
10792 9334
10793 9461
10794 9078
10795 9802
10796 9282
10797 9411
10798 9734
10799 9441
10800 9072
10801 9664
10802 9555
10803 9867
10804 9867
10805 9105
10806 9023
10807 9261
10808 9389
10809 9502
10810 9899
10811 9506
10812 9757
10813 9983
10814 9663
10815 9275
10816 9160
10817 9688
10818 9719
10819 9434
10820 9864
10821 9463
10822 9436
10823 9329
10824 9307
10825 9653
10826 9590
10827 9044
10828 9561
10829 9689
10830 9915
10831 9122
10832 9862
10833 9066
10834 9911
10835 9685
10836 9790
10837 9292
10838 9723
10839 9338
10840 9922
10841 9745
10842 9104
10843 9862
10844 9301
10845 9942
10846 9631
10847 9347
10848 9252
10849 9457
10850 9462
10851 9594
10852 9863
10853 9985
10854 9087
10855 9750
10856 9635
10857 9336
10858 9660
10859 9570
10860 9488
10861 9148
10862 9172
10863 9307
10864 9041
10865 9329
10866 9763
10867 9857
10868 9999
10869 9548
10870 9220
10871 9620
10872 9897
10873 9674
10874 9408
10875 9080
10876 9263
10877 9026
10878 9197
10879 9040
10880 9431
10881 9411
10882 9107
10883 9812
10884 9511
10885 9010
10886 9997
10887 9701
10888 9330
10889 9798
10890 9950
10891 9925
10892 9937
10893 9462
10894 9840
10895 9384
10896 9994
10897 9080
10898 9035
10899 9502
10900 9977
10901 9981
10902 9394
10903 9862
10904 9001
10905 9308
10906 9630
10907 9165
10908 9851
10909 9723
10910 9571
10911 9539
10912 9843
10913 9589
10914 9554
10915 9164
10916 9462
10917 9503
10918 9859
10919 9558
10920 9140
10921 9878
10922 9434
10923 9579
10924 9277
10925 9889
10926 9831
10927 9818
10928 9212
10929 9653
10930 9682
10931 9409
10932 9564
10933 9370
10934 9757
10935 9732
10936 9453
10937 9859
10938 9221
10939 9150
10940 9861
10941 9068
10942 9237
10943 9682
10944 9754
10945 9321
10946 9772
10947 9983
10948 9842
10949 9377
10950 9466
10951 9783
10952 9639
10953 9543
10954 9349
10955 9000
10956 9366
10957 9494
10958 9807
10959 9921
10960 9432
10961 9626
10962 9713
10963 9484
10964 9356
10965 9166
10966 9560
10967 9420
10968 9683
10969 9553
10970 9271
10971 9500
10972 9679
10973 9863
10974 9406
10975 9785
10976 9794
10977 9908
10978 9720
10979 9188
10980 9455
10981 9790
10982 9892
10983 9491
10984 9411
10985 9418
10986 9253
10987 9717
10988 9101
10989 9601
10990 9099
10991 9984
10992 9630
10993 9913
10994 9736
10995 9166
10996 9461
10997 9118
10998 9634
10999 9281
10000 9989
10001 9007
10002 9400
10003 9434
10004 9919
10005 9697
10006 9422
10007 9654
10008 9199
10009 9905
10010 9384
10011 9605
10012 9783
10013 9278
10014 9617
10015 9669
10016 9250
10017 9169
10018 9549
10019 9122
10020 9744
10021 9175
10022 9851
10023 9909
10024 9603
10025 9451
10026 9857
10027 9708
10028 9122
10029 9995
10030 9598
10031 9143
10032 9592
10033 9176
10034 9493
10035 9675
10036 9410
10037 9083
10038 9901
10039 9255
10040 9989
10041 9933
10042 9283
10043 9613
10044 9140
10045 9962
10046 9723
10047 9421
10048 9676
10049 9179
10050 9321
10051 9635
10052 9916
10053 9404
10054 9599
10055 9356
10056 9744
10057 9203
10058 9204
10059 9309
10060 9163
10061 9367
10062 9476
10063 9768
10064 9801
10065 9940
10066 9755
10067 9666
10068 9217
10069 9837
10070 9622
10071 9314
10072 9300
10073 9762
10074 9034
10075 9476
10076 9034
10077 9690
10078 9550
10079 9564
10080 9061
10081 9226
10082 9249
10083 9235
10084 9159
10085 9005
10086 9807
10087 9972
10088 9352
10089 9170
10090 9015
10091 9191
10092 9625
10093 9839
10094 9049
10095 9758
10096 9274
10097 9276
10098 9384
10099 9872
10100 9865
10101 9969
10102 9124
10103 9511
10104 9228
10105 9432
10106 9954
10107 9224
10108 9000
10109 9037
10110 9185
10111 9911
10112 9166
10113 9931
10114 9662
10115 9903
10116 9410
10117 9339
10118 9655
10119 9199
10120 9860
10121 9250
10122 9799
10123 9847
10124 9835
10125 9040
10126 9165
10127 9425
10128 9396
10129 9251
10130 9189
10131 9006
10132 9280
10133 9624
10134 9240
10135 9025
10136 9529
10137 9624
10138 9725
10139 9024
10140 9108
10141 9958
10142 9424
10143 9831
10144 9946
10145 9588
10146 9759
10147 9222
10148 9499
10149 9411
10150 9736
10151 9510
10152 9613
10153 9029
10154 9653
10155 9428
10156 9517
10157 9616
10158 9620
10159 9508
10160 9610
10161 9377
10162 9068
10163 9815
10164 9222
10165 9332
10166 9137
10167 9595
10168 9272
10169 9542
10170 9428
10171 9460
10172 9771
10173 9079
10174 9528
10175 9504
10176 9232
10177 9289
10178 9095
10179 9163
10180 9056
10181 9851
10182 9047
10183 9333
10184 9150
10185 9689
10186 9658
10187 9312
10188 9684
10189 9388
10190 9847
10191 9437
10192 9573
10193 9148
10194 9668
10195 9493
10196 9582
10197 9193
10198 9577
10199 9446
10200 9157
10201 9259
10202 9526
10203 9150
10204 9586
10205 9158
10206 9947
10207 9870
10208 9699
10209 9177
10210 9458
10211 9599
10212 9231
10213 9472
10214 9459
10215 9751
10216 9032
10217 9563
10218 9957
10219 9590
10220 9714
10221 9818
10222 9805
10223 9838
10224 9303
10225 9781
10226 9798
10227 9800
10228 9971
10229 9886
10230 9799
10231 9197
10232 9401
10233 9804
10234 9316
10235 9653
10236 9024
10237 9098
10238 9232
10239 9272
9000 8381
9001 8914
9002 8124
9003 8499
9005 8430
9006 8938
9007 8676
9010 8504
9013 8830
9015 8961
9016 8564
9017 8759
9020 8840
9021 8160
9023 8225
9024 8652
9025 8176
9026 8790
9029 8034
9032 8688
9033 8977
9034 8031
9035 8626
9036 8427
9037 8245
9040 8874
9041 8472
9042 8906
9044 8378
9047 8715
9049 8804
9051 8933
9054 8070
9055 8489
9056 8054
9057 8736
9058 8657
9060 8841
9061 8285
9063 8904
9064 8072
9065 8149
9066 8643
9067 8770
9068 8918
9070 8925
9071 8295
9072 8194
9073 8647
9078 8219
9079 8010
9080 8407
9083 8423
9085 8869
9086 8138
9087 8610
9088 8446
9089 8872
9093 8558
9095 8026
9096 8513
9097 8910
9098 8250
9099 8987
9101 8004
9103 8250
9104 8642
9105 8355
9107 8348
9108 8205
9109 8049
9110 8870
9113 8971
9115 8951
9118 8205
9119 8383
9120 8946
9122 8190
9124 8349
9125 8137
9126 8126
9129 8860
9131 8920
9134 8487
9135 8294
9137 8498
9138 8129
9140 8905
9143 8447
9148 8224
9150 8749
9151 8005
9152 8897
9154 8703
9156 8860
9157 8934
9158 8202
9159 8139
9160 8125
9161 8770
9162 8337
9163 8971
9164 8830
9165 8188
9166 8959
9169 8848
9170 8501
9172 8795
9173 8359
9174 8569
9175 8274
9176 8913
9177 8053
9178 8742
9179 8429
9181 8384
9182 8774
9184 8008
9185 8978
9187 8608
9188 8323
9189 8665
9191 8346
9192 8737
9193 8479
9194 8736
9195 8570
9196 8800
9197 8431
9198 8673
9199 8229
9201 8784
9203 8377
9204 8647
9205 8138
9208 8041
9209 8771
9210 8842
9212 8771
9215 8238
9216 8501
9217 8505
9218 8431
9220 8644
9221 8824
9222 8297
9224 8665
9226 8139
9228 8914
9231 8155
9232 8849
9233 8085
9235 8081
9237 8679
9238 8319
9239 8453
9240 8628
9241 8079
9242 8533
9245 8816
9249 8307
9250 8678
9251 8300
9252 8006
9253 8709
9255 8094
9258 8248
9259 8798
9261 8881
9263 8561
9264 8905
9267 8140
9270 8621
9271 8354
9272 8376
9273 8253
9274 8747
9275 8440
9276 8627
9277 8807
9278 8391
9280 8850
9281 8648
9282 8976
9283 8214
9284 8942
9286 8703
9289 8499
9292 8062
9295 8082
9300 8122
9301 8559
9303 8407
9307 8237
9308 8399
9309 8764
9312 8341
9314 8301
9316 8738
9318 8672
9319 8629
9321 8406
9324 8731
9328 8456
9329 8088
9330 8103
9332 8782
9333 8052
9334 8476
9335 8922
9336 8484
9338 8741
9339 8206
9341 8784
9342 8276
9343 8150
9344 8540
9347 8589
9349 8663
9352 8870
9355 8923
9356 8953
9359 8869
9361 8526
9363 8954
9364 8836
9365 8163
9366 8966
9367 8370
9368 8750
9370 8811
9374 8302
9375 8801
9376 8802
9377 8048
9379 8711
9381 8827
9382 8477
9383 8625
9384 8048
9386 8295
9388 8063
9389 8170
9390 8857
9392 8178
9393 8252
9394 8236
9396 8581
9399 8136
9400 8261
9401 8202
9402 8290
9404 8390
9405 8261
9406 8090
9407 8367
9408 8268
9409 8126
9410 8971
9411 8430
9414 8146
9416 8572
9417 8739
9418 8231
9420 8240
9421 8646
9422 8890
9423 8427
9424 8840
9425 8815
9428 8898
9429 8399
9431 8595
9432 8794
9433 8023
9434 8564
9435 8998
9436 8955
9437 8311
9438 8165
9440 8577
9441 8445
9442 8767
9443 8969
9444 8632
9445 8837
9446 8114
9451 8817
9452 8182
9453 8132
9455 8204
9457 8487
9458 8460
9459 8332
9460 8557
9461 8396
9462 8837
9463 8309
9465 8646
9466 8410
9471 8569
9472 8505
9476 8935
9478 8301
9479 8244
9483 8494
9484 8572
9488 8086
9491 8275
9493 8920
9494 8992
9496 8976
9499 8670
9500 8495
9502 8504
9503 8461
9504 8701
9506 8829
9508 8845
9509 8933
9510 8841
9511 8639
9516 8886
9517 8709
9518 8333
9520 8188
9526 8030
9527 8678
9528 8188
9529 8536
9531 8237
9533 8899
9539 8197
9542 8822
9543 8599
9545 8293
9546 8022
9547 8708
9548 8871
9549 8379
9550 8855
9551 8842
9553 8496
9554 8628
9555 8677
9557 8809
9558 8465
9559 8452
9560 8030
9561 8044
9562 8563
9563 8951
9564 8285
9565 8009
9570 8121
9571 8228
9573 8593
9575 8986
9576 8764
9577 8470
9578 8764
9579 8521
9580 8544
9581 8356
9582 8285
9583 8140
9585 8894
9586 8301
9587 8431
9588 8196
9589 8670
9590 8434
9592 8226
9593 8130
9594 8253
9595 8396
9598 8341
9599 8896
9601 8395
9603 8604
9605 8779
9608 8173
9610 8669
9613 8575
9614 8452
9616 8322
9617 8161
9618 8894
9620 8706
9622 8317
9623 8285
9624 8327
9625 8769
9626 8490
9628 8365
9629 8986
9630 8143
9631 8682
9634 8212
9635 8491
9637 8146
9639 8581
9640 8006
9641 8802
9642 8430
9646 8744
9647 8413
9649 8597
9650 8377
9651 8358
9653 8160
9654 8161
9655 8276
9658 8173
9660 8756
9662 8685
9663 8565
9664 8033
9666 8144
9668 8094
9669 8866
9671 8571
9674 8856
9675 8577
9676 8355
9677 8084
9679 8064
9682 8342
9683 8070
9684 8227
9685 8857
9688 8069
9689 8917
9690 8701
9691 8658
9695 8881
9696 8534
9697 8002
9699 8803
9700 8299
9701 8852
9703 8895
9705 8356
9707 8252
9708 8276
9710 8734
9711 8552
9712 8847
9713 8571
9714 8128
9715 8623
9717 8525
9719 8905
9720 8616
9722 8794
9723 8340
9725 8561
9726 8009
9729 8518
9732 8028
9734 8200
9736 8407
9737 8617
9738 8689
9744 8206
9745 8419
9746 8377
9747 8134
9750 8689
9751 8692
9754 8170
9755 8304
9756 8990
9757 8632
9758 8492
9759 8863
9762 8746
9763 8916
9765 8932
9768 8514
9771 8701
9772 8304
9773 8385
9774 8867
9777 8792
9779 8031
9781 8887
9783 8105
9784 8706
9785 8570
9786 8111
9787 8884
9790 8979
9791 8680
9792 8677
9794 8203
9795 8140
9798 8688
9799 8983
9800 8602
9801 8383
9802 8336
9804 8276
9805 8084
9807 8896
9812 8634
9815 8878
9816 8743
9817 8906
9818 8058
9820 8301
9821 8287
9823 8670
9826 8472
9829 8317
9830 8103
9831 8464
9832 8403
9835 8518
9837 8100
9838 8966
9839 8304
9840 8708
9842 8438
9843 8159
9844 8287
9846 8042
9847 8578
9851 8663
9852 8671
9853 8833
9855 8358
9856 8878
9857 8625
9858 8266
9859 8739
9860 8920
9861 8624
9862 8262
9863 8692
9864 8268
9865 8689
9866 8263
9867 8187
9868 8490
9870 8799
9872 8508
9873 8415
9877 8281
9878 8366
9881 8171
9885 8904
9886 8475
9889 8229
9890 8390
9891 8506
9892 8002
9894 8409
9895 8739
9897 8910
9898 8585
9899 8860
9901 8968
9903 8399
9904 8546
9905 8740
9907 8905
9908 8739
9909 8161
9911 8349
9912 8740
9913 8076
9914 8814
9915 8544
9916 8366
9918 8525
9919 8106
9921 8978
9922 8984
9925 8432
9926 8916
9927 8722
9930 8572
9931 8323
9933 8622
9935 8844
9936 8694
9937 8879
9940 8273
9941 8911
9942 8649
9944 8216
9946 8848
9947 8703
9950 8071
9953 8627
9954 8842
9957 8186
9958 8954
9962 8229
9964 8901
9968 8843
9969 8193
9970 8153
9971 8725
9972 8188
9974 8199
9976 8807
9977 8784
9979 8605
9981 8984
9983 8820
9984 8260
9985 8406
9987 8779
9988 8917
9989 8173
9990 8692
9994 8485
9995 8622
9997 8614
9999 8553
8193 7300
8194 7506
8196 7031
8197 7600
8199 7426
8200 7417
8202 7949
8203 7674
8204 7640
8205 7945
8206 7179
8212 7686
8214 7573
8216 7766
8219 7684
8224 7824
8225 7333
8226 7101
8227 7935
8228 7740
8229 7468
8231 7170
8236 7028
8237 7767
8238 7110
8240 7825
8244 7391
8245 7216
8248 7823
8250 7216
8252 7290
8253 7757
8260 7499
8261 7034
8262 7693
8263 7570
8266 7152
8268 7027
8273 7232
8274 7453
8275 7090
8276 7305
8281 7212
8285 7889
8287 7406
8290 7502
8293 7963
8294 7988
8295 7131
8297 7391
8299 7701
8300 7595
8301 7412
8302 7291
8304 7025
8307 7864
8309 7200
8311 7850
8317 7852
8319 7184
8322 7828
8323 7895
8327 7611
8332 7089
8333 7671
8336 7625
8337 7485
8340 7464
8341 7510
8342 7135
8346 7834
8348 7154
8349 7770
8354 7017
8355 7184
8356 7999
8358 7374
8359 7983
8365 7915
8366 7498
8367 7860
8370 7738
8376 7543
8377 7410
8378 7522
8379 7096
8381 7255
8383 7062
8384 7070
8385 7576
8390 7445
8391 7026
8395 7735
8396 7084
8399 7402
8403 7759
8406 7874
8407 7034
8409 7471
8410 7742
8413 7609
8415 7217
8419 7600
8423 7927
8427 7860
8429 7243
8430 7785
8431 7123
8432 7035
8434 7653
8438 7020
8440 7327
8445 7442
8446 7107
8447 7371
8452 7657
8453 7172
8456 7479
8460 7261
8461 7964
8464 7965
8465 7725
8470 7022
8472 7459
8475 7232
8476 7455
8477 7181
8479 7045
8484 7813
8485 7312
8487 7362
8489 7521
8490 7509
8491 7899
8492 7792
8494 7040
8495 7585
8496 7508
8498 7741
8499 7758
8501 7994
8504 7632
8505 7840
8506 7872
8508 7938
8513 7896
8514 7434
8518 7111
8521 7672
8525 7464
8526 7633
8533 7505
8534 7706
8536 7874
8540 7208
8544 7749
8546 7537
8552 7765
8553 7396
8557 7043
8558 7928
8559 7385
8561 7964
8563 7937
8564 7489
8565 7209
8569 7998
8570 7889
8571 7671
8572 7850
8575 7962
8577 7847
8578 7834
8581 7195
8585 7082
8589 7567
8593 7025
8595 7270
8597 7567
8599 7060
8602 7891
8604 7787
8605 7115
8608 7961
8610 7341
8614 7471
8616 7259
8617 7065
8621 7767
8622 7116
8623 7844
8624 7758
8625 7040
8626 7095
8627 7364
8628 7133
8629 7921
8632 7265
8634 7829
8639 7672
8642 7386
8643 7103
8644 7112
8646 7782
8647 7789
8648 7566
8649 7054
8652 7354
8657 7150
8658 7205
8663 7023
8665 7594
8669 7682
8670 7005
8671 7119
8672 7806
8673 7171
8676 7923
8677 7324
8678 7793
8679 7309
8680 7759
8682 7368
8685 7873
8688 7308
8689 7279
8692 7817
8694 7260
8701 7576
8703 7706
8706 7868
8708 7277
8709 7869
8711 7943
8715 7417
8722 7718
8725 7157
8731 7527
8734 7837
8736 7348
8737 7497
8738 7959
8739 7680
8740 7714
8741 7636
8742 7341
8743 7785
8744 7255
8746 7376
8747 7356
8749 7953
8750 7381
8756 7767
8759 7934
8764 7668
8767 7875
8769 7673
8770 7739
8771 7693
8774 7447
8779 7627
8782 7685
8784 7474
8790 7261
8792 7596
8794 7733
8795 7903
8798 7447
8799 7344
8800 7284
8801 7335
8802 7068
8803 7699
8804 7996
8807 7164
8809 7267
8811 7744
8814 7260
8815 7390
8816 7763
8817 7196
8820 7674
8822 7426
8824 7203
8827 7645
8829 7671
8830 7474
8833 7355
8836 7411
8837 7956
8840 7998
8841 7156
8842 7632
8843 7753
8844 7990
8845 7265
8847 7398
8848 7503
8849 7607
8850 7249
8852 7832
8855 7771
8856 7324
8857 7150
8860 7273
8863 7246
8866 7813
8867 7945
8869 7263
8870 7344
8871 7959
8872 7032
8874 7158
8878 7222
8879 7856
8881 7845
8884 7744
8886 7040
8887 7172
8890 7129
8894 7534
8895 7910
8896 7375
8897 7792
8898 7388
8899 7908
8901 7048
8904 7166
8905 7702
8906 7645
8910 7222
8911 7310
8913 7243
8914 7930
8916 7598
8917 7731
8918 7136
8920 7593
8922 7671
8923 7026
8925 7781
8932 7372
8933 7279
8934 7627
8935 7265
8938 7815
8942 7917
8946 7222
8951 7205
8953 7802
8954 7770
8955 7759
8959 7125
8961 7171
8966 7157
8968 7055
8969 7972
8971 7961
8976 7847
8977 7418
8978 7986
8979 7094
8983 7507
8984 7797
8986 7096
8987 7747
8990 7562
8992 7614
8998 7763
8002 7604
8004 7380
8005 7749
8006 7100
8008 7392
8009 7741
8010 7717
8022 7341
8023 7691
8026 7784
8028 7887
8030 7724
8031 7422
8033 7645
8034 7602
8041 7468
8042 7134
8044 7691
8048 7146
8049 7794
8052 7934
8053 7964
8054 7961
8058 7182
8062 7252
8063 7952
8064 7716
8069 7781
8070 7235
8071 7631
8072 7231
8076 7736
8079 7226
8081 7645
8082 7264
8084 7237
8085 7988
8086 7054
8088 7867
8090 7752
8094 7727
8100 7934
8103 7834
8105 7654
8106 7652
8111 7665
8114 7503
8121 7057
8122 7453
8124 7448
8125 7492
8126 7337
8128 7636
8129 7034
8130 7694
8132 7032
8134 7213
8136 7145
8137 7036
8138 7537
8139 7270
8140 7147
8143 7162
8144 7559
8146 7149
8149 7190
8150 7918
8153 7845
8155 7659
8159 7264
8160 7688
8161 7580
8163 7631
8165 7519
8170 7019
8171 7041
8173 7939
8176 7343
8178 7856
8182 7906
8186 7850
8187 7124
8188 7975
8190 7356
7005 6696
7017 6133
7019 6451
7020 6338
7022 6443
7023 6396
7025 6629
7026 6375
7027 6963
7028 6971
7031 6808
7032 6076
7034 6720
7035 6796
7036 6399
7040 6793
7041 6708
7043 6148
7045 6651
7048 6950
7054 6109
7055 6060
7057 6211
7060 6276
7062 6748
7065 6021
7068 6689
7070 6495
7082 6826
7084 6873
7089 6349
7090 6335
7094 6204
7095 6261
7096 6579
7100 6965
7101 6882
7103 6607
7107 6132
7110 6360
7111 6583
7112 6363
7115 6548
7116 6961
7119 6780
7123 6329
7124 6225
7125 6907
7129 6823
7131 6035
7133 6848
7134 6267
7135 6123
7136 6132
7145 6370
7146 6530
7147 6554
7149 6468
7150 6176
7152 6949
7154 6055
7156 6346
7157 6714
7158 6671
7162 6123
7164 6280
7166 6852
7170 6805
7171 6112
7172 6089
7179 6529
7181 6008
7182 6595
7184 6064
7190 6075
7195 6086
7196 6681
7200 6064
7203 6160
7205 6853
7208 6930
7209 6569
7212 6876
7213 6353
7216 6095
7217 6703
7222 6666
7226 6911
7231 6877
7232 6046
7235 6325
7237 6423
7243 6036
7246 6843
7249 6302
7252 6716
7255 6040
7259 6371
7260 6592
7261 6113
7263 6472
7264 6024
7265 6328
7267 6341
7270 6532
7273 6208
7277 6160
7279 6924
7284 6209
7290 6439
7291 6493
7300 6952
7305 6607
7308 6441
7309 6627
7310 6423
7312 6738
7324 6193
7327 6331
7333 6171
7335 6390
7337 6146
7341 6909
7343 6483
7344 6621
7348 6169
7354 6714
7355 6731
7356 6946
7362 6289
7364 6209
7368 6307
7371 6057
7372 6647
7374 6096
7375 6749
7376 6490
7380 6167
7381 6697
7385 6507
7386 6126
7388 6478
7390 6043
7391 6483
7392 6108
7396 6402
7398 6868
7402 6487
7406 6574
7410 6010
7411 6866
7412 6638
7417 6068
7418 6321
7422 6713
7426 6338
7434 6151
7442 6551
7445 6262
7447 6034
7448 6535
7453 6371
7455 6240
7459 6149
7464 6756
7468 6166
7471 6087
7474 6312
7479 6223
7485 6941
7489 6039
7492 6072
7497 6060
7498 6401
7499 6863
7502 6911
7503 6199
7505 6641
7506 6246
7507 6028
7508 6611
7509 6687
7510 6682
7519 6433
7521 6917
7522 6888
7527 6535
7534 6833
7537 6102
7543 6460
7559 6753
7562 6656
7566 6651
7567 6021
7570 6981
7573 6721
7576 6375
7580 6318
7585 6945
7593 6551
7594 6258
7595 6161
7596 6204
7598 6504
7600 6089
7602 6684
7604 6899
7607 6433
7609 6482
7611 6297
7614 6351
7625 6629
7627 6467
7631 6617
7632 6600
7633 6234
7636 6268
7640 6357
7645 6453
7652 6619
7653 6209
7654 6533
7657 6503
7659 6232
7665 6040
7668 6881
7671 6647
7672 6103
7673 6350
7674 6524
7680 6087
7682 6608
7684 6338
7685 6603
7686 6512
7688 6220
7691 6647
7693 6650
7694 6119
7699 6700
7701 6657
7702 6538
7706 6780
7714 6617
7716 6279
7717 6179
7718 6523
7724 6643
7725 6519
7727 6206
7731 6323
7733 6004
7735 6570
7736 6841
7738 6601
7739 6500
7740 6348
7741 6315
7742 6844
7744 6821
7747 6713
7749 6458
7752 6470
7753 6379
7757 6799
7758 6122
7759 6313
7763 6720
7765 6544
7766 6607
7767 6753
7770 6869
7771 6571
7781 6719
7782 6116
7784 6183
7785 6402
7787 6118
7789 6546
7792 6097
7793 6827
7794 6712
7797 6539
7802 6681
7806 6388
7813 6131
7815 6730
7817 6355
7823 6788
7824 6039
7825 6671
7828 6793
7829 6687
7832 6251
7834 6671
7837 6749
7840 6179
7844 6901
7845 6020
7847 6813
7850 6652
7852 6102
7856 6153
7860 6307
7864 6487
7867 6332
7868 6012
7869 6322
7872 6334
7873 6048
7874 6863
7875 6108
7887 6140
7889 6842
7891 6085
7895 6435
7896 6394
7899 6083
7903 6950
7906 6166
7908 6982
7910 6438
7915 6439
7917 6782
7918 6147
7921 6813
7923 6563
7927 6680
7928 6484
7930 6913
7934 6297
7935 6924
7937 6990
7938 6751
7939 6377
7943 6754
7945 6657
7949 6845
7952 6440
7953 6194
7956 6853
7959 6723
7961 6153
7962 6803
7963 6885
7964 6350
7965 6963
7972 6974
7975 6203
7983 6720
7986 6165
7988 6156
7990 6636
7994 6274
7996 6177
7998 6493
7999 6207
6656 5092
6657 5625
6146 5371
6147 5711
6148 5204
6149 5922
6151 5382
6153 5882
6666 5501
6156 5680
6671 5362
6160 5407
6161 5502
6165 5006
6166 5422
6167 5065
6680 5359
6681 5629
6169 5098
6171 5228
6682 5690
6684 5835
6687 5839
6176 5035
6689 5733
6177 5071
6179 5308
6183 5795
6696 5785
6697 5110
6700 5427
6703 5956
6193 5156
6194 5643
6708 5844
6199 5004
6712 5671
6713 5491
6714 5307
6203 5610
6204 5291
6716 5485
6206 5933
6719 5714
6720 5150
6208 5381
6209 5870
6211 5251
6721 5797
6723 5871
6207 5706
6730 5322
6731 5839
6220 5397
6223 5541
6225 5938
6738 5483
6232 5370
6234 5010
6748 5498
6749 5713
6751 5408
6240 5685
6753 5418
6754 5889
6756 5084
6246 5077
6251 5302
6258 5626
6261 5397
6262 5186
6267 5425
6780 5815
6268 5789
6782 5305
6274 5194
6276 5241
6788 5587
6279 5011
6280 5887
6793 5990
6845 5194
6796 5304
6799 5045
6289 5445
6803 5936
6805 5127
6808 5940
6297 5304
6813 5765
6302 5554
6307 5796
6821 5249
6823 5561
6312 5970
6313 5883
6826 5467
6315 5076
6827 5884
6140 5279
6318 5667
6321 5846
6833 5696
6323 5488
6322 5475
6325 5142
6328 5822
6329 5477
6841 5242
6843 5427
6331 5220
6844 5103
6332 5108
6335 5441
6848 5157
6334 5465
6338 5967
6842 5934
6852 5770
6853 5990
6341 5154
6346 5393
6348 5610
6349 5271
6350 5829
6863 5393
6351 5229
6353 5888
6866 5073
6355 5163
6868 5010
6357 5553
6869 5565
6360 5082
6873 5282
6363 5598
6876 5486
6877 5965
6881 5206
6882 5232
6370 5633
6371 5257
6885 5249
6375 5713
6888 5814
6377 5917
6379 5995
6899 5958
6388 5311
6901 5578
6390 5106
6394 5531
6907 5755
6396 5987
6909 5023
6399 5102
6911 5337
6401 5400
6402 5586
6913 5496
6917 5184
6924 5589
6930 5503
6423 5050
6941 5745
6433 5438
6946 5449
6945 5608
6435 5384
6949 5833
6950 5968
6439 5777
6952 5634
6441 5028
6438 5956
6443 5526
6440 5666
6961 5623
6451 5899
6963 5344
6965 5028
6453 5426
6458 5176
6971 5322
6460 5763
6974 5008
6467 5079
6468 5397
6981 5626
6470 5728
6982 5824
6472 5210
6478 5676
6990 5244
6482 5031
6483 5153
6484 5516
6487 5087
6490 5304
6493 5298
6495 5208
6500 5059
6503 5604
6504 5603
6507 5634
6512 5345
6004 5554
6519 5045
6008 5997
6010 5580
6523 5665
6524 5592
6012 5502
6529 5166
6530 5883
6532 5668
6021 5608
6533 5130
6535 5164
6024 5372
6020 5250
6538 5061
6539 5468
6028 5516
6544 5924
6034 5330
6035 5182
6548 5416
6036 5249
6546 5410
6551 5638
6040 5501
6039 5382
6554 5806
6043 5695
6046 5374
6048 5414
6563 5353
6055 5614
6569 5540
6057 5879
6570 5622
6060 5641
6571 5961
6574 5200
6064 5957
6579 5287
6068 5425
6583 5300
6072 5649
6075 5345
6076 5110
6592 5803
6595 5655
6083 5788
6085 5938
6086 5358
6087 5130
6600 5923
6089 5028
6601 5744
6603 5907
6607 5468
6095 5119
6096 5153
6608 5256
6611 5372
6097 5816
6102 5870
6103 5280
6617 5758
6619 5382
6108 5521
6109 5238
6621 5536
6112 5936
6113 5842
6627 5494
6116 5663
6629 5213
6118 5643
6119 5953
6122 5733
6123 5910
6636 5662
6126 5598
6638 5637
6641 5202
6643 5505
6132 5374
6133 5219
6131 5882
6647 5540
6650 5173
6651 5988
6652 5221
5633 4750
5634 4784
5637 4889
5638 4651
5127 4374
5641 4642
5130 4396
5643 4286
5649 4648
5142 4192
5655 4583
5150 4455
5663 4721
5662 4771
5153 4533
5154 4886
5667 4710
5156 4558
5157 4790
5666 4341
5671 4269
5665 4098
5668 4840
5163 4178
5676 4637
5164 4755
5166 4269
5680 4437
5685 4348
5173 4810
5176 4273
5690 4097
5182 4396
5695 4035
5696 4262
5184 4128
5186 4716
5706 4423
5194 4561
5711 4049
5200 4350
5713 4373
5714 4453
5202 4296
5204 4440
5206 4531
5208 4335
5210 4712
5213 4049
5728 4599
5219 4733
5220 4894
5733 4350
5221 4603
5228 4752
5229 4246
5232 4489
5745 4055
5744 4657
5238 4783
5241 4219
5242 4480
5755 4039
5244 4219
5758 4283
5249 4624
5250 4651
5251 4325
5763 4343
5765 4028
5256 4467
5257 4729
5770 4598
5777 4168
5271 4804
5785 4227
5788 4453
5789 4027
5279 4208
5280 4699
5282 4810
5795 4955
5796 4176
5797 4922
5287 4141
5291 4027
5803 4394
5806 4185
5298 4615
5300 4303
5302 4095
5815 4821
5304 4513
5305 4556
5814 4433
5307 4505
5308 4179
5816 4849
5822 4762
5311 4919
5824 4482
5829 4910
5833 4090
5322 4895
5835 4099
5839 4513
5330 4172
5842 4666
5844 4068
5846 4008
5337 4026
5344 4023
5345 4168
5353 4519
5870 4294
5359 4221
5871 4057
5358 4648
5362 4629
5879 4570
5370 4860
5882 4346
5371 4755
5883 4054
5884 4513
5887 4659
5888 4534
5889 4039
5372 4390
5374 4975
5381 4250
5382 4742
5384 4152
5899 4374
5393 4525
5907 4077
5397 4411
5910 4395
5400 4801
5917 4243
5407 4544
5408 4208
5922 4528
5410 4421
5924 4448
5923 4976
5414 4903
5416 4183
5418 4366
5933 4613
5422 4060
5934 4195
5936 4598
5425 4661
5938 4795
5427 4037
5940 4087
5426 4940
5438 4170
5441 4974
5953 4841
5956 4168
5445 4490
5958 4494
5957 4356
5449 4709
5961 4454
5965 4989
5967 4990
5968 4621
5970 4696
5465 4356
5467 4570
5468 4001
5475 4068
5987 4965
5477 4395
5990 4195
5988 4235
5483 4935
5995 4627
5485 4480
5486 4428
5997 4256
5488 4590
5491 4015
5494 4956
5496 4026
5498 4345
5501 4547
5502 4380
5503 4822
5505 4559
5004 4324
5516 4007
5006 4428
5008 4871
5521 4792
5010 4857
5011 4143
5526 4661
5531 4732
5023 4177
5536 4991
5028 4765
5541 4140
5540 4246
5031 4304
5035 4821
5553 4707
5554 4118
5045 4102
5561 4591
5050 4781
5565 4064
5059 4255
5061 4928
5065 4101
5578 4592
5580 4366
5071 4335
5073 4208
5586 4791
5587 4495
5076 4284
5077 4362
5589 4588
5079 4813
5592 4946
5082 4351
5084 4450
5598 4300
5087 4079
5603 4975
5092 4773
5604 4434
5608 4181
5098 4034
5610 4001
5102 4897
5103 4367
5614 4004
5106 4398
5108 4475
5110 4157
5623 4957
5622 4571
5625 4790
5626 4373
5629 4817
5119 4132
4097 3859
4098 3631
4099 3219
4613 3199
4102 3921
4615 3185
4101 3243
4621 3456
4624 3523
4627 3774
4629 3287
4118 3157
4637 3883
4128 3469
4642 3800
4132 3838
4648 3091
4651 3629
4140 3645
4141 3291
4143 3642
4657 3183
4659 3989
4661 3444
4152 3477
4666 3193
4157 3993
4168 3829
4170 3917
4172 3916
4176 3960
4177 3439
4178 3101
4179 3607
4087 3146
4181 3919
4183 3803
4696 3826
4185 3700
4699 3217
4192 3461
4195 3952
4707 3187
4709 3498
4710 3674
4712 3349
4716 3217
4208 3761
4721 3522
4729 3676
4219 3375
4732 3192
4733 3703
4221 3622
4227 3017
4742 3282
4235 3562
4750 3236
4752 3011
4755 3144
4243 3403
4246 3235
4762 3728
4250 3317
4765 3299
4255 3007
4256 3239
4771 3485
4773 3865
4262 3465
4269 3231
4781 3351
4783 3461
4784 3342
4273 3406
4790 3697
4791 3746
4792 3341
4283 3391
4795 3503
4284 3017
4286 3330
4801 3834
4804 3444
4294 3546
4296 3012
4810 3335
4300 3766
4813 3473
4303 3555
4304 3324
4817 3681
4821 3008
4822 3535
4324 3815
4325 3127
4840 3202
4841 3536
4335 3152
4849 3521
4341 3171
4343 3563
4345 3404
4346 3281
4857 3297
4348 3997
4860 3399
4350 3481
4351 3178
4356 3115
4871 3817
4362 3705
4366 3212
4367 3153
4373 3661
4374 3053
4886 3913
4889 3553
4380 3984
4894 3278
4895 3834
4897 3387
4390 3831
4903 3266
4394 3530
4395 3173
4396 3419
4910 3104
4398 3463
4919 3545
4922 3197
4411 3974
4928 3840
4421 3201
4423 3841
4935 3991
4940 3837
4428 3979
4433 3631
4946 3464
4434 3322
4437 3628
4440 3599
4955 3496
4956 3111
4957 3109
4448 3984
4450 3218
4453 3637
4454 3065
4455 3335
4965 3486
4974 3356
4975 3874
4976 3437
4467 3921
4475 3235
4989 3066
4990 3700
4991 3562
4480 3978
4482 3837
4489 3825
4490 3903
4494 3550
4495 3165
4505 3004
4513 3721
4001 3234
4004 3253
4519 3928
4008 3726
4007 3990
4525 3139
4015 3535
4528 3812
4531 3662
4533 3057
4534 3862
4023 3985
4026 3136
4027 3618
4028 3211
4544 3308
4034 3643
4035 3374
4547 3087
4037 3317
4039 3046
4556 3318
4558 3158
4559 3191
4561 3880
4049 3957
4054 3699
4055 3820
4057 3621
4570 3282
4571 3099
4060 3977
4064 3830
4068 3836
4583 3810
4588 3008
4077 3521
4590 3320
4591 3060
4592 3017
4079 3715
4598 3542
4599 3877
4090 3402
4603 3468
4095 3713
3599 2081
3087 2583
3091 2296
3607 2499
3099 2614
3101 2204
3104 2770
3618 2344
3109 2598
3622 2998
3111 2761
3621 2160
3115 2038
3628 2107
3629 2216
3631 2445
3637 2844
3127 2841
3642 2445
3643 2214
3645 2871
3136 2290
3139 2595
3144 2624
3146 2264
3661 2710
3662 2419
3152 2728
3153 2130
3157 2527
3158 2086
3674 2309
3676 2018
3165 2299
3681 2842
3171 2359
3173 2351
3178 2889
3183 2886
3697 2779
3185 2379
3187 2877
3700 2137
3699 2548
3703 2615
3192 2670
3193 2426
3705 2220
3191 2664
3197 2796
3199 2460
3201 2067
3202 2241
3715 2479
3713 2466
3721 2979
3211 2855
3212 2185
3726 2516
3728 2139
3217 2651
3218 2828
3219 2582
3231 2575
3746 2200
3235 2462
3236 2040
3234 2188
3239 2624
3243 2447
3761 2390
3253 2746
3766 2269
3774 2894
3266 2200
3278 2447
3281 2765
3282 2791
3287 2504
3800 2614
3291 2511
3803 2259
3297 2786
3810 2317
3299 2805
3812 2863
3815 2006
3817 2821
3308 2054
3820 2097
3825 2090
3826 2648
3829 2343
3317 2150
3831 2444
3318 2858
3830 2598
3834 2049
3322 2318
3324 2116
3837 2519
3838 2668
3836 2473
3840 2231
3841 2646
3330 2082
3335 2392
3341 2583
3342 2500
3859 2107
3349 2698
3862 2605
3351 2424
3865 2556
3356 2406
3874 2264
3877 2556
3880 2857
3883 2039
3374 2731
3375 2831
3387 2854
3391 2782
3903 2247
3320 2363
3399 2568
3913 2985
3402 2168
3403 2102
3916 2521
3917 2637
3406 2167
3919 2594
3404 2691
3921 2686
3928 2366
3419 2911
3437 2038
3439 2575
3952 2127
3444 2653
3957 2239
3960 2412
3456 2241
3461 2065
3974 2777
3463 2913
3464 2869
3465 2964
3978 2560
3979 2088
3977 2183
3469 2777
3468 2347
3984 2561
3473 2920
3985 2913
3989 2161
3477 2787
3991 2820
3990 2532
3993 2649
3481 2736
3485 2678
3997 2455
3486 2750
3496 2173
3498 2915
3503 2678
3004 2684
3007 2645
3008 2199
3521 2575
3522 2257
3523 2578
3011 2959
3012 2261
3017 2047
3530 2404
3535 2642
3536 2201
3542 2936
3545 2295
3546 2747
3550 2193
3553 2157
3555 2569
3046 2093
3562 2216
3563 2085
3053 2038
3057 2706
3060 2571
3065 2508
3066 2397
2560 1941
2049 1791
2561 1011
2054 1118
2568 1764
2569 1328
2571 1893
2575 1784
2065 1575
2578 1411
2067 1855
2582 1836
2583 1945
2081 1171
2082 1595
2595 1119
2594 1588
2085 1010
2598 1303
2086 1491
2088 1025
2090 1303
2605 1501
2093 1288
2097 1254
2614 1608
2615 1229
2102 1373
2107 1859
2624 1790
2116 1684
2637 1552
2127 1789
2130 1016
2642 1084
2645 1661
2646 1849
2648 1567
2137 1753
2649 1872
2139 1102
2651 1776
2653 1571
2150 1231
2664 1300
2668 1759
2157 1640
2670 1854
2160 1325
2161 1308
2678 1246
2167 1184
2168 1411
2684 1512
2173 1194
2686 1102
2691 1606
2183 1286
2185 1802
2698 1574
2188 1643
2193 1043
2706 1253
2710 1731
2199 1516
2200 1681
2201 1852
2204 1717
2214 1567
2216 1488
2728 1520
2731 1508
2220 1218
2736 1719
2231 1644
2746 1402
2747 1333
2750 1547
2239 1921
2241 1615
2247 1969
2761 1930
2765 1572
2257 1945
2770 1653
2259 1787
2261 1841
2264 1489
2777 1691
2779 1292
2269 1662
2782 1059
2786 1144
2787 1196
2791 1374
2796 1968
2290 1979
2805 1018
2295 1987
2296 1720
2299 1786
2820 1031
2309 1371
2821 1393
2828 1195
2317 1215
2318 1436
2831 1697
2841 1064
2842 1455
2844 1458
2854 1375
2855 1287
2344 1968
2343 1436
2858 1768
2857 1464
2347 1635
2351 1730
2863 1240
2869 1038
2871 1503
2359 1076
2363 1627
2877 1460
2366 1803
2886 1456
2889 1951
2379 1942
2894 1607
2390 1616
2392 1183
2397 1044
2911 1443
2913 1022
2915 1742
2404 1905
2406 1074
2920 1497
2412 1638
2419 1288
2424 1505
2936 1519
2426 1709
2444 1005
2445 1462
2447 1541
2959 1515
2964 1652
2455 1542
2460 1398
2462 1357
2466 1187
2979 1340
2473 1738
2985 1826
2479 1114
2998 1816
2499 1534
2500 1884
2504 1989
2508 1794
2511 1270
2516 1483
2006 1479
2519 1810
2521 1586
2527 1203
2018 1326
2532 1152
2548 1414
2038 1107
2039 1486
2040 1906
2556 1384
2047 1114
1025 915
1541 38
1542 10
1031 502
1547 127
1038 279
1552 290
1043 7
1044 517
1567 90
1571 701
1572 600
1059 825
1574 148
1575 664
1064 192
1534 444
1074 90
1586 397
1588 109
1076 83
1595 915
1084 948
1606 647
1607 894
1608 849
1102 749
1615 218
1616 458
1107 568
1114 669
1627 896
1118 124
1119 367
1635 435
1638 272
1640 28
1643 952
1644 578
1652 404
1653 688
1144 851
1661 547
1662 378
1152 550
1681 608
1171 801
1684 31
1691 763
1183 323
1184 755
1697 358
1187 942
1194 235
1195 162
1196 416
1709 509
1203 897
1717 654
1719 942
1720 549
1215 687
1218 328
1731 33
1730 970
1738 416
1229 818
1742 667
1231 975
1240 475
1753 991
1246 862
1759 855
1764 27
1253 421
1254 759
1768 234
1776 484
1270 808
1784 499
1786 557
1787 197
1789 99
1790 669
1791 203
1794 522
1286 418
1287 351
1288 891
1802 583
1803 659
1292 795
1810 685
1300 632
1303 491
1816 66
1308 866
1826 934
1836 206
1325 657
1326 895
1328 29
1841 26
1333 528
1849 771
1852 419
1340 232
1854 28
1855 472
1859 168
1357 315
1872 800
1371 690
1884 504
1373 816
1374 957
1375 958
1893 785
1384 524
1393 805
1905 647
1906 897
1398 145
1402 486
1921 24
1411 628
1414 803
1930 375
1941 477
1942 388
1945 277
1436 93
1951 400
1443 61
1455 10
1968 931
1969 4
1458 436
1456 621
1460 423
1462 665
1464 67
1979 203
1987 993
1989 326
1479 989
1483 181
1486 71
1488 322
1489 77
1491 390
1497 749
1501 20
1503 560
1505 24
1508 699
1512 36
1515 73
1516 245
1005 744
1519 604
1520 87
1010 467
1011 309
1016 761
1018 749
1022 952
