10240 9915
10241 9319
10242 9465
10243 9719
10244 9280
10245 9333
10246 9822
10247 9736
10248 9306
10249 9059
10250 9438
10251 9608
10252 9392
10253 9995
10254 9160
10255 9723
10256 9676
10257 9946
10258 9549
10259 9934
10260 9663
10261 9395
10262 9420
10263 9479
10264 9547
10265 9385
10266 9186
10267 9573
10268 9564
10269 9922
10270 9701
10271 9106
10272 9816
10273 9194
10274 9113
10275 9020
10276 9136
10277 9620
10278 9587
10279 9526
10280 9379
10281 9013
10282 9832
10283 9061
10284 9684
10285 9669
10286 9907
10287 9933
10288 9334
10289 9131
10290 9393
10291 9941
10292 9683
10293 9429
10294 9995
10295 9221
10296 9176
10297 9343
10298 9926
10299 9029
10300 9916
10301 9744
10302 9205
10303 9338
10304 9393
10305 9119
10306 9814
10307 9236
10308 9340
10309 9550
10310 9072
10311 9118
10312 9017
10313 9226
10314 9056
10315 9442
10316 9329
10317 9370
10318 9901
10319 9036
10320 9553
10321 9242
10322 9667
10323 9104
10324 9219
10325 9776
10326 9432
10327 9105
10328 9026
10329 9823
10330 9238
10331 9483
10332 9662
10333 9990
10334 9097
10335 9580
10336 9856
10337 9401
10338 9054
10339 9203
10340 9363
10341 9863
10342 9854
10343 9355
10344 9738
10345 9063
10346 9648
10347 9614
10348 9913
10349 9793
10350 9784
10351 9085
10352 9415
10353 9646
10354 9400
10355 9820
10356 9580
10357 9320
10358 9521
10359 9584
10360 9630
10361 9265
10362 9629
10363 9218
10364 9114
10365 9905
10366 9410
10367 9294
10368 9684
10369 9977
10370 9723
10371 9285
10372 9288
10373 9689
10374 9735
10375 9507
10376 9271
10377 9303
10378 9563
10379 9847
10380 9423
10381 9428
10382 9393
10383 9792
10384 9192
10385 9377
10386 9071
10387 9270
10388 9405
10389 9564
10390 9088
10391 9442
10392 9697
10393 9420
10394 9209
10395 9816
10396 9794
10397 9318
10398 9045
10399 9813
10400 9411
10401 9913
10402 9097
10403 9205
10404 9444
10405 9655
10406 9707
10407 9863
10408 9222
10409 9877
10410 9646
10411 9559
10412 9183
10413 9401
10414 9737
10415 9492
10416 9558
10417 9041
10418 9272
10419 9382
10420 9946
10421 9007
10422 9953
10423 9237
10424 9100
10425 9159
10426 9617
10427 9188
10428 9623
10429 9437
10430 9021
10431 9197
10432 9529
10433 9912
10434 9127
10435 9953
10436 9212
10437 9445
10438 9209
10439 9366
10440 9866
10441 9358
10442 9770
10443 9913
10444 9108
10445 9260
10446 9102
10447 9694
10448 9181
10449 9476
10450 9066
10451 9396
10452 9924
10453 9778
10454 9850
10455 9314
10456 9502
10457 9287
10458 9684
10459 9395
10460 9945
10461 9162
10462 9029
10463 9420
10464 9273
10465 9459
10466 9545
10467 9088
10468 9037
10469 9702
10470 9988
10471 9103
10472 9654
10473 9143
10474 9794
10475 9987
10476 9595
10477 9574
10478 9302
10479 9479
10480 9968
10481 9451
10482 9691
10483 9026
10484 9558
10485 9398
10486 9894
10487 9554
10488 9033
10489 9240
10490 9335
10491 9281
10492 9650
10493 9650
10494 9723
10495 9651
10496 9134
10497 9150
10498 9863
10499 9710
10500 9041
10501 9172
10502 9728
10503 9891
10504 9713
10505 9201
10506 9980
10507 9503
10508 9852
10509 9188
10510 9715
10511 9549
10512 9845
10513 9618
10514 9016
10515 9125
10516 9227
10517 9999
10518 9271
10519 9365
10520 9663
10521 9927
10522 9983
10523 9691
10524 9014
10525 9407
10526 9329
10527 9864
10528 9482
10529 9111
10530 9450
10531 9328
10532 9035
10533 9497
10534 9093
10535 9283
10536 9545
10537 9369
10538 9105
10539 9493
10540 9531
10541 9600
10542 9778
10543 9647
10544 9470
10545 9447
10546 9194
10547 9094
10548 9387
10549 9581
10550 9517
10551 9940
10552 9270
10553 9096
10554 9757
10555 9518
10556 9920
10557 9225
10558 9528
10559 9860
10560 9087
10561 9245
10562 9037
10563 9867
10564 9003
10565 9640
10566 9869
10567 9087
10568 9154
10569 9888
10570 9976
10571 9417
10572 9259
10573 9435
10574 9099
10575 9773
10576 9931
10577 9819
10578 9577
10579 9120
10580 9826
10581 9705
10582 9790
10583 9820
10584 9403
10585 9964
10586 9416
10587 9564
10588 9982
10589 9679
10590 9239
10591 9509
10592 9551
10593 9000
10594 9017
10595 9105
10596 9635
10597 9583
10598 9252
10599 9210
10600 9233
10601 9331
10602 9194
10603 9860
10604 9308
10605 9129
10606 9713
10607 9827
10608 9691
10609 9232
10610 9289
10611 9410
10612 9384
10613 9163
10614 9002
10615 9198
10616 9698
10617 9086
10618 9972
10619 9578
10620 9423
10621 9791
10622 9374
10623 9885
10624 9176
10625 9881
10626 9747
10627 9485
10628 9315
10629 9718
10630 9650
10631 9156
10632 9295
10633 9025
10634 9800
10635 9330
10636 9168
10637 9641
10638 9557
10639 9421
10640 9217
10641 9175
10642 9184
10643 9668
10644 9934
10645 9313
10646 9532
10647 9965
10648 9070
10649 9787
10650 9274
10651 9064
10652 9382
10653 9936
10654 9747
10655 9163
10656 9872
10657 9508
10658 9953
10659 9390
10660 9834
10661 9302
10662 9089
10663 9582
10664 9553
10665 9134
10666 9640
10667 9214
10668 9947
10669 9890
10670 9321
10671 9894
10672 9238
10673 9219
10674 9610
10675 9699
10676 9970
10677 9051
10678 9169
10679 9491
10680 9344
10681 9520
10682 9711
10683 9592
10684 9787
10685 9378
10686 9160
10687 9918
10688 9843
10689 9156
10690 9138
10691 9813
10692 9338
10693 9828
10694 9853
10695 9280
10696 9471
10697 9643
10698 9364
10699 9629
10700 9152
10701 9452
10702 9064
10703 9830
10704 9843
10705 9106
10706 9664
10707 9369
10708 9671
10709 9463
10710 9054
10711 9975
10712 9885
10713 9715
10714 9786
10715 9642
10716 9853
10717 9443
10718 9628
10719 9065
10720 9393
10721 9422
10722 9447
10723 9196
10724 9859
10725 9710
10726 9042
10727 9546
10728 9980
10729 9930
10730 9122
10731 9437
10732 9892
10733 9565
10734 9344
10735 9914
10736 9358
10737 9381
10738 9628
10739 9209
10740 9107
10741 9154
10742 9437
10743 9795
10744 9366
10745 9683
10746 9159
10747 9054
10748 9913
10749 9751
10750 9179
10751 9360
10752 9392
10753 9636
10754 9073
10755 9375
10756 9722
10757 9570
10758 9267
10759 9750
10760 9424
10761 9747
10762 9112
10763 9309
10764 9056
10765 9125
10766 9220
10767 9409
10768 9325
10769 9727
10770 9342
10771 9022
10772 9757
10773 9389
10774 9688
10775 9175
10776 9185
10777 9784
10778 9441
10779 9192
10780 9978
10781 9580
10782 9720
10783 9630
10784 9365
10785 9233
10786 9775
10787 9518
10788 9899
10789 9197
10790 9764
10791 9173
10792 9334
10793 9461
10794 9078
10795 9803
10796 9282
10797 9411
10798 9735
10799 9440
10800 9072
10801 9665
10802 9555
10803 9866
10804 9866
10805 9104
10806 9022
10807 9260
10808 9388
10809 9502
10810 9899
10811 9507
10812 9757
10813 9982
10814 9663
10815 9275
10816 9160
10817 9689
10818 9718
10819 9434
10820 9865
10821 9462
10822 9437
10823 9328
10824 9307
10825 9653
10826 9591
10827 9044
10828 9561
10829 9688
10830 9914
10831 9122
10832 9862
10833 9067
10834 9910
10835 9685
10836 9791
10837 9293
10838 9723
10839 9339
10840 9923
10841 9745
10842 9104
10843 9863
10844 9301
10845 9942
10846 9631
10847 9347
10848 9252
10849 9457
10850 9463
10851 9595
10852 9863
10853 9984
10854 9087
10855 9750
10856 9635
10857 9337
10858 9660
10859 9570
10860 9489
10861 9149
10862 9172
10863 9306
10864 9041
10865 9329
10866 9763
10867 9857
10868 9998
10869 9548
10870 9221
10871 9620
10872 9897
10873 9674
10874 9409
10875 9080
10876 9263
10877 9026
10878 9196
10879 9041
10880 9430
10881 9410
10882 9106
10883 9812
10884 9511
10885 9011
10886 9996
10887 9701
10888 9331
10889 9798
10890 9951
10891 9924
10892 9936
10893 9463
10894 9841
10895 9384
10896 9994
10897 9080
10898 9034
10899 9503
10900 9976
10901 9980
10902 9394
10903 9862
10904 9000
10905 9309
10906 9631
10907 9165
10908 9851
10909 9723
10910 9570
10911 9538
10912 9842
10913 9589
10914 9555
10915 9164
10916 9463
10917 9502
10918 9858
10919 9559
10920 9140
10921 9878
10922 9434
10923 9579
10924 9277
10925 9889
10926 9831
10927 9818
10928 9213
10929 9652
10930 9682
10931 9408
10932 9564
10933 9370
10934 9756
10935 9732
10936 9453
10937 9858
10938 9220
10939 9150
10940 9860
10941 9069
10942 9236
10943 9683
10944 9755
10945 9320
10946 9772
10947 9983
10948 9842
10949 9377
10950 9466
10951 9782
10952 9639
10953 9543
10954 9349
10955 9001
10956 9366
10957 9495
10958 9807
10959 9921
10960 9432
10961 9627
10962 9713
10963 9484
10964 9356
10965 9166
10966 9560
10967 9421
10968 9682
10969 9553
10970 9270
10971 9500
10972 9679
10973 9862
10974 9406
10975 9784
10976 9795
10977 9909
10978 9720
10979 9189
10980 9454
10981 9790
10982 9893
10983 9491
10984 9411
10985 9419
10986 9253
10987 9716
10988 9100
10989 9600
10990 9099
10991 9984
10992 9631
10993 9912
10994 9736
10995 9167
10996 9460
10997 9119
10998 9634
10999 9281
10000 9988
10001 9007
10002 9401
10003 9435
10004 9919
10005 9696
10006 9422
10007 9654
10008 9198
10009 9904
10010 9384
10011 9605
10012 9783
10013 9278
10014 9616
10015 9669
10016 9250
10017 9169
10018 9548
10019 9122
10020 9744
10021 9174
10022 9851
10023 9909
10024 9602
10025 9451
10026 9856
10027 9708
10028 9123
10029 9995
10030 9598
10031 9142
10032 9593
10033 9177
10034 9493
10035 9675
10036 9411
10037 9082
10038 9900
10039 9254
10040 9989
10041 9933
10042 9283
10043 9613
10044 9141
10045 9962
10046 9723
10047 9421
10048 9676
10049 9179
10050 9321
10051 9635
10052 9917
10053 9404
10054 9598
10055 9356
10056 9745
10057 9202
10058 9205
10059 9309
10060 9163
10061 9366
10062 9476
10063 9768
10064 9800
10065 9940
10066 9754
10067 9666
10068 9217
10069 9837
10070 9622
10071 9314
10072 9301
10073 9763
10074 9034
10075 9477
10076 9034
10077 9690
10078 9550
10079 9564
10080 9061
10081 9226
10082 9248
10083 9234
10084 9158
10085 9004
10086 9806
10087 9972
10088 9352
10089 9171
10090 9015
10091 9190
10092 9625
10093 9839
10094 9049
10095 9758
10096 9274
10097 9277
10098 9384
10099 9873
10100 9864
10101 9968
10102 9125
10103 9510
10104 9229
10105 9432
10106 9954
10107 9224
10108 9001
10109 9036
10110 9185
10111 9910
10112 9167
10113 9931
10114 9662
10115 9903
10116 9410
10117 9338
10118 9654
10119 9199
10120 9860
10121 9250
10122 9799
10123 9846
10124 9835
10125 9041
10126 9164
10127 9424
10128 9397
10129 9251
10130 9188
10131 9007
10132 9281
10133 9624
10134 9241
10135 9024
10136 9529
10137 9625
10138 9724
10139 9024
10140 9109
10141 9958
10142 9424
10143 9831
10144 9947
10145 9589
10146 9759
10147 9223
10148 9499
10149 9411
10150 9736
10151 9511
10152 9612
10153 9028
10154 9653
10155 9429
10156 9516
10157 9617
10158 9621
10159 9508
10160 9611
10161 9377
10162 9069
10163 9814
10164 9222
10165 9332
10166 9136
10167 9595
10168 9273
10169 9543
10170 9428
10171 9460
10172 9771
10173 9078
10174 9529
10175 9504
10176 9232
10177 9288
10178 9095
10179 9163
10180 9056
10181 9851
10182 9047
10183 9332
10184 9150
10185 9689
10186 9659
10187 9313
10188 9684
10189 9389
10190 9846
10191 9436
10192 9573
10193 9148
10194 9668
10195 9492
10196 9582
10197 9192
10198 9577
10199 9446
10200 9157
10201 9258
10202 9527
10203 9150
10204 9587
10205 9159
10206 9947
10207 9870
10208 9698
10209 9176
10210 9459
10211 9599
10212 9230
10213 9472
10214 9458
10215 9751
10216 9033
10217 9562
10218 9957
10219 9591
10220 9715
10221 9818
10222 9805
10223 9839
10224 9303
10225 9781
10226 9799
10227 9801
10228 9971
10229 9886
10230 9798
10231 9196
10232 9401
10233 9805
10234 9317
10235 9653
10236 9025
10237 9098
10238 9232
10239 9273
9000 8381
9001 8914
9002 8124
9003 8498
9004 8077
9007 8677
9011 8603
9013 8830
9014 8673
9015 8960
9016 8565
9017 8759
9020 8840
9021 8161
9022 8756
9024 8652
9025 8177
9026 8790
9028 8530
9029 8035
9033 8977
9034 8030
9035 8627
9036 8426
9037 8244
9041 8473
9042 8907
9044 8379
9045 8825
9047 8715
9049 8805
9051 8933
9054 8070
9056 8055
9059 8722
9061 8285
9063 8904
9064 8073
9065 8149
9066 8643
9067 8770
9069 8655
9070 8925
9071 8295
9072 8194
9073 8647
9078 8219
9080 8407
9082 8192
9085 8869
9086 8138
9087 8611
9088 8447
9089 8872
9093 8558
9094 8599
9095 8027
9096 8512
9097 8910
9098 8250
9099 8987
9100 8166
9102 8384
9103 8250
9104 8643
9105 8355
9106 8849
9107 8349
9108 8205
9109 8048
9111 8488
9112 8367
9113 8971
9114 8265
9118 8205
9119 8383
9120 8947
9122 8191
9123 8728
9125 8137
9127 8808
9129 8860
9131 8921
9134 8486
9136 8609
9138 8129
9140 8904
9141 8836
9142 8865
9143 8446
9148 8225
9149 8361
9150 8748
9152 8896
9154 8703
9156 8861
9157 8935
9158 8202
9159 8139
9160 8124
9162 8337
9163 8970
9164 8831
9165 8188
9166 8959
9167 8164
9168 8837
9169 8849
9171 8189
9172 8794
9173 8358
9174 8569
9175 8274
9176 8912
9177 8052
9179 8428
9181 8384
9183 8322
9184 8009
9185 8979
9186 8195
9188 8323
9189 8665
9190 8893
9192 8736
9194 8737
9196 8801
9197 8431
9198 8672
9199 8228
9201 8785
9202 8221
9203 8377
9205 8138
9209 8770
9210 8842
9212 8771
9213 8286
9214 8897
9217 8505
9218 8431
9219 8530
9220 8645
9221 8824
9222 8296
9223 8484
9224 8665
9225 8135
9226 8139
9227 8919
9229 8656
9230 8040
9232 8848
9233 8085
9234 8893
9236 8519
9237 8679
9238 8318
9239 8453
9240 8629
9241 8079
9242 8532
9245 8816
9248 8431
9250 8679
9251 8301
9252 8006
9253 8708
9254 8542
9258 8249
9259 8798
9260 8708
9263 8560
9265 8444
9267 8140
9270 8621
9271 8354
9272 8376
9273 8252
9274 8747
9275 8441
9277 8807
9278 8391
9280 8851
9281 8649
9282 8976
9283 8215
9285 8970
9287 8413
9288 8922
9289 8499
9293 8951
9294 8736
9295 8083
9301 8558
9302 8079
9303 8407
9306 8874
9307 8236
9308 8399
9309 8765
9313 8908
9314 8300
9315 8966
9317 8520
9318 8673
9319 8629
9320 8751
9321 8407
9325 8574
9328 8457
9329 8089
9330 8103
9331 8225
9332 8782
9333 8052
9334 8476
9335 8923
9337 8778
9338 8741
9339 8207
9340 8629
9342 8277
9343 8150
9344 8540
9347 8588
9349 8663
9352 8871
9355 8923
9356 8952
9358 8195
9360 8680
9363 8955
9364 8837
9365 8162
9366 8966
9369 8246
9370 8810
9374 8303
9375 8800
9377 8049
9378 8992
9379 8711
9381 8826
9382 8477
9384 8049
9385 8689
9387 8038
9388 8062
9389 8170
9390 8857
9392 8179
9393 8253
9394 8236
9395 8714
9396 8580
9397 8581
9398 8331
9400 8261
9401 8203
9403 8274
9404 8391
9405 8261
9406 8091
9407 8367
9408 8268
9409 8126
9410 8970
9411 8431
9415 8044
9416 8573
9417 8738
9419 8026
9420 8240
9421 8647
9422 8891
9423 8426
9424 8840
9428 8899
9429 8399
9430 8059
9432 8794
9434 8564
9435 8998
9436 8954
9437 8311
9438 8165
9440 8577
9441 8445
9442 8766
9443 8969
9444 8633
9445 8836
9446 8114
9447 8462
9450 8531
9451 8817
9452 8183
9453 8133
9454 8691
9457 8487
9458 8461
9459 8332
9460 8556
9461 8397
9462 8836
9463 8309
9465 8646
9466 8410
9470 8468
9471 8568
9472 8504
9476 8935
9477 8929
9479 8244
9482 8370
9483 8495
9484 8573
9485 8225
9489 8527
9491 8274
9492 8451
9493 8920
9495 8714
9497 8777
9499 8671
9500 8494
9502 8505
9503 8460
9504 8701
9507 8215
9508 8844
9509 8933
9510 8841
9511 8638
9516 8886
9517 8709
9518 8332
9520 8189
9521 8369
9526 8030
9527 8679
9528 8189
9529 8536
9531 8236
9532 8461
9538 8778
9543 8599
9545 8292
9546 8023
9547 8709
9548 8870
9549 8378
9550 8854
9551 8842
9553 8496
9554 8629
9555 8677
9557 8809
9558 8465
9559 8452
9560 8031
9561 8045
9562 8562
9563 8951
9564 8284
9565 8008
9570 8121
9573 8592
9574 8964
9577 8471
9578 8764
9579 8521
9580 8545
9581 8357
9582 8285
9583 8140
9584 8034
9587 8431
9589 8670
9591 8475
9592 8227
9593 8130
9595 8397
9598 8340
9599 8897
9600 8102
9602 8862
9605 8778
9608 8172
9610 8668
9611 8126
9612 8104
9613 8574
9614 8452
9616 8323
9617 8161
9618 8894
9620 8706
9621 8464
9622 8316
9623 8285
9624 8327
9625 8768
9627 8168
9628 8364
9629 8986
9630 8143
9631 8682
9634 8213
9635 8490
9636 8731
9639 8581
9640 8006
9641 8802
9642 8431
9643 8443
9646 8745
9647 8413
9648 8852
9650 8376
9651 8358
9652 8339
9653 8161
9654 8161
9655 8276
9659 8632
9660 8756
9662 8684
9663 8564
9664 8032
9665 8968
9666 8145
9667 8734
9668 8094
9669 8866
9671 8571
9674 8857
9675 8576
9676 8355
9679 8064
9682 8343
9683 8070
9684 8226
9685 8856
9688 8068
9689 8916
9690 8700
9691 8658
9694 8459
9696 8534
9697 8002
9698 8487
9699 8802
9701 8852
9702 8002
9705 8357
9707 8253
9708 8276
9710 8735
9711 8553
9713 8570
9715 8622
9716 8994
9718 8739
9719 8904
9720 8616
9722 8794
9723 8340
9724 8108
9727 8805
9728 8448
9732 8028
9735 8897
9736 8406
9737 8616
9738 8689
9744 8207
9745 8418
9747 8135
9750 8689
9751 8692
9754 8171
9755 8305
9756 8991
9757 8633
9758 8492
9759 8863
9763 8916
9764 8302
9768 8514
9770 8182
9771 8700
9772 8304
9773 8384
9775 8589
9776 8625
9778 8166
9781 8887
9782 8827
9783 8104
9784 8706
9786 8111
9787 8884
9790 8979
9791 8680
9792 8676
9793 8320
9794 8202
9795 8141
9798 8688
9799 8982
9800 8602
9801 8382
9803 8987
9805 8084
9806 8546
9807 8897
9812 8635
9813 8237
9814 8215
9816 8743
9818 8059
9819 8742
9820 8300
9822 8472
9823 8671
9826 8473
9827 8067
9828 8639
9830 8102
9831 8465
9832 8403
9834 8099
9835 8518
9837 8100
9839 8305
9841 8140
9842 8439
9843 8159
9845 8221
9846 8043
9847 8579
9850 8165
9851 8662
9852 8670
9853 8833
9854 8193
9856 8878
9857 8624
9858 8267
9859 8738
9860 8920
9862 8263
9863 8692
9864 8269
9865 8689
9866 8263
9867 8186
9869 8922
9870 8798
9872 8508
9873 8415
9877 8281
9878 8367
9881 8171
9885 8905
9886 8474
9888 8726
9889 8229
9890 8391
9891 8507
9892 8002
9893 8286
9894 8408
9897 8910
9899 8861
9900 8237
9901 8968
9903 8399
9904 8546
9905 8741
9907 8905
9909 8161
9910 8047
9912 8740
9913 8077
9914 8815
9915 8544
9916 8366
9917 8910
9918 8524
9919 8107
9920 8613
9921 8978
9922 8984
9923 8820
9924 8834
9926 8917
9927 8723
9930 8572
9931 8323
9933 8622
9934 8434
9936 8694
9940 8272
9941 8911
9942 8649
9945 8748
9946 8849
9947 8703
9951 8727
9953 8626
9954 8842
9957 8186
9958 8954
9962 8229
9964 8901
9965 8255
9968 8843
9970 8153
9971 8725
9972 8188
9975 8102
9976 8806
9977 8784
9978 8679
9980 8774
9982 8631
9983 8820
9984 8260
9987 8779
9988 8916
9989 8172
9990 8692
9994 8484
9995 8623
9996 8822
9998 8787
9999 8553
8192 7135
8193 7300
8194 7506
8195 7372
8202 7948
8203 7674
8205 7945
8207 7242
8213 7330
8215 7649
8219 7685
8221 7163
8225 7333
8226 7101
8227 7934
8228 7741
8229 7468
8236 7029
8237 7767
8240 7824
8244 7391
8246 7313
8249 7248
8250 7216
8252 7290
8253 7756
8255 7084
8260 7498
8261 7035
8263 7571
8265 7246
8267 7333
8268 7027
8269 7282
8272 7394
8274 7453
8276 7304
8277 7384
8281 7213
8284 7692
8285 7888
8286 7667
8292 7531
8295 7131
8296 7362
8300 7595
8301 7412
8302 7290
8303 7993
8304 7024
8305 7228
8309 7201
8311 7850
8316 7756
8318 7237
8320 7779
8322 7829
8323 7895
8327 7610
8331 7090
8332 7088
8337 7485
8339 7435
8340 7464
8343 7071
8349 7770
8354 7017
8355 7184
8357 7712
8358 7375
8361 7559
8364 7150
8366 7498
8367 7861
8369 7395
8370 7739
8376 7543
8377 7411
8378 7522
8379 7097
8381 7254
8382 7518
8383 7063
8384 7071
8391 7027
8397 7552
8399 7402
8403 7759
8406 7874
8407 7035
8408 7722
8410 7742
8413 7608
8415 7217
8418 7585
8426 7820
8428 7049
8431 7122
8434 7652
8439 7354
8441 7466
8443 7291
8444 7054
8445 7443
8446 7106
8447 7371
8448 7499
8451 7369
8452 7656
8453 7172
8457 7228
8459 7023
8460 7260
8461 7964
8462 7176
8464 7965
8465 7725
8468 7598
8471 7290
8472 7459
8473 7421
8474 7272
8475 7233
8476 7455
8477 7181
8484 7813
8486 7287
8487 7362
8488 7408
8490 7509
8492 7793
8494 7041
8495 7584
8496 7509
8498 7740
8499 7758
8504 7632
8505 7841
8507 7585
8508 7939
8512 7967
8514 7435
8518 7111
8519 7808
8520 7374
8521 7672
8524 7018
8527 7978
8530 7370
8531 7940
8532 7632
8534 7706
8536 7875
8540 7209
8542 7640
8544 7749
8545 7774
8546 7536
8553 7396
8556 7138
8558 7929
8560 7291
8562 7175
8564 7489
8565 7208
8568 7022
8569 7998
8570 7888
8571 7671
8572 7850
8573 7247
8574 7786
8576 7097
8577 7847
8579 7719
8580 7681
8581 7194
8588 7593
8589 7567
8592 7169
8599 7061
8602 7891
8603 7804
8609 7324
8611 7756
8613 7791
8616 7258
8621 7766
8622 7116
8623 7844
8624 7759
8625 7041
8626 7095
8627 7365
8629 7921
8631 7671
8632 7264
8633 7507
8635 7373
8638 7263
8639 7672
8643 7103
8645 7346
8646 7783
8647 7789
8649 7055
8652 7355
8655 7874
8656 7022
8658 7205
8662 7631
8663 7022
8665 7594
8668 7484
8670 7005
8671 7119
8672 7807
8673 7170
8676 7922
8677 7325
8679 7309
8680 7759
8682 7369
8684 7229
8688 7309
8689 7278
8691 7270
8692 7817
8694 7261
8700 7026
8701 7577
8703 7706
8706 7868
8708 7277
8709 7869
8711 7942
8714 7347
8715 7417
8722 7718
8723 7741
8725 7157
8726 7218
8727 7582
8728 7619
8731 7527
8734 7837
8735 7274
8736 7349
8737 7497
8738 7959
8739 7680
8740 7714
8741 7636
8742 7340
8743 7784
8745 7668
8747 7356
8748 7653
8751 7925
8756 7766
8759 7934
8764 7668
8765 7623
8766 7900
8768 7912
8770 7738
8771 7692
8774 7447
8777 7936
8778 7830
8779 7626
8782 7684
8784 7474
8785 7037
8787 7287
8790 7261
8794 7733
8798 7446
8800 7284
8801 7334
8802 7069
8805 7423
8806 7716
8807 7164
8808 7371
8809 7267
8810 7039
8815 7391
8816 7762
8817 7197
8820 7674
8822 7426
8824 7202
8825 7878
8826 7301
8827 7644
8830 7474
8831 7354
8833 7354
8834 7134
8836 7410
8837 7956
8840 7999
8841 7157
8842 7632
8843 7753
8844 7990
8848 7503
8849 7606
8851 7060
8852 7832
8854 7418
8856 7325
8857 7150
8860 7272
8861 7180
8862 7417
8863 7247
8865 7322
8866 7812
8869 7263
8870 7345
8871 7959
8872 7032
8874 7158
8878 7222
8884 7745
8886 7040
8887 7172
8891 7493
8893 7649
8894 7534
8896 7374
8897 7792
8899 7908
8901 7048
8904 7166
8905 7702
8907 7900
8908 7888
8910 7223
8911 7310
8912 7714
8914 7930
8916 7598
8917 7731
8919 7845
8920 7592
8921 7536
8922 7671
8923 7027
8925 7781
8929 7977
8933 7278
8935 7264
8947 7574
8951 7204
8952 7429
8954 7770
8955 7758
8959 7124
8960 7352
8964 7506
8966 7157
8968 7055
8969 7972
8970 7852
8971 7960
8976 7847
8977 7418
8978 7987
8979 7095
8982 7067
8984 7797
8986 7096
8987 7747
8991 7113
8992 7614
8994 7108
8998 7762
8002 7604
8006 7101
8008 7393
8009 7741
8023 7691
8026 7785
8027 7907
8028 7886
8030 7724
8031 7423
8032 7856
8034 7603
8035 7306
8038 7906
8040 7137
8043 7889
8044 7690
8045 7135
8047 7859
8048 7146
8049 7794
8052 7934
8055 7895
8059 7409
8062 7253
8064 7716
8067 7287
8068 7280
8070 7234
8073 7219
8077 7545
8079 7226
8083 7187
8084 7236
8085 7989
8089 7138
8091 7509
8094 7727
8099 7805
8100 7934
8102 7322
8103 7835
8104 7812
8107 7009
8108 7863
8111 7665
8114 7502
8121 7057
8124 7448
8126 7336
8129 7035
8130 7694
8133 7268
8135 7892
8137 7037
8138 7536
8139 7271
8140 7147
8141 7607
8143 7163
8145 7194
8149 7191
8150 7918
8153 7845
8159 7264
8161 7580
8162 7434
8164 7503
8165 7518
8166 7270
8168 7337
8170 7018
8171 7040
8172 7405
8177 7704
8179 7445
8182 7907
8183 7167
8186 7850
8188 7975
8189 7076
8191 7123
7005 6696
7009 6450
7017 6133
7018 6100
7022 6442
7023 6396
7024 6504
7026 6374
7027 6963
7029 6367
7032 6077
7035 6797
7037 6312
7039 6006
7040 6793
7041 6709
7048 6950
7049 6612
7054 6109
7055 6061
7057 6211
7060 6276
7061 6058
7063 6515
7067 6876
7069 6670
7071 6799
7076 6218
7084 6872
7088 6896
7090 6335
7095 6260
7096 6578
7097 6532
7101 6883
7103 6607
7106 6478
7108 6730
7111 6582
7113 6009
7116 6960
7119 6780
7122 6350
7123 6328
7124 6224
7131 6034
7134 6267
7135 6123
7137 6890
7138 6032
7146 6530
7147 6554
7150 6176
7157 6714
7158 6671
7163 6770
7164 6280
7166 6852
7167 6522
7169 6362
7170 6805
7172 6088
7175 6653
7176 6286
7180 6451
7181 6008
7184 6065
7187 6324
7191 6892
7194 6476
7197 6733
7201 6500
7202 6570
7204 6850
7205 6853
7208 6930
7209 6568
7213 6353
7216 6094
7217 6703
7218 6567
7219 6850
7222 6667
7223 6581
7226 6911
7228 6489
7229 6959
7233 6774
7234 6775
7236 6869
7237 6423
7242 6933
7246 6843
7247 6008
7248 6167
7253 6228
7254 6562
7258 6585
7260 6592
7261 6112
7263 6473
7264 6025
7267 6340
7268 6116
7270 6533
7271 6555
7272 6652
7274 6591
7277 6160
7278 6002
7280 6630
7282 6834
7284 6209
7287 6672
7290 6439
7291 6493
7300 6952
7301 6530
7304 6872
7306 6962
7309 6626
7310 6422
7313 6402
7322 6649
7324 6192
7325 6467
7330 6873
7333 6171
7334 6103
7336 6673
7337 6146
7340 6360
7345 6637
7346 6150
7347 6817
7349 6126
7352 6540
7354 6715
7355 6730
7356 6947
7362 6289
7365 6527
7369 6836
7370 6300
7371 6056
7372 6647
7373 6698
7374 6097
7375 6749
7384 6747
7391 6483
7393 6615
7394 6818
7395 6929
7396 6402
7402 6486
7405 6701
7408 6617
7409 6133
7410 6010
7411 6866
7412 6638
7417 6069
7418 6320
7421 6014
7423 6165
7426 6338
7429 6488
7434 6151
7435 6444
7443 6852
7445 6263
7446 6725
7447 6034
7448 6534
7453 6371
7455 6241
7459 6148
7464 6757
7466 6229
7468 6166
7474 6313
7484 6318
7485 6941
7489 6039
7493 6549
7497 6060
7498 6400
7499 6863
7502 6911
7503 6199
7506 6246
7507 6029
7509 6687
7518 6872
7522 6889
7527 6534
7531 6166
7534 6832
7536 6187
7543 6461
7545 6497
7552 6683
7559 6753
7567 6021
7571 6664
7574 6214
7577 6026
7580 6319
7582 6310
7584 6097
7585 6945
7592 6799
7593 6550
7594 6259
7595 6160
7598 6504
7603 6219
7604 6898
7606 6980
7607 6433
7608 6986
7610 6388
7614 6350
7619 6206
7623 6536
7626 6607
7631 6617
7632 6601
7636 6269
7640 6356
7644 6883
7649 6305
7652 6618
7653 6209
7656 6084
7665 6041
7667 6302
7668 6881
7671 6646
7672 6103
7674 6525
7680 6086
7681 6215
7684 6339
7685 6602
7690 6223
7691 6647
7692 6943
7694 6119
7702 6538
7704 6830
7706 6780
7712 6686
7714 6616
7716 6279
7718 6523
7719 6027
7722 6959
7724 6642
7725 6519
7727 6207
7731 6322
7733 6005
7738 6601
7739 6501
7740 6348
7741 6315
7742 6844
7745 6465
7747 6712
7749 6458
7753 6378
7756 6962
7758 6123
7759 6312
7762 6188
7766 6607
7767 6752
7770 6869
7774 6052
7779 6742
7781 6719
7783 6669
7784 6182
7785 6402
7786 6433
7789 6547
7791 6235
7792 6097
7793 6827
7794 6712
7797 6538
7804 6172
7805 6344
7807 6862
7808 6925
7812 6558
7813 6131
7817 6354
7820 6576
7824 6038
7829 6687
7830 6126
7832 6251
7835 6818
7837 6748
7841 6694
7844 6900
7845 6021
7847 6812
7850 6652
7852 6102
7856 6153
7859 6565
7861 6934
7863 6924
7868 6013
7869 6323
7874 6863
7875 6108
7878 6135
7886 6014
7888 6649
7889 6842
7891 6084
7892 6920
7895 6434
7900 6594
7906 6166
7907 6874
7908 6983
7912 6800
7918 6147
7921 6813
7922 6964
7925 6146
7929 6625
7930 6912
7934 6296
7936 6923
7939 6377
7940 6631
7942 6699
7945 6656
7948 6319
7956 6852
7959 6723
7960 6491
7964 6351
7965 6962
7967 6749
7972 6974
7975 6203
7977 6883
7978 6021
7987 6676
7989 6474
7990 6637
7993 6993
7998 6493
7999 6206
6656 5093
6146 5371
6147 5710
6148 5204
6150 5344
6151 5383
6664 5456
6153 5883
6667 5521
6669 5299
6670 5064
6671 5362
6160 5407
6672 5559
6673 5717
6676 5410
6165 5006
6166 5422
6167 5064
6171 5228
6683 5143
6172 5167
6686 5698
6687 5839
6176 5035
6182 5270
6694 5150
6696 5785
6698 5466
6187 5274
6188 5910
6701 5672
6699 5802
6703 5956
6192 5244
6709 5777
6199 5005
6712 5670
6714 5307
6715 5692
6203 5611
6206 5933
6207 5706
6719 5714
6209 5871
6211 5251
6723 5870
6725 5463
6214 5926
6215 5297
6218 5106
6730 5323
6219 5051
6733 5091
6223 5540
6224 5753
6228 5553
6229 5757
6742 5306
6747 5606
6235 5742
6749 5712
6748 5499
6752 5656
6241 5516
6753 5419
6757 5842
6246 5076
6251 5303
6770 5201
6259 5558
6260 5920
6774 5966
6775 5149
6263 5847
6267 5424
6780 5814
6269 5474
6276 5241
6279 5010
6280 5886
6793 5991
6797 5017
6286 5481
6799 5045
6800 5939
6289 5444
6135 5573
6805 5126
6296 5524
6300 5829
6812 5711
6302 5554
6813 5764
6817 5272
6818 5663
6305 5721
6310 5201
6312 5970
6313 5883
6315 5076
6827 5884
6318 5667
6319 5457
6320 5923
6832 5470
6834 5654
6830 5111
6324 5608
6836 5944
6322 5474
6323 5489
6328 5822
6842 5934
6843 5426
6844 5102
6335 5440
6850 5108
6338 5966
6852 5771
6853 5990
6340 5255
6339 5883
6344 5324
6348 5611
6350 5829
6863 5392
6862 5716
6353 5889
6866 5072
6354 5852
6356 5728
6869 5565
6351 5229
6872 5566
6873 5283
6362 5219
6360 5083
6876 5486
6874 5595
6367 5819
6881 5206
6883 5753
6371 5256
6374 5574
6889 5528
6890 5007
6378 5488
6892 5967
6377 5916
6896 5591
6898 5527
6388 5310
6900 5533
6396 5986
6911 5336
6400 5195
6912 5305
6402 5587
6920 5557
6923 5405
6924 5588
6925 5566
6929 5166
6930 5503
6933 5775
6422 5693
6423 5051
6934 5592
6941 5745
6943 5561
6945 5609
6433 5439
6947 5089
6434 5619
6950 5969
6439 5777
6952 5635
6442 5692
6444 5065
6959 5763
6960 5967
6450 5741
6963 5344
6451 5899
6962 5801
6964 5676
6458 5176
6461 5368
6974 5009
6465 5874
6467 5079
6980 5164
6983 5182
6473 5816
6986 5906
6474 5380
6476 5692
6478 5677
6993 5741
6483 5152
6486 5535
6488 5004
6489 5773
6491 5037
6493 5299
6497 5916
6500 5059
6501 5456
6504 5602
6002 5632
6515 5034
6005 5505
6006 5955
6519 5044
6008 5996
6009 5224
6522 5923
6010 5580
6523 5664
6525 5153
6014 5190
6527 5282
6013 5861
6530 5883
6532 5669
6533 5130
6534 5157
6021 5608
6536 5052
6025 5959
6026 5578
6538 5060
6540 5539
6029 5071
6027 5036
6032 5659
6034 5330
6547 5712
6549 5858
6550 5359
6039 5383
6038 5866
6041 5420
6554 5806
6555 5119
6558 5442
6562 5958
6052 5445
6565 5660
6567 5863
6568 5660
6056 5807
6058 5384
6570 5623
6060 5640
6061 5473
6576 5147
6065 5910
6578 5689
6581 5555
6582 5723
6069 5797
6585 5434
6077 5339
6591 5749
6592 5802
6594 5043
6084 5743
6086 5358
6088 5962
6601 5745
6602 5575
6094 5984
6607 5468
6097 5817
6100 5432
6612 5428
6102 5871
6103 5281
6615 5043
6617 5759
6618 5206
6616 5035
6108 5521
6109 5239
6112 5937
6625 5226
6626 5775
6116 5662
6630 5848
6119 5953
6631 5015
6123 5911
6637 5213
6126 5598
6638 5636
6642 5865
6131 5882
6133 5219
6646 5161
6647 5540
6649 5287
6652 5220
6653 5586
5632 4922
5635 4853
5636 4742
5126 4188
5640 4541
5130 4396
5654 4138
5143 4048
5656 4382
5659 4885
5660 4154
5149 4641
5150 4454
5663 4721
5152 4448
5664 4061
5153 4533
5667 4711
5147 4554
5669 4616
5670 4820
5157 4791
5672 4378
5161 4557
5676 4636
5164 4755
5166 4269
5167 4120
5677 4676
5176 4273
5689 4854
5692 4283
5693 4743
5182 4396
5698 4763
5190 4914
5706 4423
5195 4416
5710 4384
5711 4049
5712 4035
5201 4289
5714 4453
5204 4441
5717 4808
5716 4857
5206 4531
5721 4588
5723 4396
5213 4049
5728 4598
5219 4733
5220 4894
5224 4637
5226 4111
5228 4753
5229 4246
5742 4808
5741 4777
5743 4586
5745 4054
5749 4693
5239 4399
5753 4023
5241 4218
5244 4219
5757 4480
5759 4336
5251 4324
5764 4045
5763 4343
5623 4956
5255 4597
5256 4467
5771 4911
5773 4352
5775 4924
5777 4168
5270 4527
5272 4161
5785 4227
5274 4759
5281 4258
5282 4811
5283 4527
5797 4923
5287 4140
5801 4419
5802 4207
5806 4185
5807 4649
5297 4351
5299 4803
5814 4432
5303 4304
5816 4849
5305 4556
5306 4722
5307 4504
5819 4323
5817 4819
5822 4763
5310 4277
5829 4910
5323 4146
5324 4436
5839 4513
5842 4667
5330 4173
5847 4008
5336 4002
5848 4784
5339 4215
5852 4761
5344 4022
5858 4452
5861 4674
5863 4027
5865 4044
5866 4024
5870 4294
5871 4057
5359 4220
5358 4649
5362 4629
5874 4144
5368 4756
5882 4346
5883 4055
5371 4754
5884 4512
5886 4491
5889 4039
5380 4630
5383 4246
5384 4152
5899 4374
5392 4351
5906 4577
5910 4394
5911 4078
5916 4655
5405 4652
5407 4545
5920 4680
5410 4421
5923 4976
5926 4013
5419 4103
5420 4044
5933 4612
5422 4061
5934 4194
5424 4722
5937 4164
5426 4941
5939 4326
5428 4011
5944 4571
5432 4851
5434 4381
5439 4845
5440 4693
5953 4841
5442 4172
5955 4824
5956 4168
5444 4128
5958 4494
5959 4999
5445 4491
5662 4771
5962 4807
5966 4852
5967 4990
5456 4589
5457 4456
5970 4697
5969 4365
5463 4548
5466 4906
5468 4001
5470 4449
5984 4010
5473 4502
5474 4279
5986 4418
5990 4194
5991 4446
5481 4664
5996 4394
5486 4428
5488 4591
5489 4474
5499 4717
5503 4822
5505 4559
5516 4007
5005 4770
5006 4428
5007 4156
5004 4324
5521 4793
5010 4857
5009 4534
5524 4837
5527 4955
5528 4558
5017 4328
5015 4360
5533 4808
5535 4444
5539 4338
5540 4246
5034 4810
5035 4820
5036 4535
5037 4763
5553 4706
5554 4118
5555 4897
5044 4900
5045 4102
5558 4643
5559 4484
5557 4917
5561 4590
5043 4371
5051 4141
5052 4800
5565 4064
5566 4994
5059 4254
5060 4669
5573 4011
5574 4054
5575 4853
5064 4289
5065 4100
5578 4592
5580 4367
5071 4334
5072 4200
5586 4791
5587 4494
5076 4284
5588 4340
5591 4046
5592 4946
5079 4813
5083 4808
5595 4263
5598 4300
5089 4381
5602 4454
5091 4777
5093 4306
5606 4102
5608 4181
5609 4253
5611 4945
5102 4896
5106 4398
5619 4306
5108 4475
5111 4799
5119 4132
4612 3849
4100 3323
4102 3921
4103 3353
4616 3959
4111 3991
4629 3287
4630 3021
4118 3156
4120 3436
4636 3733
4637 3883
4128 3469
4641 3093
4643 3859
4132 3838
4649 3400
4138 3046
4140 3644
4652 3041
4141 3290
4655 3969
4144 3432
4146 3450
4152 3477
4664 3488
4154 3878
4667 3655
4156 3602
4669 3562
4161 3483
4674 3567
4676 3001
4164 3140
4168 3829
4680 3985
4172 3917
4173 3861
4693 3113
4181 3918
4185 3701
4697 3952
4188 3689
4194 3669
4706 3292
4711 3091
4200 3115
4717 3184
4207 3249
4721 3522
4722 3794
4215 3256
4218 3889
4219 3375
4220 3638
4733 3703
4227 3016
4742 3283
4743 3940
4753 3278
4754 3691
4755 3145
4756 3668
4246 3234
4759 3209
4761 3903
4763 3040
4253 3684
4254 3532
4258 3272
4771 3484
4770 3352
4263 3165
4777 3879
4269 3230
4784 3343
4273 3406
4277 3944
4791 3747
4279 3801
4793 3822
4283 3390
4284 3016
4799 3173
4800 3388
4289 3145
4803 3430
4294 3547
4807 3096
4808 3975
4810 3335
4811 3963
4300 3767
4813 3473
4304 3325
4306 3790
4819 3912
4820 3920
4822 3534
4824 3776
4323 3414
4324 3814
4837 3195
4326 3435
4328 3302
4841 3537
4845 3364
4334 3275
4336 3547
4849 3521
4338 3847
4851 3403
4852 3429
4853 3976
4854 3772
4343 3563
4340 3219
4857 3296
4346 3280
4351 3179
4352 3863
4360 3868
4365 3397
4367 3153
4371 3482
4885 3366
4374 3053
4378 3387
4381 3963
4382 3664
4894 3278
4384 3192
4897 3387
4896 3113
4900 3564
4394 3531
4906 3993
4396 3419
4910 3104
4399 3682
4911 3835
4398 3462
4914 3040
4917 3095
4922 3196
4923 3205
4924 3068
4416 3615
4418 3874
4419 3108
4421 3200
4423 3840
4428 3979
4941 3865
4432 3822
4945 3085
4946 3465
4436 3401
4441 3313
4955 3497
4956 3111
4444 3977
4446 3669
4448 3985
4449 3883
4452 3339
4453 3637
4454 3065
4456 3360
4976 3437
4467 3921
4474 3408
4475 3235
4990 3701
4480 3979
4994 3557
4484 3749
4999 3162
4491 3904
4494 3551
4502 3465
4504 3246
4512 3491
4513 3721
4002 3161
4001 3234
4007 3991
4008 3727
4010 3621
4011 3215
4013 3882
4527 3472
4531 3663
4533 3057
4022 3354
4023 3985
4024 3579
4534 3862
4535 3869
4027 3618
4541 3224
4545 3415
4035 3374
4548 3592
4039 3047
4554 3399
4556 3318
4557 3222
4045 3215
4044 3470
4048 3327
4049 3956
4559 3190
4558 3159
4046 3845
4054 3699
4055 3821
4057 3620
4571 3099
4061 3777
4064 3831
4577 3076
4586 3392
4588 3008
4589 3574
4078 3856
4591 3060
4590 3320
4592 3016
4597 3253
4598 3542
3076 2126
3592 2189
3085 2373
3602 2675
3091 2296
3093 2097
3095 2824
3096 2663
3099 2615
3615 2422
3104 2770
3618 2344
3108 2397
3621 2160
3620 2035
3111 2760
3113 2015
3115 2038
3637 2845
3638 2132
3644 2993
3140 2331
3655 2896
3145 2581
3663 2433
3664 2757
3153 2131
3156 2616
3669 2770
3668 2005
3159 2853
3161 2543
3162 2958
3165 2299
3682 2994
3684 2246
3173 2351
3689 2922
3691 2032
3179 2030
3184 2876
3699 2549
3701 2842
3190 2659
3703 2615
3192 2670
3195 2116
3196 2198
3200 2928
3205 2379
3209 2422
3721 2979
3727 2728
3215 2046
3219 2583
3733 2946
3222 2384
3224 2000
3230 2985
3234 2189
3747 2378
3235 2463
3749 2999
3246 2605
3249 2761
3253 2746
3767 2522
3256 2603
3772 2775
3776 2232
3777 2222
3272 2650
3275 2153
3278 2447
3790 2887
3280 2614
3794 2432
3283 2463
3287 2505
3801 2441
3290 2313
3292 2936
3296 2846
3814 2822
3302 2985
3821 2376
3822 2317
3313 2698
3829 2342
3318 2858
3831 2445
3320 2363
3323 2561
3835 2352
3325 2451
3838 2668
3327 2697
3840 2230
3845 2018
3335 2392
3847 2697
3849 2669
3339 2466
3343 2179
3856 2177
3859 2107
3861 2505
3862 2604
3863 2532
3352 2939
3353 2050
3865 2556
3354 2386
3868 2034
3869 2379
3360 2333
3874 2264
3364 2259
3878 2724
3879 2697
3366 2239
3882 2693
3883 2039
3374 2731
3375 2831
3889 2887
3387 2855
3388 2315
3390 2635
3903 2246
3904 2777
3392 2173
3397 2314
3399 2568
3400 2798
3912 2359
3401 2050
3403 2103
3917 2637
3918 2848
3406 2166
3920 2710
3921 2686
3408 2063
3414 2154
3415 2472
3419 2911
3940 2697
3429 2572
3430 2015
3432 2037
3944 2063
3435 2697
3436 2783
3437 2039
3952 2126
3956 2456
3959 2343
3450 2434
3963 2300
3969 2626
3462 2873
3975 2078
3976 2342
3465 2964
3977 2182
3979 2088
3469 2776
3470 2798
3472 2258
3985 2912
3473 2920
3477 2786
3991 2821
3993 2648
3482 2739
3483 2742
3484 2860
3488 2643
3491 2581
3497 2747
3001 2984
3008 2199
3521 2574
3522 2257
3016 2957
3531 2576
3532 2878
3021 2694
3534 2359
3537 2705
3542 2936
3547 2097
3551 2989
3040 2639
3041 2983
3557 2463
3046 2093
3047 2497
3562 2216
3563 2085
3564 2232
3053 2038
3567 2728
3057 2707
3060 2571
3574 2720
3065 2508
3579 2175
3068 2769
2561 1011
2050 1505
2568 1764
2571 1892
2572 1855
2574 1802
2063 1130
2576 1258
2581 1441
2583 1944
2078 1093
2085 1011
2088 1025
2603 1910
2604 1093
2605 1501
2093 1289
2097 1254
2614 1609
2615 1229
2616 1748
2103 1515
2107 1858
2626 1192
2116 1685
2635 1901
2637 1552
2126 1439
2639 1825
2131 1763
2132 1964
2643 1835
2648 1567
2650 1736
2659 1242
2663 1716
2153 1481
2154 1870
2668 1758
2669 1857
2670 1855
2160 1324
2675 1010
2166 1452
2173 1195
2686 1102
2175 1446
2177 1283
2179 1202
2693 1200
2182 1903
2694 1336
2697 1983
2698 1574
2189 1578
2705 1760
2707 1589
2198 1088
2710 1730
2199 1517
2720 1238
2724 1174
2728 1520
2216 1488
2731 1508
2222 1879
2739 1321
2230 1401
2742 1255
2232 1101
2746 1402
2747 1333
2239 1920
2757 1857
2246 1944
2760 1292
2761 1931
2257 1944
2770 1653
2259 1786
2258 1061
2769 1166
2775 1305
2264 1488
2777 1691
2776 1666
2783 1141
2786 1144
2798 1322
2296 1720
2299 1787
2300 1386
2821 1392
2822 1750
2824 1916
2313 1079
2314 1541
2315 1914
2317 1215
2831 1696
2842 1454
2331 1179
2845 1675
2846 1294
2333 1595
2848 1833
2853 1836
2342 1839
2855 1287
2344 1968
2343 1436
2858 1769
2860 1017
2351 1731
2352 1735
2359 1076
2873 1614
2363 1626
2876 1954
2878 1399
2373 1663
2887 1096
2376 1800
2378 1123
2379 1942
2896 1130
2384 1127
2386 1036
2392 1182
2397 1045
2911 1442
2912 1550
2920 1496
2922 1383
2928 1801
2422 1625
2936 1519
2939 1198
2432 1948
2433 1586
2946 1343
2434 1872
2441 1559
2445 1462
2958 1018
2447 1541
2957 1007
2451 1805
2964 1652
2456 1272
2463 1311
2466 1187
2979 1340
2983 1160
2472 1209
2985 1826
2984 1789
2989 1502
2993 1760
2994 1693
2999 1513
2497 1528
2505 1734
2508 1794
2000 1309
2005 1169
2522 1922
2015 1139
2018 1326
2532 1152
2030 1298
2543 1401
2032 1965
2034 1335
2035 1644
2549 1079
2038 1106
2039 1486
2037 1784
2556 1385
2046 1635
1025 914
1541 38
1036 391
1550 204
1552 291
1045 551
1559 962
1567 90
1061 687
1574 148
1578 276
1586 397
1076 82
1589 407
1079 472
1595 915
1088 37
1093 730
1096 968
1609 304
1101 489
1102 749
1614 6
1106 20
1625 107
1626 606
1123 243
1635 434
1127 834
1130 995
1644 578
1139 897
1652 404
1653 688
1141 744
1144 850
1663 782
1152 551
1666 478
1160 881
1675 54
1166 956
1169 656
1685 7
1174 485
1691 763
1179 627
1693 903
1182 176
1696 740
1187 943
1192 665
1195 162
1198 987
1200 30
1202 545
1716 370
1720 548
1209 626
1215 687
1730 971
1731 33
1734 499
1735 646
1736 194
1229 818
1748 501
1238 686
1750 643
1242 301
1758 234
1760 347
1763 114
1764 27
1254 759
1255 330
1769 780
1258 996
1272 691
1784 499
1786 557
1787 197
1789 99
1794 522
1283 633
1287 350
1800 509
1289 894
1802 582
1801 380
1292 794
1805 494
1294 96
1298 839
1305 121
1309 212
1311 419
1825 174
1826 935
1321 10
1322 423
1835 787
1324 145
1833 155
1836 207
1839 981
1326 895
1333 529
1335 322
1336 651
1340 232
1855 472
1343 3
1857 485
1858 190
1870 127
1872 800
1879 390
1892 463
1383 492
1385 931
1386 925
1901 421
1903 315
1392 431
1910 53
1399 349
1401 848
1402 486
1914 782
1916 597
1920 436
1922 192
1931 918
1942 389
1944 38
1436 93
1948 615
1439 769
1441 331
1954 553
1442 165
1446 863
1964 911
1452 726
1454 160
1965 132
1968 930
1462 664
1983 201
1481 503
1486 70
1488 322
1496 325
1501 21
1502 687
1505 24
1508 699
1513 868
1515 73
1517 690
1519 604
1520 86
1007 286
1010 467
1011 308
1528 373
1017 564
1018 748
