16384 15455
16385 14040
16386 15354
16387 14226
16388 14558
16389 14933
16390 15979
16391 15830
16392 15689
16393 15774
16394 14535
16395 14857
16396 14854
16397 15103
16398 15249
16399 14622
16400 14542
16401 15387
16402 15935
16403 15977
16404 14544
16405 14732
16406 15762
16407 14628
16408 14545
16409 15497
16410 15083
16411 14928
16412 15239
16413 15973
16414 15314
16415 15772
16416 15243
16417 14280
16418 15672
16419 15539
16420 14698
16421 14025
16422 14034
16423 15206
16424 14495
16425 15212
16426 15627
16427 15949
16428 15821
16429 15352
16430 14439
16431 14601
16432 14370
16433 15368
16434 14041
16435 14139
16436 15002
16437 15181
16438 15493
16439 14495
16440 15448
16441 15144
16442 14404
16443 15097
16444 15248
16445 15870
16446 15360
16447 15748
16448 14245
16449 14558
16450 14626
16451 14981
16452 15482
16453 14174
16454 15473
16455 14452
16456 14638
16457 14925
16458 15172
16459 14424
16460 15404
16461 15999
16462 15456
16463 15259
16464 14093
16465 14329
16466 15406
16467 15403
16468 15382
16469 14754
16470 14653
16471 14566
16472 14087
16473 15324
16474 14864
16475 15201
16476 14006
16477 15925
16478 14971
16479 14174
16480 15607
16481 15184
16482 15783
16483 15721
16484 14490
16485 14887
16486 14975
16487 15596
16488 14382
16489 14661
16490 14007
16491 14981
16492 14052
16493 14442
16494 15639
16495 15212
16496 15608
16497 15777
16498 15209
16499 15689
16500 15666
16501 15843
16502 14353
16503 14840
16504 15879
16505 15857
16506 14275
16507 14465
16508 14597
16509 15462
16510 15385
16511 15079
16512 15378
16513 14303
16514 14602
16515 14801
16516 15216
16517 15597
16518 14537
16519 15276
16520 14112
16521 15573
16522 15192
16523 15660
16524 14039
16525 14695
16526 14362
16527 15070
16528 15941
16529 14457
16530 15195
16531 14223
16532 15067
16533 15739
16534 15218
16535 14694
16536 14951
16537 14640
16538 14394
16539 15660
16540 14351
16541 15683
16542 15705
16543 15341
16544 15596
16545 14974
16546 14616
16547 15450
16548 14833
16549 14810
16550 15887
16551 14699
16552 15486
16553 15526
16554 14591
16555 15524
16556 15047
16557 15979
16558 14254
16559 14863
16560 15105
16561 14655
16562 15208
16563 14797
16564 14470
16565 15636
16566 15856
16567 14144
16568 15229
16569 14522
16570 14680
16571 14934
16572 15640
16573 15814
16574 14187
16575 14171
16576 14906
16577 14505
16578 14358
16579 14482
16580 15160
16581 15988
16582 14231
16583 14483
16584 14852
16585 15937
16586 15382
16587 15911
16588 14921
16589 15908
16590 14720
16591 15419
16592 14584
16593 14880
16594 14860
16595 14368
16596 14293
16597 15557
16598 14501
16599 14493
16600 14525
16601 15016
16602 14861
16603 15291
16604 15581
16605 14003
16606 15808
16607 14268
16608 14404
16609 14083
16610 14598
16611 14607
16612 14577
16613 15875
16614 14860
16615 14212
16616 14577
16617 15387
16618 15716
16619 14586
16620 14845
16621 14089
16622 14942
16623 15576
16624 14920
16625 15637
16626 14176
16627 14520
16628 15938
16629 14948
16630 14435
16631 15134
16632 15180
16633 15689
16634 14391
16635 14078
16636 14274
16637 15752
16638 15915
16639 14882
16640 15711
16641 15068
16642 15724
16643 15895
16644 14319
16645 14191
16646 15903
16647 15733
16648 15142
16649 14998
16650 14834
16651 14168
16652 15416
16653 15902
16654 15002
16655 15064
16656 14005
16657 14148
16658 15398
16659 14848
16660 14590
16661 15779
16662 14418
16663 15350
16664 14654
16665 15855
16666 15604
16667 14908
16668 14354
16669 15404
16670 14611
16671 15056
16672 15037
16673 14632
16674 14865
16675 14212
16676 14521
16677 14273
16678 15439
16679 14824
16680 15785
16681 14403
16682 14784
16683 14954
16684 15923
16685 14075
16686 14433
16687 15772
16688 15079
16689 15841
16690 14178
16691 14183
16692 14628
16693 15744
16694 14236
16695 15695
16696 15088
16697 15289
16698 14769
16699 14025
16700 14201
16701 14791
16702 14544
16703 15072
16704 15345
16705 14360
16706 15066
16707 14445
16708 14592
16709 14151
16710 15933
16711 15647
16712 14712
16713 14253
16714 15482
16715 15384
16716 15991
16717 15968
16718 14140
16719 15451
16720 14349
16721 15941
16722 14235
16723 14247
16724 14336
16725 15139
16726 14309
16727 15429
16728 14463
16729 14003
16730 15767
16731 15166
16732 14694
16733 15648
16734 14832
16735 15704
16736 15102
16737 15313
16738 15492
16739 14578
16740 15552
16741 14546
16742 15508
16743 15050
16744 14797
16745 14459
16746 14828
16747 15802
16748 14045
16749 14415
16750 15100
16751 15007
16752 15629
16753 14920
16754 14877
16755 15228
16756 14624
16757 15990
16758 15401
16759 15778
16760 15969
16761 15728
16762 15164
16763 14200
16764 15831
16765 14960
16766 14885
16767 14434
16768 15461
16769 14684
16770 15176
16771 15576
16772 14008
16773 15683
16774 14397
16775 15822
16776 15482
16777 14486
16778 14895
16779 14240
16780 15202
16781 15805
16782 15725
16783 14092
16784 15787
16785 14060
16786 14806
16787 15989
16788 15089
16789 15320
16790 14643
16791 14670
16792 14233
16793 14805
16794 15016
16795 15060
16796 15724
16797 14776
16798 14423
16799 14344
16800 14602
16801 14744
16802 15262
16803 14397
16804 14438
16805 14933
16806 14176
16807 14792
16808 15802
16809 14003
16810 14005
16811 14609
16812 14923
16813 14001
16814 14020
16815 14400
16816 14284
16817 15746
16818 14491
16819 14906
16820 14436
16821 15960
16822 14458
16823 14993
16824 14886
16825 15654
16826 14207
16827 15039
16828 14649
16829 15833
16830 15060
16831 15711
16832 14243
16833 14299
16834 14536
16835 15961
16836 15623
16837 15057
16838 14332
16839 14913
16840 14407
16841 14003
16842 14699
16843 14694
16844 14370
16845 15964
16846 14341
16847 15414
16848 14416
16849 15865
16850 15377
16851 15144
16852 14854
16853 15886
16854 15756
16855 14356
16856 14420
16857 15585
16858 15223
16859 14889
16860 14444
16861 14462
16862 15432
16863 15985
16864 15667
16865 14730
16866 15706
16867 14157
16868 14472
16869 15367
16870 14191
16871 15182
16872 15626
16873 15158
16874 14045
16875 14506
16876 14302
16877 14067
16878 14230
16879 14568
16880 15398
16881 14580
16882 15703
16883 15154
16884 15517
16885 14445
16886 15797
16887 14253
16888 14736
16889 14868
16890 15621
16891 14771
16892 15593
16893 14486
16894 14230
16895 14122
16896 14898
16897 15599
16898 14319
16899 14859
16900 14721
16901 15566
16902 14391
16903 14281
16904 15625
16905 14990
16906 14597
16907 14219
16908 14447
16909 15220
16910 15244
16911 15575
16912 14027
16913 14941
16914 14909
16915 15017
16916 14797
16917 15704
16918 15482
16919 14701
16920 15253
16921 15930
16922 14488
16923 14051
16924 14566
16925 15336
16926 15309
16927 15857
16928 15253
16929 15141
16930 14078
16931 14402
16932 15583
16933 14579
16934 15867
16935 15278
16936 15887
16937 14860
16938 14765
16939 15921
16940 15856
16941 14464
16942 15140
16943 14949
16944 15169
16945 14638
16946 15934
16947 14804
16948 15721
16949 14355
16950 14563
16951 15736
16952 14730
16953 14877
16954 14975
16955 15241
16956 15320
16957 14357
16958 14354
16959 14785
16960 14542
16961 15804
16962 15601
16963 15967
16964 15201
16965 15250
16966 15786
16967 15716
16968 14135
16969 14474
16970 14076
16971 14057
16972 14705
16973 14779
16974 14058
16975 14434
16976 14237
16977 14280
16978 14449
16979 15662
16980 14031
16981 15443
16982 14881
16983 14532
16984 14593
16985 14225
16986 15161
16987 14316
16988 15336
16989 14825
16990 14190
16991 14879
16992 15086
16993 14146
16994 15403
16995 14964
16996 15470
16997 15520
16998 14758
16999 14584
17000 15224
17001 15697
17002 15844
17003 15723
17004 15437
17005 14726
17006 15328
17007 14536
17008 14455
17009 15810
17010 15967
17011 14151
17012 15130
17013 14578
17014 15467
17015 15065
17016 14658
17017 14838
17018 14292
17019 15991
17020 15206
17021 14335
17022 15070
17023 15997
17024 15145
17025 15385
17026 14100
17027 15331
17028 14778
17029 14881
17030 15353
17031 15453
17032 14142
17033 14927
17034 14848
17035 14723
17036 14658
17037 14111
17038 14773
17039 15790
17040 14336
17041 14860
17042 15119
17043 14909
17044 14518
17045 14277
17046 14216
17047 14738
17048 15944
17049 14575
17050 15947
17051 15835
17052 15745
17053 14320
17054 15414
17055 14672
17056 15289
17057 14321
17058 15851
17059 15568
17060 15355
17061 14015
17062 15151
17063 15087
17064 15718
17065 15457
17066 15422
17067 15118
17068 15273
17069 14708
17070 15726
17071 14294
17072 14759
17073 14269
17074 14431
17075 14873
17076 14364
17077 15211
17078 15496
17079 15425
17080 14527
17081 14064
17082 14566
17083 15017
17084 14647
17085 14042
17086 14783
17087 14785
17088 14710
17089 15377
17090 14301
17091 14593
17092 15826
17093 15590
17094 15537
17095 15611
17096 15016
17097 14681
17098 15342
17099 15903
17100 14113
17101 15753
17102 14699
17103 14117
17104 15529
17105 14221
17106 14043
17107 15530
17108 15787
17109 15111
17110 14452
17111 14754
17112 14571
17113 15656
17114 14983
17115 14113
17116 15607
17117 14854
17118 14728
17119 15275
17120 14567
17121 14962
17122 15820
17123 15589
17124 15410
17125 14923
17126 15990
17127 15042
17128 14680
17129 15198
17130 14833
17131 14196
17132 15816
17133 14636
17134 14916
17135 15376
17136 15508
17137 14801
17138 15337
17139 14147
17140 14117
17141 15700
17142 15388
17143 15608
17144 14954
17145 15356
17146 14043
17147 14471
17148 14083
17149 14748
17150 15666
17151 14108
17152 15961
17153 14678
17154 14339
17155 15364
17156 14832
17157 15399
17158 15555
17159 14472
17160 14597
17161 15710
17162 15616
17163 14641
17164 14807
17165 15498
17166 15789
17167 14851
17168 14950
17169 15983
17170 15585
17171 15667
17172 15989
17173 15394
17174 14637
17175 15913
17176 15578
17177 15755
17178 14564
17179 14225
17180 15517
17181 15912
17182 14468
17183 14504
17184 14815
17185 14604
17186 14920
17187 15234
17188 15108
17189 15614
17190 14188
17191 15821
17192 15597
17193 15966
17194 15028
17195 14941
17196 15200
17197 14342
17198 14822
17199 15696
17200 15580
17201 15168
17202 14312
17203 15411
17204 15346
17205 15914
17206 15025
17207 15723
17208 15103
17209 14914
17210 14197
17211 15523
17212 14668
17213 14672
17214 15597
17215 15932
17216 14342
17217 15734
17218 15286
17219 14308
17220 15276
17221 14526
17222 14629
17223 14385
17224 15614
17225 14927
17226 14612
17227 14925
17228 15859
17229 14933
17230 15880
17231 14532
17232 15185
17233 14022
17234 14342
17235 14594
17236 14339
17237 14852
17238 15002
17239 15569
17240 15018
17241 14166
17242 15505
17243 15483
17244 14938
17245 15843
17246 15309
17247 15178
17248 14114
17249 15546
17250 14761
17251 14798
17252 15012
17253 15063
17254 15297
17255 14188
17256 15606
17257 14337
17258 15668
17259 14512
17260 15771
17261 14758
17262 15409
17263 14931
17264 15702
17265 14336
17266 14058
17267 14652
17268 14595
17269 15178
17270 15335
17271 15733
17272 15200
17273 14930
17274 14159
17275 15784
17276 15603
17277 15834
17278 15743
17279 14872
17280 14987
17281 14762
17282 15738
17283 14688
17284 14645
17285 15827
17286 15391
17287 14917
17288 15147
17289 14072
17290 14936
17291 14741
17292 14672
17293 15050
17294 15973
17295 15816
17296 14019
17297 14662
17298 14062
17299 15051
17300 15151
17301 15618
17302 15109
17303 14897
17304 14047
17305 15288
17306 15188
17307 15097
17308 14471
17309 14785
17310 15943
17311 15918
17312 14751
17313 14124
17314 14107
17315 15788
17316 14300
17317 15247
17318 14800
17319 15257
17320 14145
17321 14352
17322 15714
17323 14754
17324 14930
17325 15229
17326 15124
17327 15701
17328 14258
17329 15674
17330 14332
17331 15712
17332 15003
17333 15958
17334 15382
17335 15471
17336 15164
17337 14827
17338 14402
17339 14003
17340 14647
17341 14250
17342 14474
17343 15001
17344 15131
17345 14014
17346 14234
17347 14087
17348 14077
17349 14093
17350 14505
17351 15493
17352 15545
17353 15156
17354 14419
17355 15127
17356 14443
17357 15111
17358 14254
17359 14461
17360 15632
17361 15396
17362 15208
17363 15658
17364 14936
17365 15364
17366 15772
17367 15683
17368 15482
17369 15918
17370 15008
17371 14496
17372 15027
17373 15828
17374 14695
17375 15064
17376 15157
17377 14376
17378 15254
17379 14697
17380 15013
17381 15548
17382 14695
17383 15342
17384 15515
17385 14767
17386 14254
17387 14084
17388 15879
17389 14267
17390 15864
17391 15604
17392 14448
17393 15729
17394 15945
17395 14284
17396 15159
17397 14621
17398 15530
17399 14216
17400 14898
17401 14506
17402 14506
17403 15537
17404 15557
17405 14730
17406 14964
17407 14835
17408 14548
17409 14150
17410 15683
17411 14247
17412 14596
17413 14594
17414 15377
17415 15218
17416 14316
17417 14251
17418 15850
17419 15122
17420 15533
17421 15936
17422 14052
17423 15534
17424 15360
17425 15543
17426 15012
17427 15222
17428 15852
17429 15679
17430 14127
17431 15668
17432 14088
17433 14655
17434 15235
17435 15589
17436 14647
17437 14052
17438 15281
17439 15626
17440 14904
17441 15002
17442 15281
17443 14311
17444 14796
17445 14774
17446 14049
17447 14374
17448 15825
17449 15374
17450 15811
17451 15015
17452 15273
17453 15525
17454 15424
17455 15370
17456 14346
17457 14747
17458 15670
17459 15264
17460 14268
17461 14582
17462 14237
17463 14834
17464 15021
17465 15456
17466 14789
17467 14249
17468 15352
17469 14925
17470 15507
17471 14314
17472 14958
17473 15850
17474 14900
17475 15750
17476 15557
17477 14448
17478 14085
17479 15220
17480 14685
17481 15262
17482 14325
17483 14312
17484 15349
17485 15002
17486 14975
17487 15323
17488 14532
17489 14400
17490 14074
17491 14628
17492 15076
17493 15286
17494 14500
17495 14255
17496 15834
17497 15960
17498 15503
17499 15302
17500 15016
17501 15867
17502 14558
17503 14402
17504 15752
17505 14635
17506 14953
17507 15812
17508 14603
17509 14089
17510 15220
17511 14734
17512 14263
17513 14862
17514 14684
17515 14874
17516 15370
17517 14820
17518 15228
17519 14833
17520 14813
17521 14104
17522 15572
17523 15618
17524 15505
17525 15710
17526 15409
17527 14982
17528 14635
17529 15544
17530 14333
17531 15812
17532 15422
17533 14258
17534 14305
17535 15319
17536 15054
17537 15501
17538 15320
17539 14123
17540 14483
17541 15090
17542 14251
17543 14175
17544 14080
17545 15358
17546 15409
17547 15759
17548 14826
17549 15538
17550 14147
17551 15010
17552 15714
17553 14475
17554 14539
17555 14442
17556 14253
17557 15525
17558 14422
17559 15141
17560 14695
17561 14277
17562 15686
17563 14022
17564 14635
17565 14356
17566 15136
17567 14767
17568 15850
17569 14484
17570 15134
17571 14561
17572 14931
17573 15734
17574 14766
17575 14372
17576 15774
17577 15966
17578 15291
17579 14476
17580 15223
17581 15858
17582 15617
17583 15953
17584 15500
17585 15538
17586 15672
17587 14390
17588 15691
17589 15221
17590 14022
17591 15235
17592 15631
17593 14136
17594 15155
17595 15874
17596 15882
17597 14202
17598 14458
17599 14856
17600 14858
17601 15587
17602 14945
17603 14169
17604 15871
17605 14472
17606 15443
17607 15574
17608 15065
17609 15422
17610 15683
17611 14563
17612 15407
17613 14560
17614 14980
17615 14095
17616 15951
17617 15769
17618 14106
17619 14857
17620 14816
17621 14741
17622 15548
17623 14205
17624 15332
17625 15560
17626 15422
17627 14936
17628 14976
17629 15199
17630 15813
17631 15711
17632 15645
17633 14963
17634 15975
17635 14685
17636 14830
17637 14524
17638 15790
17639 15769
17640 14497
17641 14266
17642 15101
17643 15486
17644 14256
17645 14664
17646 15840
17647 14531
17648 14775
17649 15432
17650 14965
17651 15491
17652 15249
17653 15666
17654 14994
17655 15933
17656 15758
17657 15084
17658 15573
17659 14699
17660 14296
17661 15387
17662 15555
17663 14811
17664 14964
17665 14760
17666 14885
17667 14201
17668 14663
17669 15404
17670 14564
17671 15015
17672 14050
17673 14841
17674 14573
17675 14082
17676 14901
17677 15237
17678 14048
17679 15467
17680 14896
17681 15905
17682 15652
17683 15258
17684 14142
17685 14268
17686 14356
17687 14140
17688 15975
17689 14029
17690 14464
17691 14887
17692 14746
17693 15697
17694 14856
17695 14048
17696 15435
17697 14393
17698 14686
17699 15048
17700 15706
17701 14915
17702 15691
17703 15220
17704 15230
17705 14550
17706 14110
17707 15219
17708 15856
17709 14738
17710 15238
17711 14773
17712 14770
17713 14657
17714 15208
17715 15161
17716 14301
17717 15117
17718 14501
17719 14634
17720 15882
17721 15374
17722 14403
17723 14821
17724 15909
17725 14726
17726 14228
17727 15346
17728 15742
17729 15895
17730 14021
17731 15604
17732 15480
17733 15468
17734 15814
17735 14597
17736 15203
17737 15119
17738 15352
17739 14427
17740 14652
17741 15314
17742 14224
17743 15873
17744 14456
17745 15605
17746 15345
17747 14565
17748 14501
17749 14045
17750 14916
17751 14808
17752 14620
17753 15267
17754 15376
17755 14517
17756 14948
17757 14545
17758 15068
17759 14864
17760 14954
17761 15021
17762 15196
17763 15134
17764 15398
17765 14160
17766 14142
17767 15903
17768 14688
17769 14173
17770 14571
17771 14763
17772 15678
17773 15503
17774 15454
17775 14234
17776 15113
17777 15927
17778 15446
17779 15240
17780 15670
17781 14764
17782 14456
17783 15955
17784 14000
17785 15954
17786 14268
17787 14384
17788 14148
17789 14781
17790 14707
17791 14627
17792 14184
17793 14454
17794 14789
17795 15724
17796 15450
17797 14503
17798 15718
17799 14636
17800 15798
17801 15340
17802 14890
17803 15013
17804 14716
17805 14938
17806 14784
17807 14915
17808 14258
17809 15850
17810 14492
17811 14406
17812 15441
17813 15521
17814 14196
17815 15577
17816 15658
17817 15029
17818 14096
17819 14652
17820 15498
17821 15440
17822 15968
17823 15103
17824 14120
17825 14173
17826 14559
17827 14281
17828 14827
17829 15064
17830 14437
17831 14783
17832 15364
17833 15408
17834 15481
17835 14956
17836 15921
17837 14881
17838 14553
17839 15873
17840 15379
17841 14451
17842 14490
17843 14212
17844 15848
17845 15024
17846 15897
17847 15319
17848 14196
17849 15677
17850 14795
17851 15345
17852 14796
17853 14964
17854 15713
17855 15095
17856 14942
17857 14329
17858 15305
17859 14685
17860 14077
17861 14148
17862 14196
17863 15109
17864 15014
17865 15042
17866 15522
17867 15427
17868 15517
17869 15658
17870 15055
17871 15400
17872 15843
17873 15046
17874 14488
17875 15785
17876 14570
17877 15932
17878 14072
17879 15660
17880 14703
17881 14078
17882 15015
17883 14512
17884 15313
17885 14403
17886 14498
17887 15046
17888 14851
17889 15195
17890 15999
17891 14687
17892 14208
17893 14098
17894 15351
17895 15864
17896 15669
17897 14429
17898 14358
17899 15941
17900 14541
17901 14731
17902 15430
17903 14440
17904 14359
17905 14753
17906 14837
17907 14070
17908 14986
17909 15522
17910 15355
17911 15265
17912 14219
17913 14923
17914 14046
17915 14720
17916 14551
17917 15707
17918 14725
17919 14785
17920 15124
17921 14170
17922 14517
17923 15588
17924 14274
17925 14408
17926 15137
17927 14222
17928 15505
17929 15155
17930 14504
17931 15772
17932 14072
17933 15538
17934 14214
17935 15428
17936 14253
17937 15166
17938 15735
17939 15482
17940 15921
17941 15712
17942 14362
17943 14488
17944 14164
17945 14255
17946 15127
17947 15008
17948 14638
17949 14323
17950 14429
17951 14354
17952 15468
17953 15763
17954 15991
17955 15541
17956 14551
17957 15420
17958 15035
17959 15485
17960 14278
17961 14043
17962 15953
17963 15784
17964 15142
17965 14753
17966 15268
17967 14145
17968 14432
17969 15892
17970 15448
17971 15510
17972 15747
17973 14360
17974 15225
17975 15689
17976 15125
17977 14999
17978 15495
17979 14806
17980 14787
17981 15432
17982 14685
17983 15205
17984 15049
17985 15933
17986 15998
17987 15199
17988 15777
17989 15594
17990 15489
17991 14985
17992 14271
17993 14051
17994 14989
17995 14632
17996 15997
17997 14771
17998 14245
17999 14117
16000 15618
16001 15606
16002 14053
16003 14699
16004 14525
16005 14488
16006 14886
16007 14302
16008 14801
16009 15202
16010 15328
16011 15439
16012 15653
16013 15510
16014 14868
16015 15898
16016 15824
16017 14635
16018 14547
16019 15882
16020 14248
16021 14791
16022 14265
16023 15852
16024 15626
16025 15771
16026 15793
16027 15178
16028 15518
16029 14112
16030 14740
16031 15750
16032 14362
16033 14840
16034 15598
16035 15503
16036 14964
16037 15850
16038 15023
16039 14483
16040 14791
16041 14659
16042 15652
16043 14370
16044 14560
16045 15082
16046 15926
16047 15177
16048 14644
16049 14934
16050 15218
16051 14077
16052 15919
16053 14861
16054 15183
16055 14145
16056 15462
16057 14822
16058 14104
16059 15582
16060 15047
16061 15351
16062 15114
16063 14940
16064 15604
16065 15673
16066 15966
16067 15031
16068 15574
16069 14559
16070 14298
16071 15637
16072 15716
16073 15769
16074 15778
16075 15054
16076 14487
16077 14746
16078 15523
16079 14886
16080 15062
16081 15343
16082 14837
16083 14440
16084 14022
16085 15422
16086 15287
16087 15655
16088 15672
16089 15359
16090 14539
16091 14032
16092 14614
16093 15302
16094 14248
16095 14827
16096 15077
16097 15315
16098 15534
16099 15785
16100 14025
16101 15174
16102 15306
16103 14336
16104 15516
16105 14826
16106 14871
16107 15137
16108 14216
16109 15477
16110 14308
16111 14882
16112 15254
16113 14628
16114 15453
16115 14824
16116 14075
16117 14014
16118 14559
16119 15772
16120 14269
16121 15935
16122 14508
16123 15878
16124 15082
16125 15824
16126 15648
16127 15649
16128 14911
16129 14283
16130 14204
16131 14343
16132 14458
16133 15179
16134 15652
16135 15590
16136 14912
16137 15670
16138 15586
16139 14934
16140 14427
16141 14326
16142 15888
16143 15101
16144 14284
16145 15546
16146 14426
16147 14297
16148 15193
16149 15961
16150 15053
16151 15964
16152 15876
16153 14883
16154 14924
16155 14420
16156 14323
16157 14694
16158 15445
16159 14547
16160 14737
16161 14300
16162 15063
16163 15396
16164 14607
16165 14089
16166 15836
16167 14174
16168 15728
16169 14984
16170 15964
16171 15017
16172 14089
16173 15750
16174 15358
16175 15633
16176 15006
16177 14082
16178 14424
16179 15304
16180 14861
16181 15430
16182 14999
16183 15126
16184 15671
16185 14321
16186 14602
16187 14709
16188 14675
16189 14089
16190 14509
16191 14660
16192 15670
16193 15976
16194 14082
16195 14857
16196 14645
16197 14724
16198 14050
16199 15495
16200 14547
16201 15364
16202 15255
16203 15413
16204 14090
16205 14835
16206 15001
16207 15983
16208 14769
16209 15584
16210 15815
16211 14679
16212 15606
16213 15631
16214 15018
16215 14042
16216 15120
16217 14124
16218 14724
16219 15958
16220 14805
16221 15740
16222 14855
16223 15675
16224 15971
16225 14113
16226 14882
16227 14203
16228 14780
16229 14568
16230 14400
16231 14160
16232 14730
16233 15751
16234 14436
16235 14332
16236 15371
16237 14838
16238 15624
16239 14474
16240 14503
16241 14370
16242 14555
16243 14321
16244 14685
16245 15848
16246 15899
16247 15016
16248 14526
16249 14174
16250 15870
16251 15273
16252 15991
16253 15355
16254 14934
16255 15295
16256 15413
16257 15376
16258 14202
16259 14687
16260 15082
16261 15896
16262 15352
16263 14540
16264 15761
16265 15871
16266 14900
16267 15770
16268 15228
16269 14103
16270 14411
16271 14455
16272 15758
16273 15077
16274 14224
16275 15483
16276 14618
16277 14578
16278 15754
16279 14161
16280 14868
16281 14641
16282 15746
16283 15945
16284 14218
16285 14989
16286 14556
16287 14188
16288 14941
16289 15953
16290 14752
16291 15989
16292 15499
16293 15541
16294 15282
16295 15177
16296 14456
16297 14334
16298 14855
16299 14751
16300 15073
16301 14892
16302 14658
16303 15324
16304 15795
16305 14932
16306 15399
16307 14343
16308 14073
16309 14612
16310 15544
16311 15038
16312 14819
16313 15601
16314 14757
16315 14342
16316 14650
16317 15817
16318 14948
16319 15172
16320 14858
16321 15121
16322 14181
16323 14620
16324 15000
16325 14230
16326 15914
16327 14134
16328 15295
16329 15630
16330 15831
16331 14286
16332 15825
16333 14033
16334 15440
16335 14417
16336 14794
16337 14101
16338 14066
16339 15694
16340 14975
16341 14447
16342 14069
16343 15112
16344 14620
16345 15309
16346 14132
16347 14785
16348 14397
16349 15666
16350 15407
16351 15427
16352 14525
16353 14856
16354 15374
16355 15000
16356 14205
16357 14461
16358 15272
16359 15302
16360 15755
16361 14482
16362 15015
16363 14011
16364 14104
16365 14935
16366 15050
16367 14706
16368 15193
16369 14253
16370 14079
16371 14998
16372 14532
16373 14328
16374 15336
16375 14799
16376 14195
16377 14344
16378 14567
16379 15144
16380 15359
16381 15383
16382 14497
16383 15130
14000 13297
14001 12377
14003 12500
14005 12842
14006 12478
14007 13035
14008 12195
14011 13366
14014 13264
14015 12638
14019 13115
14020 13574
14021 13280
14022 12957
14025 12033
14027 13748
14029 13542
14031 13809
14032 13987
14033 13853
14034 13334
14039 13750
14040 12225
14041 12742
14042 12253
14043 13431
14045 13759
14046 12563
14047 12310
14048 12799
14049 13805
14050 12933
14051 13720
14052 13578
14053 12212
14057 13985
14058 12783
14060 12794
14062 13050
14064 12072
14066 12891
14067 13353
14069 13330
14070 12785
14072 13931
14073 12602
14074 12637
14075 13880
14076 13815
14077 13957
14078 12742
14079 12384
14080 12649
14082 13296
14083 13545
14084 12235
14085 13578
14087 12948
14088 13829
14089 12162
14090 12923
14092 12498
14093 12122
14095 12329
14096 12816
14098 13936
14100 13609
14101 12401
14103 12883
14104 13526
14106 12825
14107 13702
14108 13706
14110 13230
14111 12687
14112 13810
14113 13032
14114 13409
14117 13259
14120 13917
14122 13671
14123 12447
14124 12454
14127 12239
14132 12818
14134 12690
14135 12531
14136 12100
14139 12147
14140 13080
14142 12810
14144 12277
14145 12592
14146 13504
14147 13304
14148 12862
14150 12278
14151 13086
14157 13028
14159 13453
14160 13438
14161 12526
14164 12219
14166 12364
14168 13554
14169 13118
14170 12308
14171 13315
14173 13458
14174 13026
14175 12560
14176 13995
14178 12990
14181 12198
14183 13699
14184 12298
14187 13249
14188 12300
14190 12816
14191 12246
14195 12934
14196 12295
14197 12797
14200 12238
14201 12991
14202 12639
14203 13867
14204 12922
14205 13497
14207 13630
14208 12908
14212 13840
14214 13634
14216 12758
14218 12451
14219 12905
14221 12200
14222 12772
14223 12552
14224 12624
14225 13444
14226 12193
14228 13454
14230 12117
14231 13388
14233 12194
14234 13293
14235 12532
14236 13490
14237 12945
14240 12279
14243 13665
14245 13077
14247 13147
14248 12096
14249 12711
14250 12704
14251 13837
14253 12216
14254 13002
14255 12217
14256 13220
14258 12651
14263 13296
14265 12374
14266 12518
14267 12902
14268 12351
14269 13294
14271 13188
14273 13214
14274 12838
14275 12339
14277 13484
14278 12442
14280 12709
14281 13331
14283 12687
14284 13808
14286 13421
14292 13990
14293 12302
14294 12667
14296 12056
14297 13486
14298 13099
14299 12120
14300 12123
14301 13994
14302 13322
14303 12170
14305 12629
14308 13586
14309 13541
14311 13127
14312 13535
14314 13752
14316 12467
14319 12171
14320 12123
14321 12304
14323 13034
14325 12900
14326 13558
14328 12648
14329 12984
14332 12044
14333 12411
14334 13380
14335 12414
14336 13402
14337 12262
14339 12377
14341 13188
14342 13418
14343 13929
14344 12723
14346 13293
14349 13200
14351 13288
14352 13716
14353 12879
14354 13758
14355 13411
14356 13068
14357 12570
14358 12178
14359 13603
14360 13312
14362 13649
14364 12311
14368 13766
14370 12965
14372 13794
14374 12346
14376 13544
14382 13308
14384 12028
14385 12339
14390 12762
14391 12591
14393 12938
14394 13276
14397 13167
14400 13946
14402 12177
14403 12698
14404 13041
14406 12845
14407 12217
14408 13358
14411 12633
14415 13507
14416 13120
14417 13263
14418 12033
14419 12567
14420 13600
14422 13294
14423 12985
14424 13585
14426 13378
14427 13792
14429 13476
14431 13921
14432 13781
14433 13433
14434 13444
14435 13372
14436 12555
14437 12926
14438 12417
14439 13278
14440 12121
14442 13966
14443 13096
14444 13066
14445 12182
14447 13372
14448 12320
14449 12352
14451 13805
14452 12987
14454 12522
14455 13380
14456 12749
14457 12478
14458 12459
14459 13685
14461 12181
14462 12125
14463 12939
14464 12969
14465 13330
14468 13466
14470 13600
14471 13813
14472 13141
14474 12020
14475 13551
14476 13626
14482 12767
14483 13056
14484 13926
14486 12252
14487 13615
14488 13407
14490 13193
14491 12489
14492 13374
14493 12113
14495 12907
14496 13258
14497 12528
14498 12553
14500 13828
14501 12348
14503 13005
14504 13401
14505 12766
14506 13107
14508 13710
14509 12281
14512 13212
14517 12349
14518 12111
14520 13628
14521 12533
14522 12437
14524 12632
14525 12953
14526 13693
14527 12415
14531 12808
14532 12269
14535 12085
14536 13533
14537 12440
14539 13857
14540 12024
14541 12950
14542 13998
14544 12348
14545 12781
14546 12353
14547 13231
14548 12374
14550 12772
14551 12674
14553 13536
14555 13242
14556 13112
14558 12182
14559 12770
14560 13536
14561 13111
14563 12310
14564 13950
14565 12963
14566 12804
14567 12896
14568 12176
14570 13536
14571 12161
14573 12694
14575 12463
14577 12826
14578 13389
14579 12312
14580 13960
14582 12348
14584 13302
14586 13976
14590 12170
14591 12402
14592 13941
14593 12445
14594 12742
14595 13413
14596 13253
14597 13232
14598 13412
14601 12525
14602 12692
14603 12338
14604 12557
14607 12385
14609 13053
14611 13093
14612 12067
14614 12771
14616 12732
14618 12813
14620 13500
14621 13938
14622 13382
14624 13696
14626 13917
14627 12443
14628 12104
14629 12618
14632 12362
14634 12889
14635 12016
14636 12940
14637 13491
14638 12328
14640 13665
14641 13054
14643 13040
14644 13691
14645 13326
14647 12099
14649 12741
14650 12314
14652 12285
14653 13048
14654 13582
14655 12124
14657 12266
14658 12079
14659 13415
14660 12416
14661 12608
14662 12508
14663 13197
14664 12414
14668 13831
14670 13602
14672 13781
14675 13448
14678 13227
14679 12238
14680 12708
14681 13056
14684 12253
14685 12882
14686 13197
14687 12816
14688 12500
14694 13418
14695 12843
14697 12628
14698 13264
14699 13405
14701 13698
14703 13269
14705 13324
14706 13012
14707 13079
14708 13614
14709 12591
14710 12686
14712 13643
14716 12933
14720 12400
14721 12809
14723 13222
14724 12177
14725 13125
14726 12214
14728 13598
14730 12687
14731 13490
14732 13302
14734 12909
14736 12112
14737 13270
14738 13902
14740 13138
14741 12854
14744 13254
14746 12334
14747 12601
14748 13634
14751 13172
14752 13246
14753 12135
14754 12400
14757 12364
14758 12264
14759 12491
14760 13803
14761 13208
14762 12407
14763 12731
14764 12709
14765 12596
14766 12510
14767 12412
14769 12743
14770 13751
14771 13300
14773 13413
14774 13046
14775 13731
14776 12065
14778 12696
14779 13609
14780 12152
14781 13615
14783 12919
14784 12659
14785 13270
14787 12732
14789 13219
14791 13961
14792 12706
14794 13122
14795 13733
14796 13593
14797 13896
14798 12224
14799 13030
14800 13471
14801 13415
14804 13920
14805 12738
14806 13622
14807 13805
14808 13967
14810 13261
14811 12475
14813 13334
14815 13807
14816 13120
14819 12454
14820 12410
14821 12072
14822 13668
14824 13877
14825 12669
14826 12120
14827 12707
14828 13128
14830 12077
14832 12712
14833 13000
14834 13194
14835 13203
14837 12636
14838 13634
14840 13579
14841 13331
14845 12410
14848 12169
14851 12131
14852 13293
14854 13991
14855 12235
14856 13275
14857 13481
14858 13016
14859 12897
14860 12829
14861 12724
14862 13405
14863 13224
14864 12544
14865 12393
14868 13073
14871 12246
14872 12920
14873 13430
14874 13303
14877 12413
14879 12013
14880 13834
14881 12873
14882 13012
14883 13314
14885 12233
14886 13387
14887 12558
14889 12537
14890 13751
14892 13499
14895 13996
14896 13802
14897 12686
14898 13787
14900 13781
14901 12695
14904 12613
14906 12242
14908 12951
14909 13955
14911 12144
14912 13153
14913 13885
14914 12692
14915 12617
14916 12805
14917 12356
14920 12084
14921 13054
14923 12416
14924 12918
14925 13282
14927 13030
14928 13586
14930 13791
14931 13811
14932 13318
14933 12142
14934 13686
14935 12173
14936 13779
14938 12578
14940 12067
14941 13736
14942 13339
14945 12265
14948 13428
14949 13218
14950 12134
14951 13465
14953 12478
14954 13129
14956 12961
14958 13702
14960 12031
14962 12429
14963 13086
14964 12549
14965 13153
14971 13899
14974 13814
14975 13087
14976 13280
14980 12456
14981 12840
14982 13390
14983 13907
14984 12957
14985 12495
14986 13073
14987 12000
14989 13738
14990 13577
14993 12070
14994 13684
14998 13303
14999 12971
15000 13915
15001 13422
15002 13591
15003 12722
15006 12484
15007 12256
15008 12881
15010 13072
15012 12972
15013 13088
15014 13258
15015 12396
15016 12121
15017 12511
15018 13846
15021 13374
15023 12561
15024 13692
15025 13237
15027 12089
15028 12830
15029 13281
15031 13519
15035 12361
15037 13448
15038 12671
15039 12454
15042 13509
15046 13919
15047 13512
15048 12347
15049 12567
15050 12335
15051 12323
15053 13816
15054 13576
15055 13821
15056 13694
15057 13801
15060 12902
15062 12476
15063 13320
15064 12925
15065 12113
15066 12011
15067 13108
15068 12196
15070 13737
15072 12047
15073 12717
15076 12523
15077 12325
15079 12984
15082 13375
15083 12669
15084 12804
15086 13716
15087 12891
15088 12113
15089 13768
15090 13467
15095 12001
15097 12985
15100 12528
15101 12641
15102 12332
15103 13420
15105 12111
15108 13793
15109 12140
15111 13765
15112 13880
15113 13338
15114 13368
15117 12774
15118 13207
15119 13547
15120 12972
15121 12286
15122 13975
15124 13087
15125 13121
15126 13082
15127 13332
15130 12352
15131 12293
15134 12878
15136 12792
15137 13295
15139 13805
15140 12970
15141 13589
15142 13281
15144 13664
15145 12441
15147 13383
15151 12054
15154 12473
15155 13683
15156 13210
15157 13155
15158 12940
15159 13009
15160 13827
15161 13665
15164 13604
15166 13351
15168 12926
15169 13051
15172 12673
15174 12757
15176 12480
15177 12210
15178 12061
15179 13070
15180 12012
15181 12944
15182 12043
15183 12521
15184 12307
15185 12655
15188 13943
15192 13233
15193 13813
15195 13928
15196 13137
15198 13515
15199 12121
15200 13054
15201 13317
15202 13581
15203 12815
15205 12218
15206 12039
15208 12330
15209 12173
15211 13699
15212 12399
15216 12248
15218 13456
15219 12928
15220 13065
15221 13444
15222 12423
15223 12941
15224 12723
15225 13048
15228 12882
15229 13484
15230 13556
15234 13472
15235 12371
15237 12066
15238 13354
15239 13844
15240 12490
15241 13864
15243 12628
15244 13767
15247 13431
15248 12191
15249 13642
15250 13716
15253 13979
15254 13045
15255 13979
15257 13194
15258 12913
15259 12893
15262 13023
15264 12334
15265 13257
15267 12575
15268 13521
15272 12876
15273 13063
15275 13697
15276 12404
15278 12483
15281 13664
15282 13388
15286 13312
15287 12415
15288 12313
15289 13327
15291 13599
15295 13965
15297 12593
15302 13995
15304 12387
15305 13439
15306 13610
15309 12207
15313 13520
15314 12820
15315 12451
15319 13890
15320 12763
15323 12407
15324 12707
15328 13707
15331 13022
15332 12654
15335 12546
15336 13703
15337 13413
15340 12880
15341 12794
15342 13528
15343 12372
15345 12068
15346 12772
15349 12135
15350 12700
15351 13706
15352 12638
15353 13030
15354 12556
15355 13796
15356 12706
15358 12700
15359 12210
15360 13467
15364 12862
15367 13384
15368 13560
15370 12236
15371 13693
15374 12129
15376 13002
15377 13052
15378 12723
15379 13652
15382 12641
15383 13202
15384 13825
15385 13496
15387 13223
15388 12638
15391 12797
15394 12214
15396 12407
15398 13378
15399 13181
15400 13439
15401 12373
15403 13116
15404 13347
15406 13265
15407 12601
15408 13343
15409 12181
15410 12123
15411 13450
15413 13141
15414 13233
15416 13824
15419 12400
15420 13168
15422 12490
15424 12853
15425 13219
15427 13114
15428 12813
15429 13319
15430 13968
15432 12309
15435 12659
15437 13262
15439 13440
15440 13024
15441 12467
15443 12036
15445 13861
15446 12272
15448 12444
15450 12480
15451 13535
15453 13357
15454 12781
15455 13484
15456 12671
15457 12125
15461 12135
15462 13434
15467 13575
15468 12571
15470 12627
15471 13578
15473 13462
15477 13331
15480 13343
15481 13705
15482 13949
15483 12084
15485 13956
15486 13916
15489 12972
15491 12291
15492 12799
15493 13235
15495 13692
15496 13065
15497 12903
15498 12939
15499 12311
15500 12499
15501 13886
15503 12882
15505 12641
15507 13721
15508 12544
15510 13355
15515 12577
15516 12956
15517 13829
15518 13421
15520 13500
15521 13088
15522 13289
15523 13704
15524 12881
15525 12912
15526 13184
15529 12150
15530 13284
15533 12849
15534 13585
15537 13660
15538 12931
15539 13045
15541 13449
15543 13766
15544 12181
15545 12025
15546 12432
15548 13551
15552 13995
15555 12070
15557 13023
15560 12323
15566 12393
15568 13323
15569 13998
15572 13668
15573 13603
15574 12891
15575 12800
15576 12775
15577 13840
15578 13115
15580 13757
15581 13408
15582 13334
15583 12695
15584 13563
15585 13970
15586 12230
15587 13372
15588 12313
15589 12838
15590 12103
15593 12856
15594 12906
15596 13770
15597 12989
15598 13793
15599 13102
15601 13372
15603 12785
15604 12220
15605 13816
15606 13603
15607 13456
15608 13475
15611 13770
15614 13096
15616 13809
15617 12258
15618 13803
15621 12468
15623 13634
15624 13040
15625 13889
15626 13995
15627 12487
15629 12373
15630 13722
15631 12156
15632 13570
15633 13133
15636 12487
15637 13369
15639 12757
15640 13163
15645 12544
15647 12093
15648 12404
15649 13037
15652 12569
15653 13962
15654 13856
15655 12066
15656 12236
15658 13340
15660 13387
15662 13287
15666 12833
15667 12447
15668 12101
15669 12927
15670 13729
15671 13935
15672 12044
15673 12640
15674 12683
15675 13730
15677 12710
15678 13214
15679 12663
15683 12245
15686 12400
15689 13425
15691 13278
15694 13883
15695 13350
15696 12697
15697 12243
15700 13337
15701 13036
15702 13612
15703 13734
15704 13085
15705 13332
15706 13046
15707 13514
15710 12460
15711 13196
15712 13484
15713 12360
15714 13343
15716 13314
15718 12662
15721 13838
15723 12265
15724 13048
15725 13392
15726 13073
15728 12928
15729 12156
15733 12945
15734 13331
15735 12840
15736 12863
15738 13802
15739 12665
15740 12309
15742 12959
15743 12021
15744 13207
15745 13184
15746 12033
15747 13603
15748 13135
15750 12665
15751 13128
15752 13255
15753 13270
15754 13205
15755 12343
15756 12364
15758 12228
15759 13334
15761 12577
15762 12377
15763 12697
15767 12493
15769 13484
15770 12136
15771 12765
15772 12600
15774 12433
15777 13857
15778 13194
15779 12641
15783 13716
15784 12972
15785 12821
15786 13672
15787 13666
15788 12927
15789 13960
15790 12317
15793 12655
15795 13315
15797 12663
15798 12220
15802 12431
15804 12687
15805 12411
15808 13077
15810 12470
15811 13895
15812 13606
15813 13518
15814 12548
15815 13132
15816 13144
15817 13432
15820 12552
15821 12483
15822 13686
15824 12129
15825 12378
15826 13517
15827 12724
15828 13211
15830 12291
15831 12395
15833 12730
15834 13732
15835 12564
15836 12149
15840 13335
15841 13348
15843 12586
15844 12064
15848 12757
15850 13804
15851 13957
15852 12066
15855 12650
15856 13792
15857 12857
15858 13392
15859 12788
15864 13606
15865 12996
15867 13823
15870 12598
15871 13288
15873 12896
15874 13489
15875 12681
15876 12848
15878 12772
15879 13803
15880 12599
15882 12254
15886 13018
15887 13655
15888 12150
15892 12942
15895 12289
15896 13941
15897 13750
15898 13659
15899 13374
15902 13119
15903 12845
15905 13782
15908 12684
15909 12483
15911 13393
15912 13366
15913 12833
15914 13518
15915 12516
15918 12405
15919 12546
15921 12087
15923 12122
15925 12473
15926 13015
15927 13680
15930 12976
15932 13908
15933 13529
15934 13946
15935 13282
15936 12379
15937 12210
15938 12464
15941 12129
15943 12731
15944 12067
15945 13533
15947 13991
15949 13512
15951 12593
15953 12523
15954 12174
15955 13815
15958 12872
15960 12702
15961 12867
15964 12938
15966 12316
15967 13708
15968 13172
15969 12609
15971 13743
15973 13638
15975 13903
15976 12666
15977 13793
15979 12143
15983 13545
15985 13223
15988 12241
15989 13537
15990 13325
15991 12659
15997 13803
15998 12427
15999 12784
12289 10137
12291 10701
12293 10416
12295 11067
12298 11082
12300 10205
12302 11042
12304 11497
12307 11086
12308 10478
12309 10578
12310 10804
12311 10914
12312 11647
12313 10320
12314 10089
12316 10046
12317 11060
12320 10470
12323 10889
12325 11262
12328 10408
12329 11684
12330 10820
12332 10053
12334 11349
12335 11714
12338 10628
12339 11920
12343 10445
12346 10712
12347 10085
12348 11364
12349 10740
12351 11167
12352 10751
12353 11400
12356 10674
12360 11911
12361 11519
12362 10789
12364 11688
12371 10877
12372 10594
12373 10445
12374 10176
12377 10222
12378 10150
12379 10553
12384 11015
12385 10017
12387 11933
12393 11011
12395 10629
12396 11080
12399 11211
12400 10171
12401 10292
12402 10486
12404 10738
12405 10029
12407 10984
12410 11796
12411 10596
12412 10900
12413 11780
12414 10330
12415 10223
12416 11175
12417 11057
12423 11430
12427 11835
12429 10893
12431 10763
12432 10393
12433 11087
12437 10004
12440 10817
12441 11090
12442 10780
12443 10653
12444 11585
12445 10096
12447 11751
12451 10646
12454 11534
12456 11586
12459 11873
12460 10528
12463 10113
12464 11022
12467 11371
12468 10026
12470 11200
12473 11297
12475 10809
12476 10126
12478 11436
12480 11625
12483 10209
12484 10369
12487 11785
12489 10909
12490 11734
12491 10058
12493 11483
12495 10498
12498 11997
12499 10057
12500 10436
12508 11486
12510 11992
12511 11241
12516 10904
12518 10114
12521 10611
12522 11083
12523 11125
12525 11504
12526 11717
12528 11808
12531 10273
12532 11252
12533 11407
12537 10360
12544 10066
12546 10136
12548 10124
12549 11018
12552 10288
12553 11121
12555 10489
12556 10230
12557 11191
12558 10095
12560 10819
12561 10010
12563 10635
12564 10278
12567 11446
12569 10377
12570 11828
12571 10863
12575 11461
12577 11902
12578 11041
12586 11652
12591 10011
12592 10765
12593 11193
12596 11818
12598 11353
12599 10084
12600 10382
12601 10005
12602 10885
12608 11292
12609 11490
12613 11136
12617 10019
12618 11902
12624 11061
12627 11490
12628 11740
12629 10172
12632 10057
12633 10924
12636 11189
12637 11372
12638 10305
12639 11749
12640 11417
12641 10102
12648 11145
12649 10503
12650 10776
12651 10327
12654 10378
12655 10948
12659 11633
12662 11871
12663 10834
12665 11004
12666 10718
12667 10588
12669 11513
12671 10626
12673 10826
12674 11390
12681 10915
12683 11804
12684 10628
12686 10139
12687 10730
12690 10324
12692 10756
12694 11227
12695 10136
12696 11941
12697 11984
12698 11817
12700 10979
12702 10657
12704 10411
12706 11346
12707 11632
12708 10172
12709 10505
12710 11989
12711 10325
12712 10934
12717 11637
12722 10954
12723 11100
12724 10915
12730 10933
12731 10480
12732 10388
12738 11434
12741 11083
12742 11692
12743 10611
12749 11594
12757 10007
12758 11174
12762 10574
12763 10320
12765 10258
12766 11732
12767 11468
12770 11478
12771 11242
12772 10299
12774 10341
12775 10786
12781 11609
12783 11969
12784 10715
12785 10920
12788 11346
12792 10451
12794 11562
12797 10555
12799 11732
12800 11488
12804 10950
12805 10619
12808 11328
12809 11921
12810 11162
12813 11472
12815 10741
12816 10232
12818 11180
12820 11707
12821 11046
12825 11942
12826 10021
12829 10719
12830 11919
12833 11793
12838 10629
12840 11603
12842 11360
12843 11704
12845 10654
12848 10273
12849 11307
12853 11926
12854 11531
12856 11879
12857 11774
12862 10769
12863 11817
12867 11259
12872 11991
12873 11693
12876 10712
12878 10840
12879 11035
12880 10233
12881 10059
12882 11027
12883 11861
12889 11148
12891 11913
12893 11671
12896 10795
12897 10491
12900 11499
12902 11983
12903 10249
12905 11068
12906 11125
12907 11819
12908 10324
12909 10377
12912 10067
12913 11859
12918 10914
12919 11916
12920 11850
12922 10132
12923 10017
12925 11815
12926 11661
12927 11941
12928 10886
12931 11144
12933 11525
12934 10895
12938 10145
12939 10020
12940 10256
12941 11229
12942 10160
12944 11366
12945 10687
12948 10838
12950 11495
12951 10326
12953 10838
12956 11629
12957 11278
12959 10965
12961 10063
12963 10388
12965 10564
12969 11528
12970 11200
12971 11212
12972 11973
12976 11221
12984 11098
12985 10672
12987 10061
12989 10598
12990 11531
12991 11242
12996 10053
13000 11662
13002 11146
13005 10839
13009 11751
13012 10964
13015 10219
13016 10359
13018 11704
13022 10322
13023 10487
13024 10369
13026 11315
13028 10481
13030 10779
13032 11559
13034 11177
13035 11765
13036 10498
13037 10900
13040 10235
13041 11504
13045 10373
13046 11907
13048 11841
13050 11308
13051 10264
13052 11698
13053 11624
13054 11808
13056 10300
13063 10620
13065 10851
13066 10576
13068 11999
13070 10889
13072 11944
13073 11933
13077 11808
13079 10556
13080 10540
13082 11185
13085 11706
13086 10739
13087 11098
13088 10356
13093 11169
13096 11232
13099 11101
13102 11766
13107 11870
13108 10736
13111 10033
13112 10675
13114 11003
13115 11627
13116 11118
13118 10728
13119 11421
13120 11285
13121 11730
13122 11487
13125 10772
13127 10381
13128 10913
13129 11302
13132 10808
13133 10857
13135 10001
13137 10884
13138 10079
13141 10228
13144 10755
13147 11388
13153 10490
13155 11259
13163 10593
13167 10043
13168 10850
13172 10991
13181 10446
13184 10426
13188 11483
13193 10235
13194 10148
13196 11910
13197 11904
13200 10243
13202 10350
13203 11039
13205 10484
13207 11112
13208 11864
13210 10687
13211 10898
13212 11222
13214 10581
13218 10773
13219 10606
13220 10316
13222 11726
13223 11856
13224 11021
13227 10701
13230 10406
13231 10654
13232 10750
13233 11609
13235 10412
13237 11013
13242 10011
13246 10958
13249 10833
13253 10466
13254 11150
13255 10684
13257 10856
13258 10923
13259 10105
13261 10535
13262 11124
13263 11523
13264 10451
13265 11672
13269 11548
13270 10750
13275 11426
13276 10641
13278 11141
13280 10046
13281 10056
13282 11495
13284 10249
13287 10238
13288 10856
13289 10041
13293 11277
13294 10552
13295 11988
13296 11576
13297 11067
13300 10696
13302 10502
13303 10226
13304 11708
13308 11236
13312 10620
13314 10100
13315 10140
13317 10092
13318 10500
13319 10647
13320 10662
13322 11401
13323 10788
13324 11371
13325 11792
13326 10920
13327 11142
13330 11379
13331 11690
13332 11242
13334 10755
13335 11839
13337 10038
13338 11840
13339 11822
13340 10082
13343 11126
13347 11801
13348 11164
13350 10821
13351 10239
13353 10794
13354 10527
13355 11425
13357 11167
13358 11556
13366 10664
13368 10103
13369 10302
13372 10554
13374 10919
13375 10974
13378 11826
13380 11185
13382 10801
13383 10804
13384 11479
13387 11920
13388 11222
13389 11921
13390 11525
13392 11470
13393 11440
13401 10873
13402 10323
13405 11622
13407 11118
13408 10542
13409 10719
13411 10786
13412 10739
13413 10276
13415 10887
13418 10906
13420 11174
13421 11017
13422 10285
13425 11746
13428 10088
13430 10662
13431 11736
13432 11184
13433 11599
13434 11065
13438 10844
13439 11213
13440 11238
13444 10307
13448 10782
13449 10565
13450 10833
13453 11362
13454 11642
13456 10334
13458 11896
13462 10812
13465 11215
13466 11631
13467 10529
13471 11816
13472 10845
13475 11177
13476 10979
13481 11768
13484 10340
13486 10049
13489 10472
13490 10894
13491 10360
13496 10981
13497 11301
13499 11425
13500 10238
13504 10689
13507 11071
13509 10358
13512 10876
13514 11268
13515 10942
13517 10809
13518 11014
13519 10727
13520 11795
13521 10567
13526 11185
13528 10528
13529 11100
13533 11470
13535 10647
13536 11666
13537 10735
13541 11260
13542 11676
13544 10651
13545 11007
13547 11500
13551 10357
13554 10498
13556 10314
13558 10129
13560 10558
13563 10531
13570 11159
13574 11061
13575 11273
13576 10518
13577 10011
13578 11229
13579 10416
13581 11343
13582 10315
13585 10355
13586 10796
13589 11378
13591 10773
13593 11732
13598 10023
13599 11824
13600 10651
13602 10578
13603 11252
13604 10206
13606 10117
13609 10893
13610 11868
13612 11899
13614 10707
13615 10861
13622 11442
13626 11936
13628 10733
13630 11278
13634 11560
13638 10740
13642 11013
13643 10436
13649 10737
13652 11673
13655 10965
13659 11008
13660 10152
13664 11404
13665 10634
13666 10734
13668 11124
13671 11842
13672 11220
13680 10810
13683 11767
13684 11594
13685 10130
13686 10258
13691 10767
13692 11702
13693 10191
13694 10158
13696 10435
13697 10958
13698 10848
13699 10122
13702 11189
13703 10975
13704 11367
13705 11901
13706 10185
13707 10795
13708 11019
13710 10095
13716 10944
13720 10389
13721 11078
13722 10087
13729 10749
13730 11966
13731 11460
13732 11265
13733 10656
13734 10347
13736 10049
13737 11421
13738 10908
13743 10913
13748 11039
13750 10468
13751 11497
13752 11599
13757 10265
13758 11424
13759 11982
13765 10988
13766 11505
13767 11302
13768 11375
13770 11148
13779 10598
13781 10429
13782 10122
13787 10324
13791 11918
13792 11557
13793 11511
13794 10780
13796 10456
13801 10701
13802 10919
13803 11292
13804 10975
13805 11032
13807 10829
13808 11135
13809 10300
13810 11346
13811 10432
13813 10600
13814 10055
13815 11612
13816 11368
13821 11614
13823 11342
13824 10197
13825 11326
13827 10282
13828 11856
13829 11320
13831 11748
13834 11208
13837 10679
13838 11325
13840 11001
13844 10022
13846 10976
13853 11003
13856 11256
13857 10486
13861 10076
13864 10590
13867 10850
13877 11946
13880 10846
13883 10881
13885 10852
13886 11139
13889 11669
13890 11144
13895 10248
13896 11809
13899 11307
13902 11632
13903 11849
13907 11170
13908 11223
13915 11415
13916 10253
13917 10093
13919 10417
13920 11567
13921 11233
13926 10392
13928 10526
13929 10882
13931 10809
13935 10623
13936 10162
13938 10553
13941 11623
13943 11800
13946 11705
13949 11337
13950 10985
13955 11918
13956 11143
13957 11125
13960 10181
13961 11522
13962 11264
13965 11122
13966 11632
13967 10181
13968 10663
13970 10119
13975 10590
13976 11429
13979 10329
13985 11539
13987 11412
13990 10867
13991 10698
13994 10324
13995 11234
13996 11100
13998 10773
12000 11625
12001 11020
12011 11719
12012 11335
12013 11795
12016 10385
12020 10436
12021 10675
12024 10262
12025 11026
12028 10514
12031 10990
12033 11492
12036 11253
12039 11348
12043 10726
12044 11071
12047 11051
12054 11241
12056 11765
12061 11776
12064 11118
12065 11044
12066 10676
12067 10680
12068 10688
12070 10829
12072 10061
12077 10014
12079 10709
12084 10649
12085 11837
12087 10671
12089 10746
12093 11520
12096 11502
12099 10317
12100 11476
12101 11225
12103 11912
12104 10524
12111 10080
12112 11064
12113 10644
12117 11741
12120 11962
12121 11514
12122 10532
12123 10465
12124 10094
12125 11129
12129 10200
12131 10020
12134 11479
12135 11496
12136 10514
12140 10292
12142 10199
12143 11882
12144 11635
12147 11549
12149 10918
12150 11840
12152 11687
12156 10334
12161 10222
12162 10139
12169 10551
12170 10828
12171 11960
12173 10435
12174 10319
12176 11956
12177 10488
12178 11696
12181 10109
12182 10156
12191 11369
12193 11261
12194 11494
12195 11572
12196 11136
12198 10287
12200 10951
12207 10221
12210 10505
12212 10270
12214 10789
12216 11575
12217 10740
12218 10385
12219 11229
12220 11365
12224 11870
12225 11092
12228 10148
12230 11317
12233 10900
12235 11763
12236 10623
12238 11422
12239 11696
12241 10954
12242 10115
12243 11336
12245 11417
12246 10913
12248 11907
12252 11106
12253 11634
12254 10154
12256 10569
12258 10569
12262 11069
12264 11964
12265 10322
12266 11329
12269 10104
12272 11901
12277 10319
12278 11936
12279 10998
12281 10178
12285 11141
12286 10988
10243 9064
10248 9105
10249 8518
10253 8452
10256 9102
10258 8548
10262 8539
10264 9006
10265 9331
10270 9566
10273 9272
10276 9733
10278 8974
10282 8592
10285 8264
10287 9378
10288 8376
10292 9650
10299 8942
10300 8971
10302 8412
10305 9979
10307 8063
10314 8399
10315 9146
10316 9582
10317 9103
10319 9393
10320 8874
10322 8398
10323 8765
10324 9035
10325 8307
10326 8341
10327 9932
10329 8967
10330 9763
10334 9775
10340 8574
10341 8043
10347 8782
10350 9947
10355 9652
10356 9809
10357 9301
10358 9174
10359 8540
10360 8710
10369 9916
10373 9219
10377 9739
10378 9979
10381 8966
10382 8371
10385 8811
10388 8237
10389 9326
10392 9072
10393 8992
10406 8857
10408 8179
10411 8714
10412 8581
10416 9284
10417 8203
10426 9994
10429 9077
10432 8573
10435 8027
10436 8240
10445 8398
10446 8059
10451 8955
10456 9468
10465 8530
10466 9841
10468 9156
10470 8204
10472 9510
10478 8309
10480 8647
10481 8411
10484 9589
10486 8569
10487 9528
10488 9512
10489 9382
10490 9970
10491 9958
10498 8495
10500 8225
10502 8364
10503 9111
10505 8183
10514 9519
10518 8700
10524 8841
10526 9111
10527 8191
10528 9777
10529 8760
10531 8709
10532 9357
10535 8368
10540 8030
10542 8189
10551 8918
10552 8779
10553 8197
10554 8343
10555 8562
10556 9846
10558 9644
10564 8854
10565 9866
10567 8497
10569 8676
10574 8030
10576 8562
10578 9309
10581 9552
10588 9989
10590 8471
10593 9568
10594 9380
10596 8141
10598 8895
10600 9454
10606 9154
10611 9364
10619 9141
10620 8634
10623 9692
10626 9598
10628 8455
10629 8322
10634 8465
10635 8316
10641 8169
10644 8143
10646 8486
10647 9667
10649 9514
10651 9170
10653 8581
10654 8006
10656 8430
10657 8442
10662 9877
10663 9620
10664 8376
10671 8489
10672 9197
10674 8757
10675 8684
10676 8565
10679 8145
10680 9758
10684 8570
10687 9881
10688 8577
10689 8354
10696 9094
10698 9881
10701 9092
10707 8459
10709 8535
10712 9827
10715 8002
10718 9380
10719 8236
10726 8571
10727 9152
10728 8622
10730 9762
10733 9624
10734 8794
10735 9364
10736 9132
10737 8560
10738 9032
10739 9829
10740 8449
10741 8519
10746 8201
10749 8616
10750 8689
10751 8618
10755 8120
10756 8206
10763 9717
10765 9620
10767 9328
10769 9657
10772 9998
10773 8784
10776 8303
10779 9343
10780 8514
10782 9207
10786 8867
10788 9648
10789 8793
10794 8826
10795 9128
10796 8706
10801 8521
10804 9700
10808 9576
10809 8750
10810 8689
10812 8602
10817 9109
10819 8896
10820 9960
10821 9514
10826 8215
10828 8743
10829 8907
10833 9310
10834 8473
10838 8472
10839 8066
10840 9663
10844 9426
10845 9258
10846 9123
10848 8655
10850 8967
10851 8304
10852 9732
10856 8287
10857 8221
10861 8684
10863 8662
10867 8359
10873 9649
10876 8268
10877 9713
10881 8922
10882 9823
10884 9533
10885 8414
10886 9173
10887 9737
10889 8280
10893 9195
10894 8735
10895 8540
10898 8474
10900 8727
10904 8002
10906 9433
10908 9614
10909 8911
10913 9993
10914 8917
10915 8399
10918 8127
10919 8904
10920 9762
10923 8349
10924 8740
10933 8978
10934 8985
10942 9596
10944 8741
10948 8694
10950 9313
10951 9527
10954 9672
10958 9872
10964 9660
10965 9651
10974 8229
10975 9053
10976 8901
10979 9369
10981 9217
10984 8188
10985 9900
10988 9830
10990 9702
10991 9629
10998 9802
11001 9717
11003 8822
11004 8638
11007 8822
11008 9638
11011 8988
11013 9424
11014 9458
11015 9942
11017 9447
11018 9678
11019 8199
11020 9929
11021 8384
11022 8604
11026 9693
11027 9275
11032 9198
11035 9627
11039 9146
11041 9623
11042 8142
11044 8177
11046 9698
11051 8988
11057 8722
11060 8179
11061 9345
11064 8404
11065 8599
11067 8745
11068 8202
11069 8204
11071 9186
11078 9691
11080 8837
11082 8315
11083 8300
11086 9501
11087 9058
11090 8565
11092 8227
11098 9996
11100 8171
11101 9038
11106 8758
11112 8864
11118 8955
11121 9060
11122 8185
11124 8166
11125 9954
11126 8663
11129 9434
11135 8250
11136 9823
11139 9011
11141 8164
11142 8424
11143 8396
11144 8250
11145 8188
11146 9030
11148 8624
11150 8025
11159 9971
11162 9247
11164 8411
11167 8612
11169 8653
11170 9452
11174 8509
11175 8611
11177 8068
11180 8332
11184 9567
11185 8428
11189 8529
11191 9257
11193 9119
11200 8689
11208 8149
11211 8582
11212 9216
11213 9600
11215 8447
11220 9611
11221 8158
11222 9971
11223 8870
11225 9200
11227 8598
11229 8472
11232 8033
11233 9586
11234 8957
11236 9738
11238 9829
11241 9805
11242 8798
11252 9048
11253 9123
11256 9938
11259 9742
11260 9305
11261 9357
11262 8822
11264 9330
11265 9083
11268 8392
11273 9572
11277 8421
11278 9503
11285 8701
11292 9645
11297 9856
11301 9930
11302 9956
11307 8683
11308 8429
11315 8744
11317 8338
11320 9838
11325 8118
11326 8016
11328 8056
11329 9467
11335 8243
11336 9690
11337 8104
11342 8027
11343 8822
11346 9686
11348 8581
11349 9880
11353 8362
11360 8649
11362 9937
11364 8784
11365 9109
11366 9439
11367 8646
11368 8401
11369 9845
11371 9345
11372 9545
11375 9289
11378 9138
11379 9929
11388 9530
11390 9326
11400 9294
11401 8404
11404 9467
11407 9232
11412 8812
11415 8096
11417 8445
11421 8222
11422 9901
11424 9582
11425 8183
11426 8400
11429 9582
11430 9064
11434 8006
11436 8237
11440 9212
11442 9461
11446 8912
11460 9719
11461 8181
11468 9874
11470 8502
11472 9708
11476 9053
11478 9297
11479 9482
11483 8702
11486 9679
11487 8142
11488 8795
11490 8575
11492 9502
11494 9474
11495 9714
11496 8026
11497 9583
11499 9918
11500 9579
11502 8241
11504 8281
11505 8651
11511 8863
11513 9065
11514 9196
11519 8502
11520 9877
11522 8714
11523 9572
11525 8618
11528 8227
11531 8364
11534 9715
11539 8483
11548 9392
11549 8104
11556 8646
11557 8470
11559 9219
11560 9119
11562 9605
11567 9781
11572 8860
11575 9061
11576 8867
11585 9459
11586 9122
11594 9814
11599 8565
11603 8550
11609 9277
11612 8331
11614 9884
11622 8410
11623 8384
11624 8163
11625 9027
11627 8698
11629 8973
11631 9447
11632 9814
11633 9399
11634 8884
11635 8176
11637 9771
11642 9181
11647 8168
11652 9199
11661 9298
11662 9088
11666 9187
11669 8952
11671 9858
11672 8302
11673 9113
11676 9159
11684 9243
11687 8970
11688 8050
11690 9515
11692 9545
11693 8710
11696 9403
11698 8918
11702 9837
11704 9852
11705 8852
11706 8280
11707 9495
11708 8643
11714 8831
11717 9688
11719 9017
11726 9810
11730 9652
11732 9417
11734 8447
11736 9882
11740 8980
11741 9955
11746 8345
11748 8359
11749 9405
11751 8208
11763 9203
11765 8392
11766 9661
11767 9096
11768 8374
11774 8746
11776 8308
11780 8409
11785 9780
11792 9216
11793 9605
11795 9655
11796 9388
11800 8519
11801 9923
11804 8173
11808 8802
11809 9306
11815 9578
11816 8867
11817 9018
11818 8867
11819 8104
11822 9412
11824 8899
11826 9018
11828 8982
11835 8864
11837 9461
11839 8306
11840 8653
11841 9614
11842 9068
11849 8911
11850 8685
11856 8744
11859 9325
11861 8630
11864 8457
11868 9110
11870 8634
11871 9360
11873 8571
11879 9352
11882 8549
11896 8813
11899 9724
11901 8799
11902 8951
11904 8937
11907 8384
11910 9059
11911 9527
11912 8981
11913 8394
11916 9332
11918 8165
11919 9874
11920 8723
11921 9594
11926 8164
11933 9458
11936 9913
11941 8682
11942 8409
11944 8370
11946 9757
11956 9344
11960 8466
11962 9663
11964 8348
11966 9390
11969 8921
11973 9508
11982 8501
11983 8679
11984 9887
11988 9932
11989 8720
11991 8454
11992 8791
11997 8253
11999 9124
10001 8416
10004 8615
10005 8507
10007 9867
10010 9787
10011 9404
10014 8498
10017 8938
10019 9716
10020 9198
10021 9528
10022 9627
10023 9559
10026 8960
10029 8825
10033 9781
10038 8021
10041 8978
10043 8689
10046 9650
10049 9322
10053 8907
10055 8378
10056 8825
10057 8717
10058 8714
10059 8333
10061 8862
10063 9990
10066 8489
10067 8055
10076 9172
10079 9943
10080 9678
10082 9319
10084 9671
10085 9633
10087 9565
10088 8117
10089 8218
10092 9411
10093 8192
10094 9447
10095 8638
10096 8868
10100 9896
10102 9880
10103 9660
10104 8558
10105 8599
10109 9274
10113 9408
10114 8251
10115 9666
10117 9872
10119 8204
10122 9513
10124 8971
10126 9975
10129 8204
10130 8382
10132 9050
10136 8136
10137 9151
10139 9974
10140 9885
10145 8487
10148 9633
10150 8129
10152 8904
10154 8865
10156 9359
10158 8687
10160 8225
10162 8749
10171 9162
10172 8124
10176 8830
10178 8959
10181 8848
10185 9383
10191 9012
10197 9032
10199 9632
10200 9347
10205 8737
10206 8478
10209 9825
10219 9586
10221 8040
10222 8771
10223 9866
10226 9310
10228 8238
10230 9529
10232 9555
10233 8645
10235 8297
10238 9158
10239 9163
8192 6375
8197 7916
8199 6160
8201 7111
8202 6680
8203 6733
8204 6599
8206 7088
8208 6570
8215 7593
8218 7900
8221 7946
8222 7119
8225 7874
8227 6846
8229 6580
8236 7032
8237 6877
8238 7070
8240 7798
8241 6324
8243 6422
8250 6748
8251 6065
8253 6009
8264 6584
8268 7485
8280 7614
8281 6525
8287 6925
8297 6989
8300 7350
8302 6161
8303 6510
8304 7304
8306 7309
8307 6633
8308 7976
8309 6530
8315 7498
8316 7465
8322 6509
8331 6193
8332 7490
8333 7820
8338 7231
8341 7126
8343 6672
8345 7206
8348 7933
8349 7384
8354 6816
8359 6540
8362 7754
8364 7138
8368 6678
8370 6548
8371 7232
8374 6221
8376 6837
8378 6056
8382 7773
8384 6378
8392 7530
8394 6150
8396 7051
8398 6482
8399 7133
8400 6614
8401 6819
8404 7006
8409 6018
8410 7625
8411 7511
8412 6315
8414 7724
8416 6743
8421 6639
8424 7003
8428 6321
8429 7287
8430 7480
8442 6796
8445 7468
8447 6575
8449 7907
8452 6551
8454 7594
8455 7286
8457 7059
8459 7448
8465 7264
8466 6430
8470 6826
8471 7525
8472 6625
8473 7501
8474 7781
8478 7191
8483 6500
8486 7828
8487 6120
8489 7247
8495 6941
8497 6523
8498 6039
8501 7096
8502 7573
8507 7424
8509 7378
8514 7664
8518 7711
8519 7707
8521 6452
8529 6188
8530 6917
8535 7731
8539 7089
8540 7388
8548 6860
8549 7263
8550 6563
8558 6453
8560 7624
8562 6682
8565 7693
8569 6752
8570 6753
8571 6657
8573 7911
8574 7320
8575 6650
8577 6520
8581 7537
8582 6721
8592 6768
8598 6770
8599 7861
8602 7575
8604 7185
8611 7708
8612 6218
8615 6981
8616 7457
8618 6388
8622 6350
8624 6360
8630 7928
8634 7631
8638 7939
8643 7908
8645 6267
8646 7757
8647 7878
8649 7884
8651 6922
8653 6453
8655 7671
8662 6532
8663 7990
8676 6880
8679 6646
8682 6525
8683 6851
8684 7868
8685 6372
8687 6849
8689 7239
8694 7537
8698 7247
8700 6942
8701 6651
8702 6119
8706 6880
8709 6656
8710 6538
8714 6781
8717 7914
8720 6686
8722 7640
8723 7019
8727 6522
8735 6186
8737 7115
8740 7346
8741 7959
8743 7013
8744 6400
8745 6570
8746 6841
8749 7525
8750 7373
8757 6712
8758 7274
8760 7086
8765 7722
8771 6123
8779 6901
8782 6571
8784 7301
8791 7743
8793 7693
8794 7207
8795 7426
8798 7941
8799 7571
8802 7258
8811 7364
8812 6366
8813 6681
8822 7720
8825 6201
8826 7755
8830 6317
8831 7601
8837 7327
8841 7711
8848 6040
8852 6178
8854 6674
8857 7044
8860 6245
8862 7677
8863 7171
8864 7004
8865 7126
8867 6766
8868 6245
8870 6993
8874 6934
8884 7512
8895 7076
8896 7477
8899 7039
8901 7672
8904 7108
8907 7703
8911 7851
8912 6082
8917 7241
8918 7481
8921 6983
8922 7236
8937 7341
8938 6146
8942 6625
8951 6751
8952 6376
8955 6698
8957 6313
8959 7689
8960 7981
8966 7218
8967 7610
8970 6433
8971 7745
8973 7514
8974 7176
8978 6963
8980 7772
8981 7491
8982 7026
8985 7446
8988 7700
8992 7848
9006 6993
9011 6492
9012 7230
9017 7678
9018 7405
9027 7647
9030 7167
9032 6265
9035 7028
9038 6283
9048 6602
9050 6296
9053 6668
9058 7715
9059 6135
9060 6340
9061 6859
9064 6194
9065 7898
9068 6961
9072 6182
9077 7976
9083 6780
9088 7003
9092 6545
9094 7251
9096 7668
9102 7911
9103 7891
9105 6753
9109 6726
9110 7961
9111 7061
9113 6381
9119 7836
9122 6653
9123 7033
9124 7887
9128 6938
9132 6459
9138 6471
9141 6337
9146 7015
9151 6212
9152 6893
9154 7061
9156 7294
9158 6607
9159 6409
9162 6195
9163 6148
9170 6845
9172 6658
9173 6773
9174 7492
9181 7526
9186 7021
9187 7816
9195 7729
9196 7881
9197 7469
9198 6640
9199 6688
9200 6906
9203 6052
9207 7101
9212 6506
9216 6288
9217 7451
9219 6004
9232 7596
9243 7356
9247 6468
9257 7838
9258 6825
9272 6676
9274 6891
9275 6471
9277 7507
9284 7176
9289 6022
9294 6304
9297 7653
9298 7619
9301 6675
9305 6406
9306 7658
9309 7346
9310 7554
9313 7387
9319 6291
9322 7015
9325 7889
9326 6201
9328 7875
9330 7810
9331 7717
9332 7299
9343 7009
9344 6509
9345 7634
9347 6889
9352 7797
9357 6464
9359 7158
9360 7094
9364 6001
9369 7377
9378 7059
9380 7175
9382 6499
9383 7885
9388 7663
9390 7346
9392 7567
9393 6410
9399 6063
9403 6755
9404 7237
9405 6366
9408 6009
9411 7758
9412 6084
9417 7170
9424 6470
9426 6438
9433 6584
9434 6601
9439 6829
9447 7059
9452 7509
9454 7379
9458 6291
9459 6055
9461 7130
9467 6172
9468 7984
9474 6260
9482 6599
9495 6827
9501 7311
9502 7386
9503 7433
9508 6320
9510 6585
9512 6813
9513 7764
9514 6759
9515 6046
9519 6632
9527 7990
9528 6896
9529 6435
9530 6370
9533 6111
9545 6370
9552 6352
9555 6208
9559 7773
9565 6299
9566 6557
9567 7789
9568 7421
9572 7067
9576 7989
9578 7960
9579 7513
9582 7293
9583 7046
9586 7694
9589 6787
9594 6718
9596 7219
9598 6097
9600 6083
9605 6621
9611 6332
9614 6061
9620 6114
9623 7984
9624 6324
9627 7500
9629 6471
9632 6065
9633 7527
9638 6845
9644 7945
9645 6433
9648 6507
9649 6829
9650 7396
9651 6738
9652 6492
9655 7877
9657 6103
9660 6783
9661 6789
9663 6055
9666 7378
9667 7353
9671 6151
9672 6204
9678 7138
9679 7619
9686 7831
9688 7161
9690 7946
9691 6325
9692 6792
9693 7332
9698 7252
9700 6841
9702 7332
9708 7285
9713 6313
9714 7050
9715 7601
9716 7834
9717 7730
9719 6986
9724 6161
9732 7919
9733 7895
9737 6719
9738 7765
9739 6707
9742 6582
9757 7365
9758 7808
9762 6357
9763 6652
9771 7790
9775 7063
9777 7958
9780 6623
9781 7925
9787 7644
9802 6286
9805 7284
9809 6838
9810 7757
9814 7470
9823 7188
9825 7291
9827 6744
9829 6566
9830 7284
9837 7538
9838 7450
9841 7902
9845 6671
9846 7499
9852 6410
9856 6157
9858 7776
9866 7857
9867 7924
9872 6078
9874 6273
9877 6246
9880 6812
9881 6945
9882 6427
9884 7369
9885 7982
9887 7193
9896 7076
9900 6041
9901 6172
9913 7933
9916 6637
9918 7190
9923 6556
9929 6023
9930 6598
9932 7160
9937 6026
9938 6838
9942 7732
9943 7492
9947 7651
9954 7264
9955 6916
9956 7330
9958 7552
9960 7599
9970 7970
9971 7896
9974 7194
9975 6604
9979 6156
9989 6847
9990 6418
9993 7143
9994 7090
9996 6797
9998 7120
8002 7380
8006 7643
8016 7024
8021 7125
8025 6442
8026 7420
8027 7528
8030 7986
8033 6590
8040 7336
8043 6793
8050 7006
8055 6516
8056 6234
8059 7133
8063 7979
8066 6058
8068 7539
8096 6752
8104 7334
8117 7386
8118 6008
8120 7572
8124 6238
8127 6822
8129 7353
8136 6505
8141 7146
8142 6133
8143 7914
8145 7511
8149 7799
8158 6948
8163 6715
8164 6671
8165 6434
8166 7104
8168 7147
8169 7794
8171 7638
8173 6523
8176 7828
8177 7136
8179 6717
8181 7676
8183 7330
8185 7552
8188 6594
8189 6348
8191 7590
6146 5216
6148 4408
6150 5755
6151 5579
6156 5556
6157 5911
6160 4790
6161 4902
6172 4412
6178 4049
6182 4970
6186 4190
6188 5464
6193 4915
6194 5889
6195 5052
6201 4504
6204 5016
6208 4440
6212 4335
6218 5409
6221 4565
6234 4327
6238 5086
6245 5243
6246 5504
6260 4467
6265 5695
6267 4212
6273 4823
6283 4208
6286 4811
6288 4206
6291 4141
6296 5978
6299 5808
6304 4303
6313 5202
6315 5300
6317 5045
6320 4052
6321 4711
6324 4436
6325 5928
6332 5670
6337 5103
6340 5027
6348 4023
6350 5752
6352 5351
6357 4518
6360 5055
6366 5024
6370 5797
6372 5134
6375 5885
6376 5017
6378 4390
6381 4318
6388 4742
6400 5189
6406 5824
6409 5048
6410 5102
6418 4620
6422 5207
6427 5845
6430 5747
6433 4037
6434 5034
6435 4235
6438 4850
6442 4613
6452 5720
6453 5671
6459 5359
6464 4910
6468 4828
6470 4836
6471 4356
6482 5041
6492 4428
6499 4843
6500 5440
6505 4344
6506 4716
6507 5475
6509 5404
6510 4823
6516 5827
6520 4349
6522 4766
6523 5030
6525 4498
6530 5680
6532 4096
6538 5757
6540 4809
6545 5362
6548 4133
6551 4659
6556 4422
6557 4956
6563 5940
6566 5373
6570 4065
6571 4995
6575 5434
6580 5876
6582 5398
6584 4593
6585 4063
6590 5605
6594 4340
6598 4946
6599 4044
6601 4262
6602 5214
6604 4300
6607 5934
6614 5204
6621 4941
6623 4998
6625 4306
6632 5396
6633 5760
6637 4922
6639 5808
6640 5011
6646 5565
6650 5920
6651 4071
6652 4249
6653 4334
6656 4960
6657 4258
6658 5611
6668 5794
6671 5123
6672 4341
6674 5864
6675 5640
6676 4821
6678 4378
6680 4187
6681 5090
6682 5660
6686 5460
6688 5024
6698 4742
6707 5822
6712 4432
6715 5409
6717 4035
6718 5397
6719 5476
6721 5881
6726 5473
6733 5723
6738 5577
6743 4926
6744 5872
6748 4809
6751 5078
6752 4805
6753 4164
6755 4692
6759 4022
6766 4336
6768 4141
6770 4343
6773 4940
6780 5376
6781 5497
6783 4709
6787 5013
6789 5016
6792 4681
6793 5508
6796 4122
6797 5477
6812 4394
6813 5783
6816 4648
6819 5458
6822 4944
6825 5844
6826 5873
6827 4818
6829 5346
6837 5818
6838 5458
6841 4557
6845 4098
6846 4393
6847 5590
6849 4513
6851 5164
6859 4313
6860 5911
6877 4762
6880 5081
6889 5571
6891 4346
6893 4513
6896 4659
6901 5034
6906 5971
6916 4077
6917 4990
6922 4551
6925 4655
6934 5686
6938 5921
6941 4629
6942 5637
6945 5622
6948 5350
6961 4550
6963 4383
6981 5614
6983 5728
6986 4972
6989 5091
6993 4938
7003 5650
7004 4394
7006 5666
7009 4632
7013 4954
7015 5248
7019 5884
7021 5476
7024 4356
7026 5275
7028 5116
7032 5603
7033 5060
7039 5181
7044 5890
7046 4500
7050 4492
7051 5593
7059 4228
7061 5638
7063 4879
7067 4472
7070 4957
7076 5603
7086 4003
7088 4788
7089 5767
7090 5962
7094 5053
7096 5647
7101 5176
7104 4703
7108 5304
7111 5476
7115 4965
7119 5367
7120 5237
7125 4633
7126 5049
7130 5039
7133 5417
7136 5906
7138 5242
7143 5054
7146 5979
7147 4011
7158 5907
7160 5631
7161 5704
7167 4147
7170 4006
7171 4423
7175 4222
7176 4229
7185 4201
7188 4794
7190 5137
7191 4694
7193 4911
7194 4208
7206 5413
7207 4481
7218 5898
7219 5951
7230 5962
7231 4391
7232 5826
7236 4947
7237 5394
7239 5035
7241 5756
7247 5029
7251 5100
7252 4594
7258 4989
7263 5583
7264 4921
7274 5251
7284 5910
7285 5620
7286 5852
7287 4207
7291 5581
7293 5713
7294 4118
7299 5645
7301 5783
7304 5941
7309 4534
7311 4720
7320 5100
7327 5499
7330 5167
7332 5670
7334 5501
7336 5245
7341 5085
7346 5178
7350 4695
7353 4610
7356 4228
7364 5026
7365 5107
7369 5909
7373 4432
7377 5078
7378 4326
7379 5599
7380 5736
7384 4488
7386 4408
7387 4468
7388 4426
7396 5131
7405 5218
7420 4085
7421 5219
7424 4525
7426 4051
7433 4696
7446 5551
7448 5919
7450 5841
7451 5934
7457 5888
7465 4793
7468 4874
7469 4352
7470 5102
7477 4381
7480 4708
7481 5700
7485 5054
7490 5111
7491 4005
7492 5797
7498 5232
7499 4188
7500 4916
7501 4528
7507 5627
7509 5379
7511 4754
7512 5799
7513 4292
7514 4580
7525 5947
7526 4665
7527 5617
7528 4152
7530 4283
7537 4156
7538 5189
7539 4052
7552 5882
7554 4638
7567 4887
7571 5021
7572 5685
7573 4540
7575 5985
7590 4235
7593 4928
7594 5987
7596 5826
7599 5679
7601 4363
7610 5237
7614 4754
7619 4042
7624 4318
7625 4537
7631 4494
7634 5873
7638 5678
7640 5237
7643 4277
7644 4203
7647 4635
7651 4708
7653 4172
7658 4391
7663 4639
7664 5996
7668 5541
7671 4679
7672 5322
7676 4716
7677 4495
7678 5368
7689 5722
7693 5719
7694 5568
7700 4111
7703 4426
7707 4411
7708 5505
7711 4844
7715 5694
7717 4307
7720 5162
7722 4715
7724 5821
7729 5741
7730 4896
7731 5725
7732 5691
7743 4486
7745 4306
7754 5433
7755 5681
7757 5913
7758 4349
7764 4755
7765 4568
7772 5875
7773 5224
7776 4016
7781 5737
7789 5603
7790 4879
7794 4934
7797 4206
7798 5329
7799 5040
7808 5150
7810 4545
7816 5789
7820 4273
7828 5535
7831 4972
7834 5685
7836 5720
7838 4252
7848 4195
7851 4156
7857 4309
7861 5321
7868 4073
7874 5591
7875 5307
7877 4032
7878 5511
7881 4382
7884 5257
7885 5776
7887 5273
7889 5898
7891 5553
7895 5996
7896 5979
7898 4590
7900 5021
7902 4958
7907 5495
7908 5458
7911 5555
7914 4337
7916 5521
7919 5635
7924 5991
7925 4943
7928 4567
7933 4503
7939 5989
7941 4767
7945 5717
7946 4561
7958 5696
7959 4121
7960 4289
7961 5404
7970 4703
7976 4220
7979 4008
7981 5670
7982 4776
7984 5650
7986 5206
7989 5930
7990 4590
6001 5264
6004 4003
6008 5348
6009 4770
6018 5385
6022 4623
6023 5669
6026 4176
6039 5559
6040 5786
6041 5837
6046 5395
6052 4406
6055 4801
6056 5114
6058 4782
6061 4567
6063 4669
6065 5927
6078 4785
6082 4812
6083 5169
6084 4285
6097 5135
6103 5019
6111 5197
6114 4156
6119 4148
6120 5486
6123 4133
6133 4586
6135 4386
4096 3351
4098 2574
4111 2502
4118 2149
4121 2015
4122 3586
4133 3044
4141 3813
4147 3349
4148 3619
4152 2949
4156 3221
4164 3354
4172 2959
4176 3247
4187 3339
4188 2888
4190 2770
4195 3901
4201 2659
4203 3694
4206 2116
4207 2199
4208 3821
4212 3090
4220 2423
4222 3878
4228 3674
4229 2829
4235 3624
4249 2625
4252 2006
4258 2150
4262 3275
4273 2635
4277 3225
4283 2651
4285 2092
4289 2447
4292 2764
4300 2253
4303 2936
4306 2851
4307 2847
4309 2068
4313 3111
4318 3078
4326 3174
4327 3883
4334 2451
4335 2744
4336 3720
4337 3899
4340 2659
4341 2221
4343 3183
4344 3416
4346 2905
4349 2884
4352 3202
4356 3051
4363 2386
4378 3242
4381 2425
4382 2390
4383 3755
4386 3846
4390 3906
4391 2823
4393 2693
4394 3099
4406 3339
4408 3593
4411 3192
4412 2103
4422 3179
4423 2473
4426 3121
4428 3502
4432 3328
4436 3444
4440 2037
4467 2885
4468 2677
4472 2868
4481 2920
4486 2593
4488 2303
4492 2860
4494 2751
4495 3813
4498 2494
4500 3941
4503 2332
4504 3196
4513 2477
4518 3800
4525 3595
4528 3841
4534 3987
4537 3160
4540 2576
4545 3225
4550 3917
4551 3960
4557 3954
4561 3180
4565 2462
4567 3763
4568 2474
4580 2183
4586 3680
4590 2973
4593 3119
4594 3719
4610 2600
4613 3414
4620 3621
4623 2614
4629 2035
4632 2213
4633 2386
4635 3040
4638 2217
4639 2825
4648 2132
4655 2870
4659 3898
4665 2897
4669 2180
4679 2771
4681 2010
4692 3517
4694 3862
4695 3393
4696 3375
4703 3678
4708 3572
4709 3160
4711 2618
4715 2177
4716 3026
4720 3487
4742 2946
4754 2654
4755 2201
4762 2660
4766 3595
4767 2463
4770 3533
4776 3772
4782 3919
4785 3247
4788 2012
4790 2230
4793 3113
4794 2458
4801 3518
4805 3555
4809 3464
4811 2259
4812 3848
4818 3340
4821 3514
4823 2006
4828 3121
4836 2506
4843 3376
4844 2473
4850 3642
4874 3666
4879 2628
4887 3721
4896 3631
4902 3674
4910 2333
4911 2278
4915 2552
4916 3995
4921 2358
4922 2985
4926 3661
4928 3618
4934 3662
4938 2435
4940 3812
4941 2522
4943 2045
4944 3357
4946 3231
4947 3901
4954 3845
4956 3675
4957 3200
4958 3963
4960 3320
4965 3480
4970 2195
4972 3324
4989 2221
4990 3640
4995 2699
4998 2161
5011 2161
5013 3276
5016 2726
5017 2851
5019 3239
5021 2882
5024 3825
5026 3725
5027 2353
5029 3379
5030 3603
5034 3234
5035 2373
5039 3687
5040 3667
5041 2374
5045 3071
5048 3250
5049 3386
5052 3868
5053 2327
5054 3351
5055 2956
5060 2437
5078 2145
5081 2146
5085 3545
5086 3880
5090 2326
5091 3436
5100 3133
5102 2608
5103 3736
5107 2219
5111 2352
5114 3342
5116 3357
5123 2871
5131 2669
5134 3984
5135 3312
5137 3492
5150 2291
5162 2476
5164 3902
5167 2959
5169 2916
5176 2036
5178 2477
5181 3941
5189 3367
5197 2688
5202 3275
5204 2953
5206 3535
5207 3300
5214 2921
5216 3784
5218 2139
5219 3802
5224 3071
5232 2540
5237 2137
5242 2172
5243 3587
5245 2600
5248 2413
5251 3426
5257 3688
5264 2238
5273 3003
5275 3204
5300 2893
5304 3083
5307 3374
5321 3480
5322 3828
5329 3519
5346 2847
5348 2219
5350 2321
5351 2563
5359 3202
5362 2029
5367 2966
5368 2868
5373 2397
5376 2061
5379 3506
5385 2099
5394 2702
5395 3634
5396 3854
5397 2849
5398 2035
5404 2463
5409 2809
5413 2354
5417 3999
5433 2251
5434 2978
5440 2322
5458 2338
5460 2065
5464 3338
5473 2921
5475 3246
5476 2544
5477 2070
5486 2836
5495 2208
5497 2551
5499 3148
5501 3817
5504 2412
5505 3488
5508 3028
5511 2594
5521 3957
5535 2482
5541 2249
5551 2592
5553 3913
5555 2907
5556 2553
5559 2777
5565 3905
5568 2406
5571 3091
5577 3981
5579 3034
5581 2077
5583 3188
5590 3003
5591 2656
5593 3300
5599 3754
5603 3277
5605 3900
5611 3504
5614 3691
5617 3488
5620 2318
5622 3015
5627 3615
5631 3546
5635 3864
5637 2020
5638 3346
5640 3979
5645 2509
5647 3322
5650 3883
5660 3118
5666 3924
5669 2861
5670 2488
5671 3815
5678 3387
5679 2142
5680 3590
5681 3196
5685 2910
5686 2985
5691 2715
5694 2922
5695 3939
5696 2646
5700 2113
5704 2952
5713 3316
5717 3699
5719 2348
5720 3362
5722 2851
5723 3240
5725 2311
5728 3546
5736 2293
5737 2868
5741 2883
5747 2282
5752 2704
5755 3260
5756 2345
5757 2010
5760 2145
5767 3752
5776 3509
5783 2107
5786 3374
5789 2342
5794 2985
5797 2341
5799 2650
5808 2431
5818 2473
5821 2638
5822 2680
5824 2912
5826 3032
5827 2535
5837 3561
5841 3219
5844 2203
5845 3561
5852 3223
5864 3258
5872 2722
5873 2268
5875 2046
5876 3840
5881 2168
5882 2226
5884 3442
5885 3057
5888 2016
5889 2366
5890 2912
5898 2106
5906 2944
5907 2069
5909 2219
5910 3066
5911 3688
5913 3517
5919 3038
5920 2123
5921 2095
5927 2204
5928 2069
5930 3704
5934 3884
5940 2727
5941 2567
5947 2085
5951 2367
5962 2612
5971 2548
5978 2875
5979 2436
5985 3014
5987 2178
5989 2470
5991 3205
5996 2548
4003 2760
4005 3527
4006 2846
4008 2817
4011 2942
4016 2645
4022 2295
4023 2459
4032 2843
4035 3491
4037 2015
4042 2694
4044 2768
4049 3662
4051 2045
4052 3258
4063 3997
4065 2706
4071 3962
4073 3532
4077 3708
4085 2426
2061 1848
2065 232
2068 394
2069 1250
2070 1983
2077 1056
2085 1881
2092 1373
2095 731
2099 1415
2103 489
2106 1823
2107 1093
2113 690
2116 669
2123 1234
2132 994
2137 1999
2139 500
2142 938
2145 1253
2146 850
2149 1543
2150 1597
2161 300
2168 1980
2172 1797
2177 1183
2178 391
2180 965
2183 585
2195 1931
2199 1041
2201 150
2203 1577
2204 1568
2208 1728
2213 636
2217 687
2219 1862
2221 1192
2226 1404
2230 1612
2238 1728
2249 863
2251 1999
2253 1826
2259 196
2268 1879
2278 1489
2282 1948
2291 895
2293 1774
2295 625
2303 1191
2311 867
2318 1200
2321 1018
2322 863
2326 1446
2327 760
2332 1052
2333 674
2338 82
2341 1457
2342 1150
2345 1570
2348 261
2352 229
2353 1723
2354 1308
2358 387
2366 1016
2367 1727
2373 1131
2374 1715
2386 1517
2390 1907
2397 1889
2406 1883
2412 916
2413 1014
2423 1698
2425 1726
2426 383
2431 1746
2435 220
2436 1311
2437 1705
2447 1332
2451 871
2458 1184
2459 1034
2462 1460
2463 382
2470 202
2473 1628
2474 1391
2476 1222
2477 1575
2482 609
2488 70
2494 1415
2502 1618
2506 560
2509 1401
2522 1629
2535 1127
2540 858
2544 39
2548 798
2551 1271
2552 717
2553 205
2563 1776
2567 51
2574 1724
2576 176
2592 1430
2593 159
2594 1137
2600 869
2608 1671
2612 259
2614 902
2618 459
2625 1715
2628 1130
2635 1722
2638 434
2645 520
2646 1977
2650 951
2651 598
2654 1420
2656 1712
2659 466
2660 1118
2669 1503
2677 953
2680 1596
2688 7
2693 1887
2694 1786
2699 741
2702 355
2704 1883
2706 1415
2715 1640
2722 1967
2726 1563
2727 118
2744 860
2751 1503
2760 159
2764 1755
2768 1795
2770 1496
2771 1259
2777 832
2809 100
2817 1138
2823 159
2825 1206
2829 1958
2836 155
2843 1051
2846 922
2847 1309
2849 1136
2851 1794
2860 1214
2861 1192
2868 1238
2870 1686
2871 1765
2875 1825
2882 391
2883 1937
2884 373
2885 119
2888 1425
2893 1427
2897 72
2905 636
2907 141
2910 689
2912 684
2916 807
2920 406
2921 340
2922 427
2936 1891
2942 1385
2944 1772
2946 388
2949 277
2952 1639
2953 278
2956 400
2959 552
2966 1319
2973 1954
2978 315
2985 374
3003 252
3014 1614
3015 353
3026 1366
3028 666
3032 263
3034 1322
3038 335
3040 1917
3044 907
3051 1138
3057 1551
3066 993
3071 1878
3078 242
3083 306
3090 74
3091 24
3099 549
3111 858
3113 1680
3118 159
3119 1196
3121 1795
3133 135
3148 429
3160 19
3174 1188
3179 1470
3180 1722
3183 1227
3188 15
3192 1666
3196 1318
3200 105
3202 1113
3204 680
3205 1877
3219 1513
3221 232
3223 1243
3225 1902
3231 1849
3234 645
3239 1588
3240 1299
3242 1944
3246 1845
3247 584
3250 1992
3258 1924
3260 944
3275 1691
3276 1957
3277 820
3300 345
3312 371
3316 79
3320 1238
3322 807
3324 1165
3328 11
3338 479
3339 1566
3340 853
3342 761
3346 1460
3349 1745
3351 1947
3354 730
3357 1952
3362 1022
3367 1651
3374 18
3375 59
3376 1450
3379 564
3386 1606
3387 919
3393 1100
3414 1472
3416 1167
3426 1197
3436 1973
3442 450
3444 1667
3464 160
3480 1698
3487 1761
3488 1564
3491 1906
3492 850
3502 528
3504 535
3506 1006
3509 757
3514 1818
3517 1294
3518 667
3519 1409
3527 587
3532 225
3533 1227
3535 1472
3545 1191
3546 299
3555 79
3561 788
3572 1348
3586 442
3587 1518
3590 944
3593 1554
3595 288
3603 560
3615 1240
3618 209
3619 1218
3621 1843
3624 1772
3631 1345
3634 193
3640 1639
3642 580
3661 571
3662 1579
3666 1628
3667 1266
3674 431
3675 707
3678 854
3680 287
3687 1410
3688 1703
3691 885
3694 1126
3699 1630
3704 1848
3708 860
3719 1785
3720 198
3721 1431
3725 1760
3736 585
3752 206
3754 333
3755 179
3763 54
3772 257
3784 1690
3800 914
3802 266
3812 1023
3813 409
3815 1589
3817 1259
3821 1375
3825 126
3828 1974
3840 696
3841 753
3845 121
3846 1831
3848 1606
3854 1698
3862 836
3864 1311
3868 1793
3878 293
3880 1528
3883 1639
3884 611
3898 1523
3899 950
3900 223
3901 1591
3902 1266
3905 719
3906 131
3913 343
3917 1817
3919 1435
3924 1362
3939 390
3941 686
3954 1385
3957 1024
3960 1434
3962 930
3963 1487
3979 164
3981 397
3984 1657
3987 14
3995 827
3997 1642
3999 1527
2006 1328
2010 466
2012 61
2015 1497
2016 1785
2020 241
2029 863
2035 1605
2036 1869
2037 1012
2045 6
2046 517
