16384 15455
16385 14040
16386 15355
16387 14226
16388 14559
16389 14933
16390 15978
16391 15830
16392 15688
16393 15775
16394 14535
16395 14857
16396 14855
16397 15103
16398 15249
16399 14622
16400 14543
16401 15386
16402 15935
16403 15976
16404 14545
16405 14732
16406 15762
16407 14628
16408 14545
16409 15497
16410 15082
16411 14929
16412 15239
16413 15973
16414 15314
16415 15772
16416 15242
16417 14281
16418 15673
16419 15539
16420 14698
16421 14025
16422 14035
16423 15207
16424 14495
16425 15213
16426 15626
16427 15949
16428 15820
16429 15353
16430 14438
16431 14600
16432 14371
16433 15369
16434 14040
16435 14138
16436 15002
16437 15181
16438 15492
16439 14494
16440 15448
16441 15145
16442 14404
16443 15096
16444 15248
16445 15870
16446 15360
16447 15748
16448 14244
16449 14559
16450 14627
16451 14980
16452 15483
16453 14174
16454 15473
16455 14452
16456 14639
16457 14924
16458 15173
16459 14424
16460 15405
16461 15998
16462 15456
16463 15259
16464 14092
16465 14329
16466 15406
16467 15402
16468 15383
16469 14755
16470 14652
16471 14567
16472 14086
16473 15324
16474 14864
16475 15201
16476 14006
16477 15924
16478 14971
16479 14174
16480 15606
16481 15185
16482 15783
16483 15721
16484 14490
16485 14887
16486 14975
16487 15596
16488 14382
16489 14660
16490 14007
16491 14980
16492 14053
16493 14442
16494 15638
16495 15213
16496 15608
16497 15777
16498 15209
16499 15688
16500 15667
16501 15842
16502 14353
16503 14840
16504 15878
16505 15856
16506 14275
16507 14465
16508 14597
16509 15463
16510 15385
16511 15079
16512 15378
16513 14303
16514 14602
16515 14801
16516 15216
16517 15597
16518 14537
16519 15276
16520 14112
16521 15572
16522 15192
16523 15661
16524 14039
16525 14694
16526 14362
16527 15070
16528 15941
16529 14456
16530 15195
16531 14223
16532 15066
16533 15739
16534 15219
16535 14695
16536 14950
16537 14640
16538 14395
16539 15661
16540 14350
16541 15682
16542 15705
16543 15340
16544 15597
16545 14975
16546 14616
16547 15450
16548 14832
16549 14810
16550 15886
16551 14698
16552 15487
16553 15527
16554 14590
16555 15524
16556 15047
16557 15978
16558 14255
16559 14862
16560 15104
16561 14655
16562 15208
16563 14797
16564 14470
16565 15636
16566 15857
16567 14144
16568 15229
16569 14522
16570 14681
16571 14934
16572 15640
16573 15815
16574 14187
16575 14171
16576 14907
16577 14505
16578 14359
16579 14482
16580 15161
16581 15989
16582 14231
16583 14482
16584 14853
16585 15937
16586 15382
16587 15910
16588 14920
16589 15908
16590 14720
16591 15419
16592 14585
16593 14880
16594 14861
16595 14368
16596 14293
16597 15557
16598 14501
16599 14492
16600 14524
16601 15017
16602 14860
16603 15290
16604 15581
16605 14002
16606 15808
16607 14269
16608 14404
16609 14082
16610 14598
16611 14607
16612 14576
16613 15874
16614 14860
16615 14212
16616 14576
16617 15386
16618 15717
16619 14587
16620 14844
16621 14088
16622 14942
16623 15577
16624 14920
16625 15637
16626 14176
16627 14521
16628 15938
16629 14949
16630 14435
16631 15134
16632 15181
16633 15688
16634 14390
16635 14078
16636 14274
16637 15752
16638 15914
16639 14882
16640 15710
16641 15068
16642 15725
16643 15894
16644 14319
16645 14191
16646 15902
16647 15732
16648 15142
16649 14999
16650 14834
16651 14169
16652 15416
16653 15902
16654 15003
16655 15065
16656 14004
16657 14148
16658 15398
16659 14849
16660 14591
16661 15778
16662 14419
16663 15350
16664 14655
16665 15854
16666 15605
16667 14908
16668 14354
16669 15404
16670 14611
16671 15056
16672 15036
16673 14632
16674 14864
16675 14213
16676 14521
16677 14272
16678 15439
16679 14824
16680 15784
16681 14403
16682 14784
16683 14955
16684 15923
16685 14075
16686 14433
16687 15773
16688 15078
16689 15840
16690 14179
16691 14182
16692 14629
16693 15744
16694 14236
16695 15694
16696 15088
16697 15289
16698 14769
16699 14025
16700 14200
16701 14791
16702 14544
16703 15072
16704 15345
16705 14360
16706 15067
16707 14445
16708 14592
16709 14151
16710 15932
16711 15647
16712 14712
16713 14252
16714 15483
16715 15385
16716 15991
16717 15969
16718 14140
16719 15450
16720 14348
16721 15940
16722 14235
16723 14246
16724 14337
16725 15139
16726 14309
16727 15428
16728 14463
16729 14003
16730 15767
16731 15166
16732 14694
16733 15648
16734 14833
16735 15705
16736 15102
16737 15312
16738 15492
16739 14579
16740 15553
16741 14546
16742 15508
16743 15050
16744 14797
16745 14458
16746 14829
16747 15802
16748 14044
16749 14415
16750 15101
16751 15007
16752 15628
16753 14921
16754 14877
16755 15229
16756 14624
16757 15991
16758 15401
16759 15778
16760 15968
16761 15729
16762 15165
16763 14201
16764 15831
16765 14960
16766 14884
16767 14434
16768 15460
16769 14684
16770 15177
16771 15576
16772 14008
16773 15683
16774 14397
16775 15823
16776 15483
16777 14486
16778 14894
16779 14241
16780 15202
16781 15805
16782 15724
16783 14092
16784 15787
16785 14060
16786 14806
16787 15988
16788 15089
16789 15320
16790 14643
16791 14671
16792 14232
16793 14804
16794 15016
16795 15060
16796 15725
16797 14776
16798 14423
16799 14345
16800 14603
16801 14744
16802 15262
16803 14397
16804 14438
16805 14933
16806 14177
16807 14793
16808 15803
16809 14003
16810 14005
16811 14609
16812 14923
16813 14000
16814 14021
16815 14400
16816 14285
16817 15746
16818 14490
16819 14906
16820 14436
16821 15961
16822 14458
16823 14992
16824 14886
16825 15655
16826 14206
16827 15039
16828 14649
16829 15832
16830 15060
16831 15711
16832 14242
16833 14298
16834 14537
16835 15961
16836 15622
16837 15057
16838 14332
16839 14912
16840 14406
16841 14003
16842 14699
16843 14695
16844 14371
16845 15964
16846 14341
16847 15415
16848 14416
16849 15865
16850 15377
16851 15144
16852 14854
16853 15887
16854 15757
16855 14356
16856 14421
16857 15585
16858 15223
16859 14889
16860 14445
16861 14462
16862 15432
16863 15984
16864 15666
16865 14731
16866 15706
16867 14157
16868 14473
16869 15367
16870 14190
16871 15182
16872 15627
16873 15158
16874 14044
16875 14506
16876 14303
16877 14067
16878 14230
16879 14568
16880 15399
16881 14581
16882 15702
16883 15155
16884 15516
16885 14445
16886 15796
16887 14252
16888 14737
16889 14868
16890 15621
16891 14771
16892 15593
16893 14486
16894 14230
16895 14122
16896 14898
16897 15598
16898 14318
16899 14858
16900 14720
16901 15566
16902 14390
16903 14280
16904 15625
16905 14990
16906 14597
16907 14218
16908 14447
16909 15221
16910 15245
16911 15575
16912 14026
16913 14940
16914 14908
16915 15016
16916 14796
16917 15704
16918 15483
16919 14700
16920 15253
16921 15930
16922 14488
16923 14051
16924 14566
16925 15336
16926 15308
16927 15857
16928 15253
16929 15141
16930 14079
16931 14402
16932 15583
16933 14579
16934 15866
16935 15279
16936 15886
16937 14861
16938 14765
16939 15920
16940 15856
16941 14465
16942 15140
16943 14948
16944 15168
16945 14639
16946 15935
16947 14804
16948 15720
16949 14355
16950 14563
16951 15736
16952 14730
16953 14876
16954 14975
16955 15240
16956 15320
16957 14356
16958 14355
16959 14784
16960 14542
16961 15804
16962 15600
16963 15967
16964 15200
16965 15250
16966 15786
16967 15717
16968 14134
16969 14475
16970 14077
16971 14056
16972 14704
16973 14779
16974 14059
16975 14435
16976 14237
16977 14280
16978 14449
16979 15662
16980 14030
16981 15443
16982 14881
16983 14533
16984 14593
16985 14224
16986 15161
16987 14316
16988 15336
16989 14824
16990 14191
16991 14878
16992 15086
16993 14146
16994 15403
16995 14964
16996 15471
16997 15520
16998 14759
16999 14584
17000 15224
17001 15696
17002 15844
17003 15723
17004 15437
17005 14727
17006 15329
17007 14536
17008 14455
17009 15810
17010 15966
17011 14150
17012 15131
17013 14579
17014 15467
17015 15064
17016 14658
17017 14839
17018 14293
17019 15990
17020 15206
17021 14334
17022 15071
17023 15996
17024 15144
17025 15384
17026 14101
17027 15331
17028 14779
17029 14881
17030 15353
17031 15453
17032 14142
17033 14927
17034 14849
17035 14722
17036 14658
17037 14111
17038 14772
17039 15790
17040 14336
17041 14861
17042 15118
17043 14908
17044 14518
17045 14277
17046 14216
17047 14739
17048 15945
17049 14574
17050 15947
17051 15835
17052 15745
17053 14320
17054 15415
17055 14672
17056 15288
17057 14321
17058 15850
17059 15568
17060 15355
17061 14015
17062 15151
17063 15087
17064 15718
17065 15456
17066 15423
17067 15119
17068 15273
17069 14709
17070 15726
17071 14294
17072 14758
17073 14268
17074 14431
17075 14873
17076 14365
17077 15210
17078 15497
17079 15424
17080 14526
17081 14064
17082 14567
17083 15017
17084 14646
17085 14042
17086 14783
17087 14785
17088 14710
17089 15376
17090 14300
17091 14593
17092 15827
17093 15591
17094 15537
17095 15611
17096 15017
17097 14680
17098 15343
17099 15903
17100 14113
17101 15752
17102 14698
17103 14116
17104 15529
17105 14221
17106 14042
17107 15531
17108 15787
17109 15111
17110 14453
17111 14754
17112 14571
17113 15656
17114 14982
17115 14112
17116 15607
17117 14854
17118 14729
17119 15274
17120 14566
17121 14963
17122 15821
17123 15588
17124 15410
17125 14923
17126 15991
17127 15043
17128 14680
17129 15198
17130 14833
17131 14197
17132 15816
17133 14636
17134 14917
17135 15376
17136 15509
17137 14801
17138 15337
17139 14147
17140 14116
17141 15701
17142 15389
17143 15608
17144 14955
17145 15357
17146 14042
17147 14471
17148 14082
17149 14749
17150 15667
17151 14109
17152 15961
17153 14678
17154 14339
17155 15365
17156 14833
17157 15398
17158 15555
17159 14472
17160 14597
17161 15711
17162 15617
17163 14640
17164 14807
17165 15498
17166 15788
17167 14850
17168 14951
17169 15982
17170 15584
17171 15667
17172 15989
17173 15394
17174 14636
17175 15913
17176 15578
17177 15754
17178 14565
17179 14225
17180 15517
17181 15912
17182 14468
17183 14504
17184 14815
17185 14604
17186 14920
17187 15234
17188 15109
17189 15614
17190 14189
17191 15821
17192 15597
17193 15967
17194 15028
17195 14940
17196 15201
17197 14342
17198 14822
17199 15696
17200 15580
17201 15169
17202 14313
17203 15410
17204 15347
17205 15914
17206 15025
17207 15723
17208 15102
17209 14914
17210 14196
17211 15522
17212 14669
17213 14673
17214 15597
17215 15933
17216 14342
17217 15734
17218 15286
17219 14309
17220 15277
17221 14527
17222 14629
17223 14385
17224 15614
17225 14927
17226 14612
17227 14924
17228 15858
17229 14933
17230 15881
17231 14532
17232 15185
17233 14023
17234 14342
17235 14595
17236 14338
17237 14852
17238 15002
17239 15568
17240 15018
17241 14167
17242 15504
17243 15482
17244 14939
17245 15843
17246 15309
17247 15178
17248 14115
17249 15546
17250 14760
17251 14799
17252 15013
17253 15062
17254 15297
17255 14189
17256 15607
17257 14336
17258 15669
17259 14513
17260 15770
17261 14759
17262 15409
17263 14930
17264 15702
17265 14337
17266 14059
17267 14653
17268 14594
17269 15179
17270 15334
17271 15732
17272 15201
17273 14931
17274 14159
17275 15784
17276 15602
17277 15835
17278 15743
17279 14873
17280 14986
17281 14763
17282 15738
17283 14688
17284 14645
17285 15826
17286 15390
17287 14916
17288 15147
17289 14072
17290 14937
17291 14740
17292 14672
17293 15050
17294 15972
17295 15816
17296 14018
17297 14662
17298 14062
17299 15051
17300 15150
17301 15619
17302 15108
17303 14897
17304 14047
17305 15288
17306 15188
17307 15097
17308 14470
17309 14785
17310 15943
17311 15919
17312 14751
17313 14125
17314 14107
17315 15789
17316 14300
17317 15246
17318 14801
17319 15257
17320 14144
17321 14353
17322 15715
17323 14755
17324 14930
17325 15228
17326 15125
17327 15701
17328 14258
17329 15674
17330 14332
17331 15712
17332 15003
17333 15959
17334 15382
17335 15471
17336 15165
17337 14826
17338 14403
17339 14003
17340 14646
17341 14250
17342 14474
17343 15001
17344 15130
17345 14014
17346 14234
17347 14087
17348 14076
17349 14092
17350 14505
17351 15493
17352 15545
17353 15157
17354 14418
17355 15126
17356 14443
17357 15111
17358 14255
17359 14460
17360 15633
17361 15396
17362 15208
17363 15658
17364 14936
17365 15364
17366 15772
17367 15683
17368 15483
17369 15918
17370 15008
17371 14496
17372 15027
17373 15828
17374 14695
17375 15065
17376 15157
17377 14377
17378 15254
17379 14696
17380 15012
17381 15548
17382 14695
17383 15342
17384 15514
17385 14766
17386 14254
17387 14085
17388 15879
17389 14267
17390 15864
17391 15605
17392 14448
17393 15729
17394 15944
17395 14285
17396 15159
17397 14620
17398 15531
17399 14216
17400 14898
17401 14506
17402 14507
17403 15536
17404 15556
17405 14730
17406 14964
17407 14835
17408 14549
17409 14151
17410 15683
17411 14247
17412 14596
17413 14595
17414 15376
17415 15219
17416 14316
17417 14250
17418 15850
17419 15122
17420 15532
17421 15937
17422 14053
17423 15534
17424 15360
17425 15543
17426 15012
17427 15222
17428 15853
17429 15678
17430 14126
17431 15668
17432 14088
17433 14655
17434 15234
17435 15588
17436 14646
17437 14052
17438 15280
17439 15626
17440 14904
17441 15002
17442 15281
17443 14311
17444 14796
17445 14775
17446 14049
17447 14375
17448 15824
17449 15375
17450 15811
17451 15015
17452 15272
17453 15524
17454 15425
17455 15371
17456 14346
17457 14747
17458 15670
17459 15264
17460 14269
17461 14582
17462 14237
17463 14834
17464 15021
17465 15456
17466 14789
17467 14248
17468 15352
17469 14924
17470 15507
17471 14315
17472 14959
17473 15850
17474 14901
17475 15751
17476 15557
17477 14448
17478 14084
17479 15220
17480 14684
17481 15262
17482 14325
17483 14313
17484 15349
17485 15002
17486 14974
17487 15323
17488 14533
17489 14400
17490 14075
17491 14628
17492 15076
17493 15286
17494 14500
17495 14255
17496 15834
17497 15961
17498 15502
17499 15303
17500 15017
17501 15866
17502 14559
17503 14403
17504 15753
17505 14634
17506 14953
17507 15812
17508 14603
17509 14088
17510 15220
17511 14735
17512 14263
17513 14862
17514 14684
17515 14875
17516 15371
17517 14820
17518 15228
17519 14832
17520 14812
17521 14104
17522 15572
17523 15618
17524 15505
17525 15711
17526 15409
17527 14983
17528 14635
17529 15544
17530 14333
17531 15813
17532 15423
17533 14259
17534 14304
17535 15319
17536 15054
17537 15500
17538 15321
17539 14123
17540 14483
17541 15091
17542 14250
17543 14175
17544 14080
17545 15359
17546 15408
17547 15759
17548 14827
17549 15539
17550 14147
17551 15011
17552 15714
17553 14475
17554 14538
17555 14443
17556 14252
17557 15525
17558 14422
17559 15140
17560 14694
17561 14277
17562 15687
17563 14023
17564 14634
17565 14357
17566 15137
17567 14767
17568 15850
17569 14484
17570 15135
17571 14561
17572 14930
17573 15734
17574 14766
17575 14373
17576 15774
17577 15966
17578 15291
17579 14477
17580 15223
17581 15858
17582 15616
17583 15952
17584 15501
17585 15539
17586 15673
17587 14391
17588 15691
17589 15220
17590 14022
17591 15234
17592 15630
17593 14136
17594 15154
17595 15875
17596 15883
17597 14202
17598 14458
17599 14856
17600 14859
17601 15587
17602 14945
17603 14168
17604 15870
17605 14472
17606 15442
17607 15574
17608 15064
17609 15423
17610 15683
17611 14562
17612 15406
17613 14560
17614 14980
17615 14094
17616 15951
17617 15769
17618 14106
17619 14857
17620 14817
17621 14741
17622 15548
17623 14204
17624 15332
17625 15560
17626 15422
17627 14936
17628 14976
17629 15199
17630 15813
17631 15710
17632 15645
17633 14962
17634 15974
17635 14685
17636 14830
17637 14524
17638 15790
17639 15768
17640 14497
17641 14267
17642 15101
17643 15486
17644 14257
17645 14665
17646 15841
17647 14530
17648 14774
17649 15433
17650 14964
17651 15490
17652 15249
17653 15666
17654 14995
17655 15932
17656 15758
17657 15085
17658 15572
17659 14699
17660 14296
17661 15387
17662 15554
17663 14810
17664 14964
17665 14761
17666 14884
17667 14201
17668 14663
17669 15405
17670 14564
17671 15014
17672 14050
17673 14841
17674 14572
17675 14082
17676 14901
17677 15236
17678 14049
17679 15466
17680 14897
17681 15905
17682 15653
17683 15258
17684 14142
17685 14268
17686 14356
17687 14141
17688 15974
17689 14029
17690 14465
17691 14887
17692 14746
17693 15696
17694 14857
17695 14048
17696 15435
17697 14392
17698 14686
17699 15048
17700 15707
17701 14914
17702 15691
17703 15221
17704 15230
17705 14551
17706 14110
17707 15218
17708 15856
17709 14739
17710 15239
17711 14773
17712 14771
17713 14656
17714 15209
17715 15161
17716 14300
17717 15117
17718 14501
17719 14635
17720 15882
17721 15375
17722 14402
17723 14820
17724 15908
17725 14727
17726 14228
17727 15346
17728 15743
17729 15895
17730 14020
17731 15604
17732 15480
17733 15468
17734 15814
17735 14597
17736 15202
17737 15119
17738 15353
17739 14426
17740 14652
17741 15315
17742 14225
17743 15872
17744 14457
17745 15604
17746 15344
17747 14564
17748 14500
17749 14045
17750 14916
17751 14808
17752 14621
17753 15267
17754 15376
17755 14516
17756 14949
17757 14545
17758 15069
17759 14865
17760 14954
17761 15021
17762 15196
17763 15134
17764 15398
17765 14161
17766 14143
17767 15903
17768 14688
17769 14173
17770 14571
17771 14762
17772 15679
17773 15502
17774 15455
17775 14235
17776 15113
17777 15926
17778 15446
17779 15241
17780 15670
17781 14764
17782 14457
17783 15954
17784 14001
17785 15954
17786 14268
17787 14384
17788 14148
17789 14781
17790 14707
17791 14626
17792 14184
17793 14455
17794 14789
17795 15725
17796 15451
17797 14503
17798 15718
17799 14636
17800 15799
17801 15341
17802 14890
17803 15013
17804 14717
17805 14939
17806 14784
17807 14915
17808 14258
17809 15850
17810 14493
17811 14406
17812 15441
17813 15521
17814 14196
17815 15577
17816 15659
17817 15029
17818 14097
17819 14652
17820 15498
17821 15440
17822 15969
17823 15103
17824 14121
17825 14173
17826 14559
17827 14280
17828 14827
17829 15064
17830 14437
17831 14782
17832 15365
17833 15409
17834 15480
17835 14956
17836 15921
17837 14880
17838 14552
17839 15872
17840 15379
17841 14450
17842 14490
17843 14212
17844 15848
17845 15025
17846 15897
17847 15319
17848 14197
17849 15676
17850 14794
17851 15345
17852 14797
17853 14965
17854 15713
17855 15094
17856 14943
17857 14329
17858 15305
17859 14684
17860 14077
17861 14148
17862 14196
17863 15108
17864 15014
17865 15042
17866 15522
17867 15427
17868 15517
17869 15659
17870 15054
17871 15400
17872 15842
17873 15047
17874 14488
17875 15784
17876 14571
17877 15933
17878 14073
17879 15661
17880 14703
17881 14078
17882 15014
17883 14513
17884 15313
17885 14403
17886 14499
17887 15047
17888 14851
17889 15195
17890 15998
17891 14687
17892 14209
17893 14099
17894 15350
17895 15864
17896 15669
17897 14429
17898 14359
17899 15941
17900 14540
17901 14731
17902 15431
17903 14440
17904 14358
17905 14752
17906 14837
17907 14071
17908 14987
17909 15523
17910 15354
17911 15265
17912 14218
17913 14923
17914 14047
17915 14721
17916 14551
17917 15706
17918 14725
17919 14785
17920 15124
17921 14171
17922 14517
17923 15589
17924 14274
17925 14408
17926 15137
17927 14223
17928 15505
17929 15154
17930 14504
17931 15772
17932 14072
17933 15538
17934 14215
17935 15428
17936 14253
17937 15166
17938 15735
17939 15482
17940 15921
17941 15712
17942 14362
17943 14488
17944 14165
17945 14254
17946 15126
17947 15009
17948 14639
17949 14322
17950 14428
17951 14354
17952 15469
17953 15762
17954 15990
17955 15541
17956 14551
17957 15420
17958 15035
17959 15484
17960 14279
17961 14043
17962 15953
17963 15784
17964 15143
17965 14752
17966 15269
17967 14145
17968 14432
17969 15893
17970 15448
17971 15511
17972 15746
17973 14361
17974 15225
17975 15688
17976 15125
17977 14999
17978 15495
17979 14806
17980 14786
17981 15433
17982 14684
17983 15205
17984 15048
17985 15932
17986 15998
17987 15198
17988 15777
17989 15594
17990 15489
17991 14984
17992 14271
17993 14051
17994 14988
17995 14633
17996 15997
17997 14771
17998 14245
17999 14117
16000 15618
16001 15606
16002 14052
16003 14699
16004 14525
16005 14489
16006 14886
16007 14302
16008 14801
16009 15203
16010 15329
16011 15439
16012 15653
16013 15510
16014 14869
16015 15899
16016 15824
16017 14634
16018 14547
16019 15883
16020 14249
16021 14790
16022 14264
16023 15853
16024 15626
16025 15771
16026 15792
16027 15178
16028 15519
16029 14112
16030 14740
16031 15751
16032 14363
16033 14841
16034 15598
16035 15503
16036 14965
16037 15851
16038 15023
16039 14483
16040 14790
16041 14658
16042 15652
16043 14370
16044 14560
16045 15082
16046 15927
16047 15177
16048 14645
16049 14934
16050 15218
16051 14077
16052 15918
16053 14860
16054 15182
16055 14144
16056 15463
16057 14823
16058 14104
16059 15582
16060 15046
16061 15351
16062 15115
16063 14940
16064 15605
16065 15673
16066 15966
16067 15031
16068 15574
16069 14559
16070 14299
16071 15637
16072 15717
16073 15768
16074 15778
16075 15055
16076 14487
16077 14746
16078 15523
16079 14887
16080 15062
16081 15343
16082 14837
16083 14440
16084 14022
16085 15423
16086 15287
16087 15655
16088 15673
16089 15358
16090 14539
16091 14033
16092 14615
16093 15303
16094 14249
16095 14827
16096 15077
16097 15314
16098 15535
16099 15785
16100 14024
16101 15174
16102 15307
16103 14336
16104 15516
16105 14827
16106 14870
16107 15137
16108 14216
16109 15476
16110 14309
16111 14882
16112 15254
16113 14628
16114 15452
16115 14825
16116 14074
16117 14014
16118 14559
16119 15773
16120 14269
16121 15935
16122 14508
16123 15879
16124 15082
16125 15825
16126 15648
16127 15648
16128 14911
16129 14282
16130 14205
16131 14342
16132 14459
16133 15179
16134 15652
16135 15591
16136 14912
16137 15670
16138 15587
16139 14935
16140 14426
16141 14326
16142 15888
16143 15101
16144 14285
16145 15547
16146 14427
16147 14296
16148 15193
16149 15960
16150 15052
16151 15965
16152 15876
16153 14882
16154 14924
16155 14421
16156 14323
16157 14695
16158 15445
16159 14547
16160 14737
16161 14300
16162 15063
16163 15397
16164 14607
16165 14088
16166 15836
16167 14174
16168 15728
16169 14984
16170 15965
16171 15017
16172 14089
16173 15751
16174 15359
16175 15632
16176 15006
16177 14083
16178 14425
16179 15304
16180 14860
16181 15430
16182 14998
16183 15126
16184 15671
16185 14321
16186 14603
16187 14708
16188 14675
16189 14088
16190 14509
16191 14661
16192 15670
16193 15977
16194 14083
16195 14856
16196 14645
16197 14725
16198 14051
16199 15494
16200 14547
16201 15365
16202 15255
16203 15413
16204 14090
16205 14834
16206 15000
16207 15982
16208 14768
16209 15584
16210 15815
16211 14679
16212 15607
16213 15631
16214 15019
16215 14042
16216 15120
16217 14124
16218 14725
16219 15958
16220 14805
16221 15740
16222 14855
16223 15675
16224 15971
16225 14113
16226 14882
16227 14202
16228 14780
16229 14568
16230 14401
16231 14160
16232 14731
16233 15750
16234 14437
16235 14333
16236 15371
16237 14839
16238 15624
16239 14474
16240 14502
16241 14371
16242 14554
16243 14321
16244 14684
16245 15849
16246 15898
16247 15016
16248 14526
16249 14175
16250 15870
16251 15272
16252 15991
16253 15354
16254 14934
16255 15295
16256 15413
16257 15376
16258 14203
16259 14687
16260 15082
16261 15896
16262 15352
16263 14541
16264 15760
16265 15870
16266 14901
16267 15771
16268 15229
16269 14102
16270 14411
16271 14455
16272 15758
16273 15076
16274 14224
16275 15483
16276 14618
16277 14578
16278 15755
16279 14160
16280 14868
16281 14640
16282 15747
16283 15945
16284 14219
16285 14988
16286 14557
16287 14189
16288 14941
16289 15953
16290 14752
16291 15988
16292 15499
16293 15541
16294 15283
16295 15177
16296 14456
16297 14335
16298 14854
16299 14750
16300 15073
16301 14893
16302 14659
16303 15324
16304 15794
16305 14933
16306 15399
16307 14342
16308 14072
16309 14613
16310 15544
16311 15039
16312 14818
16313 15600
16314 14756
16315 14343
16316 14650
16317 15817
16318 14949
16319 15172
16320 14859
16321 15120
16322 14180
16323 14620
16324 15000
16325 14230
16326 15915
16327 14134
16328 15295
16329 15631
16330 15830
16331 14287
16332 15825
16333 14033
16334 15440
16335 14416
16336 14795
16337 14101
16338 14066
16339 15695
16340 14975
16341 14446
16342 14068
16343 15113
16344 14620
16345 15309
16346 14133
16347 14785
16348 14397
16349 15666
16350 15406
16351 15426
16352 14525
16353 14856
16354 15375
16355 15001
16356 14204
16357 14461
16358 15273
16359 15302
16360 15754
16361 14483
16362 15014
16363 14011
16364 14105
16365 14935
16366 15050
16367 14707
16368 15193
16369 14252
16370 14079
16371 14999
16372 14532
16373 14328
16374 15337
16375 14798
16376 14195
16377 14345
16378 14566
16379 15144
16380 15359
16381 15383
16382 14497
16383 15131
14000 13296
14001 12376
14002 13845
14003 12501
14004 12349
14005 12843
14006 12479
14007 13034
14008 12194
14011 13367
14014 13264
14015 12638
14018 12189
14020 13574
14021 13280
14022 12956
14023 13387
14024 13126
14025 12032
14026 13827
14029 13542
14030 12583
14033 13853
14035 12999
14039 13750
14040 12224
14042 12253
14043 13430
14044 13293
14045 13759
14047 12310
14048 12799
14049 13805
14050 12932
14051 13721
14052 13579
14053 12213
14056 12825
14059 13823
14060 12794
14062 13051
14064 12072
14066 12890
14067 13352
14068 12495
14071 13275
14072 13931
14073 12603
14074 12637
14075 13881
14076 13815
14077 13957
14078 12742
14079 12384
14080 12649
14082 13297
14083 13545
14084 12234
14085 13579
14086 13192
14087 12949
14088 13829
14089 12162
14090 12922
14092 12498
14094 12384
14097 13016
14099 12074
14101 12400
14102 13113
14104 13527
14105 12130
14106 12824
14107 13702
14109 13825
14110 13231
14111 12686
14112 13811
14113 13032
14115 12849
14116 12866
14117 13259
14121 13668
14122 13670
14123 12447
14124 12454
14125 12770
14126 12823
14133 13676
14134 12691
14136 12101
14138 13063
14140 13081
14141 13645
14142 12810
14143 13711
14144 12277
14145 12593
14146 13504
14147 13304
14148 12862
14150 12279
14151 13086
14157 13028
14159 13453
14160 13439
14161 12527
14165 12473
14167 12412
14168 13554
14169 13118
14171 13315
14173 13458
14174 13027
14175 12561
14176 13995
14177 13707
14179 12119
14180 13671
14182 12302
14184 12299
14187 13249
14189 13988
14190 12816
14191 12247
14195 12935
14196 12294
14197 12797
14200 12239
14201 12990
14202 12639
14203 13866
14204 12923
14205 13496
14206 12298
14209 12738
14212 13841
14213 12791
14215 12071
14216 12759
14218 12451
14219 12905
14221 12201
14223 12552
14224 12624
14225 13445
14226 12193
14228 13455
14230 12116
14231 13389
14232 12207
14234 13293
14235 12533
14236 13490
14237 12944
14241 12825
14242 12680
14244 12391
14245 13076
14246 12962
14247 13146
14248 12096
14249 12710
14250 12705
14252 12650
14253 12217
14254 13002
14255 12216
14257 13258
14258 12650
14259 12050
14263 13296
14264 13892
14267 12903
14268 12350
14269 13294
14271 13189
14272 13322
14274 12838
14275 12339
14277 13484
14279 12017
14280 12708
14281 13330
14282 13299
14285 12640
14287 12308
14293 12303
14294 12667
14296 12057
14298 13099
14299 12120
14300 12122
14302 13323
14303 12170
14304 13351
14309 13540
14311 13126
14313 12816
14315 12246
14316 12466
14318 13566
14319 12170
14320 12122
14321 12304
14322 12836
14323 13034
14325 12900
14326 13559
14328 12649
14329 12985
14332 12044
14333 12411
14334 13380
14335 12414
14336 13402
14337 12262
14338 12751
14339 12376
14341 13188
14342 13419
14343 13928
14345 12037
14346 13293
14348 12440
14350 13469
14353 12879
14354 13758
14355 13410
14356 13069
14357 12571
14358 12179
14359 13602
14360 13312
14361 12874
14362 13648
14363 13772
14365 13453
14368 13766
14370 12965
14371 12630
14373 12098
14375 12685
14377 12170
14382 13308
14384 12029
14385 12339
14390 12763
14391 12590
14392 13862
14395 13294
14397 13167
14400 13946
14401 12195
14402 12176
14403 12699
14404 13040
14406 12844
14408 13358
14411 12633
14415 13507
14416 13120
14418 12032
14419 12566
14421 13139
14422 13295
14423 12984
14424 13585
14425 13027
14426 13379
14427 13792
14428 13586
14429 13476
14431 13921
14432 13780
14433 13433
14434 13445
14435 13372
14436 12555
14437 12927
14438 12417
14440 12120
14442 13966
14443 13097
14445 12182
14446 12929
14447 13372
14448 12320
14449 12353
14450 13452
14452 12987
14453 13186
14455 13381
14456 12748
14457 12478
14458 12458
14459 13685
14460 13034
14461 12181
14462 12124
14463 12938
14465 13330
14468 13467
14470 13601
14471 13812
14472 13141
14473 12195
14474 12020
14475 13551
14477 12974
14482 12767
14483 13056
14484 13927
14486 12252
14487 13615
14488 13406
14489 12385
14490 13192
14492 13374
14493 12113
14494 12057
14495 12906
14496 13259
14497 12529
14499 12721
14500 13829
14501 12349
14502 13434
14503 13004
14504 13401
14505 12766
14506 13107
14507 13083
14508 13711
14509 12280
14513 12980
14516 12535
14517 12349
14518 12111
14521 12532
14522 12436
14524 12632
14525 12953
14526 13693
14527 12415
14530 12529
14532 12269
14533 12981
14535 12085
14536 13532
14537 12441
14538 12351
14539 13857
14540 12024
14541 12951
14542 13998
14543 13342
14544 12348
14545 12781
14546 12353
14547 13230
14549 13020
14551 12675
14552 12399
14554 12509
14557 12843
14559 12771
14560 13537
14561 13110
14562 12906
14563 12310
14564 13951
14565 12963
14566 12804
14567 12897
14568 12177
14571 12160
14572 12746
14574 13938
14576 13820
14578 13389
14579 12313
14581 13342
14582 12349
14584 13302
14585 13094
14587 13194
14590 12170
14591 12402
14592 13940
14593 12445
14594 12742
14595 13412
14596 13253
14597 13233
14598 13413
14600 12149
14602 12692
14603 12338
14604 12557
14607 12384
14609 13053
14611 13092
14612 12066
14613 12795
14615 12513
14616 12733
14618 12812
14620 13501
14621 13938
14622 13383
14624 13697
14626 13917
14627 12443
14628 12105
14629 12619
14632 12363
14633 13891
14634 12888
14635 12017
14636 12941
14639 13801
14640 13665
14643 13040
14645 13327
14646 12441
14649 12741
14650 12315
14652 12285
14653 13049
14655 12125
14656 13352
14658 12078
14659 13414
14660 12416
14661 12609
14662 12508
14663 13196
14665 12991
14669 12130
14671 13080
14672 13781
14673 12421
14675 13448
14678 13227
14679 12239
14680 12708
14681 13056
14684 12253
14685 12882
14686 13197
14687 12817
14688 12501
14694 13419
14695 12842
14696 13177
14698 13264
14699 13405
14700 12687
14703 13269
14704 12402
14707 13078
14708 13615
14709 12591
14710 12687
14712 13642
14717 13556
14720 12401
14721 12808
14722 13837
14725 13124
14727 12811
14729 12010
14730 12686
14731 13490
14732 13302
14735 12938
14737 13271
14739 12820
14740 13138
14741 12854
14744 13255
14746 12335
14747 12600
14749 12788
14750 13203
14751 13173
14752 13246
14754 12400
14755 12001
14756 13787
14758 12264
14759 12491
14760 13803
14761 13209
14762 12406
14763 12730
14764 12708
14765 12597
14766 12511
14767 12412
14768 13967
14769 12742
14771 13300
14772 13647
14773 13412
14774 13047
14775 13731
14776 12064
14779 13608
14780 12152
14781 13614
14782 13979
14783 12918
14784 12658
14785 13271
14786 12889
14789 13218
14790 12247
14791 13961
14793 13295
14794 13122
14795 13732
14796 13592
14797 13896
14798 12224
14799 13030
14801 13415
14804 13921
14805 12738
14806 13623
14807 13804
14808 13966
14810 13260
14812 13522
14815 13806
14817 13113
14818 12577
14820 12410
14822 13669
14823 12291
14824 13877
14825 12669
14826 12120
14827 12706
14829 12783
14830 12076
14832 12712
14833 13000
14834 13195
14835 13203
14837 12636
14839 12505
14840 13579
14841 13330
14844 13477
14849 13633
14850 12517
14851 12130
14852 13292
14853 13446
14854 13991
14855 12235
14856 13275
14857 13480
14858 13017
14859 12897
14860 12829
14861 12725
14862 13404
14864 12544
14865 12392
14868 13072
14869 13450
14870 13789
14873 13430
14875 12950
14876 13804
14877 12413
14878 13509
14880 13835
14881 12873
14882 13012
14884 13869
14886 13387
14887 12559
14889 12537
14890 13751
14893 12079
14894 13923
14897 12687
14898 13787
14901 12695
14904 12612
14906 12242
14907 13136
14908 12950
14911 12145
14912 13153
14914 12692
14915 12616
14916 12804
14917 12356
14920 12084
14921 13055
14923 12416
14924 12918
14927 13031
14929 13890
14930 13791
14931 13811
14933 12143
14934 13687
14935 12173
14936 13778
14937 13013
14939 12004
14940 12066
14941 13736
14942 13339
14943 13788
14945 12265
14948 13428
14949 13218
14950 12134
14951 13464
14953 12478
14954 13128
14955 13940
14956 12960
14959 13168
14960 12031
14962 12428
14963 13087
14964 12548
14965 13153
14971 13899
14974 13815
14975 13086
14976 13280
14980 12456
14982 13391
14983 13907
14984 12957
14986 13073
14987 12001
14988 12784
14990 13576
14992 13266
14995 13222
14998 13302
14999 12970
15000 13914
15001 13423
15002 13590
15003 12723
15006 12485
15007 12256
15008 12880
15009 12601
15011 12691
15012 12972
15013 13088
15014 13258
15015 12397
15016 12121
15017 12510
15018 13846
15019 13815
15021 13375
15023 12560
15025 13237
15027 12088
15028 12830
15029 13281
15031 13518
15035 12360
15036 12480
15039 12454
15042 13509
15043 12410
15046 13918
15047 13512
15048 12347
15050 12334
15051 12323
15052 13939
15054 13577
15055 13821
15056 13695
15057 13800
15060 12902
15062 12476
15063 13321
15064 12924
15065 12112
15066 12011
15067 13109
15068 12197
15069 13435
15070 13737
15071 13679
15072 12047
15073 12716
15076 12523
15077 12325
15078 13803
15079 12985
15082 13374
15085 12430
15086 13716
15087 12891
15088 12113
15089 13768
15091 12411
15094 12277
15096 13299
15097 12985
15101 12640
15102 12333
15103 13421
15104 12418
15108 13792
15109 12141
15111 13764
15113 13339
15115 12984
15117 12774
15118 13206
15119 13546
15120 12972
15122 13975
15124 13086
15125 13120
15126 13083
15130 12353
15131 12293
15134 12879
15135 12303
15137 13295
15139 13804
15140 12971
15141 13589
15142 13280
15143 13993
15144 13665
15145 12441
15147 13382
15150 13672
15151 12054
15154 12473
15155 13682
15157 13154
15158 12941
15159 13008
15161 13664
15165 13751
15166 13350
15168 12927
15169 13051
15172 12672
15173 12200
15174 12757
15177 12211
15178 12060
15179 13071
15181 12945
15182 12043
15185 12655
15188 13943
15192 13232
15193 13812
15195 13928
15196 13137
15198 13514
15199 12121
15200 13055
15201 13317
15202 13580
15203 12815
15205 12219
15206 12038
15207 13020
15208 12330
15209 12173
15210 12737
15213 13865
15216 12249
15218 13457
15219 12929
15220 13065
15221 13445
15222 12423
15223 12940
15224 12723
15225 13048
15228 12883
15229 13485
15230 13557
15234 13473
15236 13356
15239 13845
15240 12491
15241 13865
15242 13733
15245 13276
15246 12227
15248 12191
15249 13643
15250 13717
15253 13979
15254 13044
15255 13979
15257 13195
15258 12912
15259 12893
15262 13023
15264 12335
15265 13256
15267 12574
15269 13681
15272 12877
15273 13063
15274 12864
15276 12404
15277 12823
15279 12969
15280 13984
15281 13664
15283 12021
15286 13312
15287 12414
15288 12313
15289 13327
15290 13464
15291 13599
15295 13965
15297 12593
15302 13994
15303 12074
15304 12387
15305 13438
15307 12453
15308 12285
15309 12207
15312 12755
15313 13520
15314 12821
15315 12450
15319 13890
15320 12762
15321 13141
15323 12406
15324 12707
15329 12435
15331 13023
15332 12655
15334 12074
15336 13703
15337 13413
15340 12880
15341 12795
15342 13528
15343 12372
15344 13902
15345 12069
15346 12772
15347 12272
15349 12134
15350 12700
15351 13706
15352 12638
15353 13030
15354 12557
15355 13796
15357 13211
15358 12701
15359 12211
15360 13467
15364 12862
15365 13031
15367 13384
15369 12598
15371 13692
15375 13830
15376 13002
15377 13052
15378 12723
15379 13653
15382 12640
15383 13203
15384 13824
15385 13496
15386 12943
15387 13223
15389 12580
15390 12896
15394 12215
15396 12407
15397 13757
15398 13379
15399 13181
15400 13439
15401 12373
15402 13612
15403 13116
15404 13347
15405 13009
15406 13264
15408 13343
15409 12181
15410 12122
15413 13140
15415 13240
15416 13824
15419 12400
15420 13168
15422 12491
15423 12508
15424 12853
15425 13218
15426 13256
15427 13115
15428 12813
15430 13969
15431 12932
15432 12308
15433 12158
15435 12659
15437 13263
15439 13441
15440 13024
15441 12466
15442 13055
15443 12036
15445 13860
15446 12272
15448 12444
15450 12481
15451 13535
15452 12311
15453 13357
15455 13485
15456 12671
15460 12686
15463 12166
15466 13110
15467 13575
15468 12571
15469 13455
15471 13579
15473 13463
15476 12255
15480 13342
15482 13948
15483 12084
15484 12136
15486 13917
15487 12255
15489 12972
15490 13529
15492 12799
15493 13234
15494 13252
15495 13692
15497 12902
15498 12938
15499 12310
15500 12499
15501 13886
15502 12545
15503 12882
15504 12332
15505 12641
15507 13721
15508 12544
15509 13087
15510 13354
15511 12240
15514 13206
15516 12957
15517 13829
15519 12176
15520 13501
15521 13089
15522 13288
15523 13704
15524 12881
15525 12913
15527 13493
15529 12150
15531 12691
15532 13559
15534 13585
15535 12879
15536 12608
15537 13661
15538 12930
15539 13045
15541 13449
15543 13766
15544 12180
15545 12024
15546 12433
15547 13020
15548 13551
15553 12223
15554 12986
15555 12071
15556 13135
15557 13023
15560 12322
15566 12393
15568 13322
15572 13669
15574 12890
15575 12801
15576 12775
15577 13841
15578 13115
15580 13756
15581 13409
15582 13334
15583 12695
15584 13562
15585 13971
15587 13372
15588 12312
15589 12838
15591 12677
15593 12856
15594 12907
15596 13770
15597 12988
15598 13792
15600 13257
15602 13978
15604 12221
15605 13816
15606 13603
15607 13456
15608 13474
15611 13771
15614 13096
15616 13808
15617 12258
15618 13802
15619 13318
15621 12469
15622 13196
15624 13040
15625 13889
15626 13995
15627 12486
15628 12025
15630 13722
15631 12156
15632 13571
15633 13132
15636 12487
15637 13369
15638 13497
15640 13162
15645 12545
15647 12092
15648 12404
15652 12569
15653 13963
15655 12067
15656 12237
15658 13340
15659 12437
15661 13310
15662 13287
15666 12832
15667 12446
15668 12100
15669 12927
15670 13728
15671 13934
15673 12640
15674 12682
15675 13730
15676 12957
15678 13215
15679 12663
15682 13500
15683 12245
15687 12088
15688 13133
15691 13278
15694 13882
15695 13350
15696 12696
15701 13036
15702 13613
15704 13085
15705 13332
15706 13046
15707 13514
15710 12460
15711 13197
15712 13485
15713 12360
15714 13343
15715 12200
15717 13955
15718 12662
15720 13309
15721 13838
15723 12265
15724 13049
15725 13392
15726 13072
15728 12928
15729 12157
15732 13858
15734 13330
15735 12841
15736 12863
15738 13802
15739 12665
15740 12309
15743 12020
15744 13206
15745 13184
15746 12032
15747 13603
15748 13134
15750 12665
15751 13128
15752 13254
15753 13271
15754 13204
15755 12342
15757 12381
15758 12229
15759 13334
15760 12477
15762 12377
15767 12492
15768 13309
15769 13485
15770 12137
15771 12764
15772 12600
15773 12571
15774 12432
15775 12465
15777 13856
15778 13195
15783 13717
15784 12973
15785 12820
15786 13673
15787 13667
15788 12926
15789 13960
15790 12317
15792 12900
15794 12799
15796 13147
15799 13825
15802 12431
15803 13255
15804 12686
15805 12411
15808 13076
15810 12471
15811 13895
15812 13607
15813 13518
15814 12548
15815 13132
15816 13145
15817 13432
15820 12553
15821 12482
15823 13426
15824 12128
15825 12379
15826 13517
15827 12724
15828 13210
15830 12291
15831 12395
15832 13962
15834 13733
15835 12564
15836 12149
15840 13335
15841 13349
15842 12683
15843 12587
15844 12065
15848 12757
15849 12250
15850 13804
15851 13957
15853 13405
15854 12165
15856 13793
15857 12856
15858 13392
15864 13606
15865 12997
15866 12721
15870 12598
15872 13357
15874 13488
15875 12680
15876 12849
15878 12773
15879 13803
15881 12283
15882 12255
15883 13815
15886 13018
15887 13654
15888 12151
15893 12656
15894 12329
15895 12288
15896 13940
15897 13751
15898 13658
15899 13375
15902 13119
15903 12845
15905 13783
15908 12685
15910 12608
15912 13366
15913 12832
15914 13519
15915 12517
15918 12405
15919 12547
15920 13240
15921 12087
15923 12122
15924 12508
15926 13014
15927 13681
15930 12977
15932 13908
15933 13529
15935 13282
15937 12210
15938 12465
15940 12178
15941 12128
15943 12731
15944 12067
15945 13532
15947 13991
15949 13512
15951 12592
15952 12855
15953 12522
15954 12174
15958 12872
15959 12883
15960 12702
15961 12866
15964 12939
15965 12653
15966 12317
15967 13708
15968 13172
15969 12608
15971 13743
15972 12717
15973 13638
15974 12265
15976 12666
15977 13793
15978 12267
15982 13321
15984 13433
15988 12240
15989 13537
15990 13324
15991 12658
15996 13879
15997 13803
15998 12427
12288 10818
12291 10700
12293 10417
12294 10629
12298 11083
12299 11341
12302 11042
12303 11487
12304 11496
12308 10479
12309 10578
12310 10804
12311 10914
12312 11646
12313 10321
12315 10770
12317 11060
12320 10471
12322 10740
12323 10889
12325 11262
12329 11684
12330 10821
12332 10052
12333 10148
12334 11348
12335 11715
12338 10628
12339 11921
12342 10132
12347 10084
12348 11364
12349 10740
12350 10975
12351 11166
12353 11400
12356 10674
12360 11911
12363 11087
12372 10594
12373 10445
12376 10781
12377 10223
12379 10553
12381 11725
12384 11014
12385 10016
12387 11933
12391 10764
12392 11569
12393 11010
12395 10628
12397 11147
12399 11210
12400 10171
12401 10293
12402 10486
12404 10738
12405 10029
12406 10607
12407 10985
12410 11796
12411 10596
12412 10900
12413 11781
12414 10330
12415 10222
12416 11175
12417 11056
12418 11884
12421 11223
12423 11431
12427 11835
12428 10409
12430 10946
12431 10762
12432 10393
12433 11086
12435 11529
12436 10687
12437 10004
12440 10816
12441 11091
12443 10653
12444 11584
12445 10096
12446 10858
12447 11751
12450 11390
12451 10647
12453 10469
12454 11535
12456 11586
12458 10837
12460 10528
12465 11427
12466 11448
12469 10039
12471 10917
12473 11297
12476 10126
12477 11651
12478 11437
12479 11901
12480 11624
12481 10860
12482 10075
12485 11302
12486 11850
12487 11784
12491 10058
12492 11769
12495 10499
12498 11996
12499 10057
12501 10325
12505 10141
12508 11487
12509 10653
12510 11992
12511 11241
12513 11222
12517 11311
12522 11083
12523 11125
12527 11153
12529 11863
12532 11252
12533 11406
12535 11181
12537 10360
12544 10066
12545 11971
12547 11927
12548 10125
12552 10288
12553 11120
12555 10488
12557 11191
12559 10935
12560 10818
12561 10011
12564 10278
12566 11664
12569 10377
12571 10862
12574 10102
12577 11903
12580 11192
12583 10817
12587 10640
12590 10354
12591 10011
12592 10765
12593 11193
12597 11780
12598 11352
12600 10383
12601 10005
12603 11414
12608 11292
12609 11491
12612 10316
12616 11045
12619 10635
12624 11061
12630 10675
12632 10056
12633 10925
12636 11189
12637 11372
12638 10304
12639 11749
12640 11417
12641 10102
12649 10502
12650 10777
12653 11705
12655 10948
12656 11781
12658 11384
12659 11632
12662 11871
12663 10835
12665 11004
12666 10719
12667 10588
12669 11513
12671 10626
12672 10219
12675 10676
12677 10221
12680 10832
12682 10150
12683 11805
12685 10066
12686 10138
12687 10731
12691 11435
12692 10757
12695 10136
12696 11940
12699 11521
12700 10978
12701 10198
12702 10656
12705 11994
12706 11347
12707 11632
12708 10172
12710 11988
12712 10934
12716 11642
12717 11636
12721 11017
12723 11100
12724 10915
12725 10149
12730 10932
12731 10480
12733 11409
12737 10431
12738 11435
12741 11083
12742 11692
12746 10588
12748 11810
12751 11137
12755 11519
12757 10006
12759 11713
12762 10575
12763 10321
12764 10018
12766 11733
12767 11469
12770 11478
12771 11242
12772 10299
12773 11050
12774 10340
12775 10786
12781 11608
12783 11969
12784 10714
12788 11346
12791 10481
12794 11563
12795 11626
12797 10554
12799 11733
12801 10628
12804 10950
12808 11329
12810 11162
12811 10501
12812 10451
12813 11472
12815 10741
12816 10232
12817 11339
12820 11706
12821 11047
12823 10284
12824 10161
12825 11943
12829 10719
12830 11919
12832 11375
12836 11493
12838 10628
12841 10585
12842 11360
12843 11704
12844 11795
12845 10655
12849 11306
12853 11926
12854 11531
12855 10759
12856 11878
12862 10768
12863 11817
12864 10836
12866 11501
12872 11991
12873 11693
12874 10241
12877 10868
12879 11034
12880 10232
12881 10058
12882 11026
12883 11860
12888 10115
12889 11149
12890 10378
12891 11913
12893 11670
12896 10795
12897 10490
12900 11499
12902 11983
12903 10248
12905 11069
12906 11124
12907 11819
12912 10067
12913 11859
12918 10915
12922 10133
12923 10017
12924 10775
12926 11661
12927 11941
12928 10886
12929 10422
12930 10307
12932 11937
12935 11721
12938 10145
12939 10020
12940 10257
12941 11228
12943 11440
12944 11366
12945 10687
12949 11730
12950 11494
12951 10327
12953 10839
12956 11629
12957 11278
12960 11616
12962 10451
12963 10388
12965 10565
12969 11528
12970 11200
12971 11213
12972 11973
12973 10419
12974 11617
12977 10983
12980 11754
12981 11353
12984 11099
12985 10672
12986 10329
12987 10061
12988 11675
12990 11531
12991 11242
12997 11771
12999 10062
13000 11663
13002 11147
13004 11988
13008 11590
13009 11751
13012 10965
13013 11919
13014 11753
13016 10358
13017 11945
13018 11704
13020 11396
13023 10487
13024 10368
13027 11589
13028 10480
13030 10778
13031 11128
13032 11558
13034 11176
13036 10499
13040 10234
13044 10779
13045 10373
13046 11907
13047 11335
13048 11841
13049 11183
13051 10264
13052 11699
13053 11624
13055 10783
13056 10301
13063 10620
13065 10850
13069 11186
13071 10115
13072 11944
13073 11933
13076 10708
13078 10438
13080 10541
13081 11915
13083 11622
13085 11707
13086 10738
13087 11099
13088 10357
13089 10694
13092 10106
13094 11220
13096 11233
13097 11132
13099 11101
13107 11871
13109 10237
13110 11923
13113 10749
13115 11626
13116 11119
13118 10728
13119 11421
13120 11285
13122 11486
13124 11845
13126 11805
13128 10913
13132 10809
13133 10857
13134 10897
13135 10001
13136 11666
13137 10885
13138 10079
13139 11638
13140 10858
13141 10229
13145 11732
13146 10097
13147 11389
13153 10490
13154 10776
13162 11568
13167 10043
13168 10850
13172 10990
13173 10348
13177 11128
13181 10447
13184 10427
13186 11165
13188 11483
13189 10323
13192 11971
13194 10148
13195 10835
13196 11910
13197 11905
13203 11038
13204 10234
13206 11700
13209 10805
13210 10687
13211 10898
13215 11775
13218 10773
13222 11727
13223 11857
13227 10700
13230 10407
13231 10654
13232 10750
13233 11608
13234 11498
13237 11013
13240 11703
13246 10958
13249 10832
13252 11239
13253 10467
13254 11150
13255 10684
13256 10041
13257 10857
13258 10922
13259 10105
13260 10362
13263 11523
13264 10450
13266 11021
13269 11549
13271 11443
13275 11427
13276 10641
13278 11140
13280 10046
13281 10056
13282 11494
13287 10238
13288 10856
13292 11065
13293 11276
13294 10553
13295 11989
13296 11577
13297 11066
13299 11124
13300 10697
13302 10502
13304 11709
13308 11237
13309 11480
13310 10885
13312 10620
13315 10141
13317 10093
13318 10501
13321 10618
13322 11400
13323 10788
13324 11370
13327 11142
13330 11378
13332 11242
13334 10755
13335 11839
13339 11823
13340 10082
13342 11830
13343 11126
13347 11801
13349 10543
13350 10821
13351 10238
13352 10547
13354 10527
13356 11655
13357 11166
13358 11556
13366 10665
13367 10415
13369 10302
13372 10554
13374 10918
13375 10975
13379 11811
13380 11185
13381 11051
13382 10800
13383 10804
13384 11478
13387 11921
13389 11920
13391 11494
13392 11470
13401 10872
13402 10323
13404 10510
13405 11623
13406 10702
13409 10718
13410 11699
13412 10739
13413 10277
13414 10615
13415 10886
13419 10897
13421 11016
13423 11996
13426 11079
13428 10088
13430 10663
13432 11185
13433 11598
13434 11064
13435 10386
13438 10845
13439 11212
13441 10047
13445 11909
13446 11249
13448 10782
13449 10565
13450 10832
13452 10510
13453 11362
13455 10156
13456 10334
13457 10778
13458 11896
13463 11606
13464 11804
13467 10529
13469 10291
13473 11079
13474 10572
13476 10979
13477 11281
13480 11775
13484 10341
13485 11961
13488 11306
13490 10895
13493 11225
13496 10980
13497 11301
13500 10238
13501 11559
13504 10689
13507 11070
13509 10358
13512 10877
13514 11268
13517 10808
13518 11014
13519 10726
13520 11795
13522 10114
13527 10430
13528 10528
13529 11100
13532 10954
13535 10647
13537 10734
13540 11102
13542 11677
13545 11006
13546 11511
13551 10357
13554 10498
13556 10314
13557 10380
13559 10079
13562 11876
13566 11974
13571 10647
13574 11061
13575 11273
13576 10518
13577 10010
13579 10417
13580 11861
13585 10355
13586 10796
13589 11378
13590 11819
13592 10978
13599 11825
13601 11418
13602 10579
13603 11252
13606 10116
13607 10836
13608 11914
13612 11899
13613 11249
13614 10706
13615 10861
13623 11250
13633 10018
13638 10740
13642 11013
13643 10436
13645 10273
13647 10551
13648 10912
13653 11685
13654 11782
13658 11226
13661 11987
13664 11405
13665 10635
13667 10073
13668 11124
13669 10961
13670 10529
13671 11842
13672 11220
13673 11265
13676 10843
13679 10021
13681 11604
13682 10828
13685 10131
13687 11369
13692 11702
13693 10191
13695 11453
13697 10958
13702 11188
13703 10975
13704 11367
13706 10184
13707 10795
13708 11019
13711 11177
13716 10944
13717 11001
13721 11079
13722 10086
13728 10310
13730 11966
13731 11460
13732 11265
13733 10657
13736 10049
13737 11421
13743 10913
13750 10468
13751 11497
13756 10430
13757 10264
13758 11424
13759 11982
13764 11567
13766 11504
13768 11374
13770 11148
13771 10988
13772 11837
13778 11849
13780 10222
13781 10429
13783 11490
13787 10324
13788 11581
13789 10525
13791 11918
13792 11556
13793 11510
13796 10457
13800 11371
13801 10701
13802 10918
13803 11293
13804 10974
13805 11033
13806 10418
13808 11134
13811 10432
13812 10817
13815 11613
13816 11369
13820 10522
13821 11615
13823 11343
13824 10197
13825 11327
13827 10283
13829 11320
13830 11683
13835 10408
13837 10679
13838 11324
13841 10167
13845 11650
13846 10977
13853 11003
13856 11257
13857 10487
13858 10412
13860 10794
13862 11986
13865 11540
13866 11895
13869 11126
13877 11947
13879 11076
13881 10661
13882 11245
13886 11138
13889 11668
13890 11144
13891 10710
13892 10921
13895 10248
13896 11808
13899 11307
13902 11632
13907 11171
13908 11223
13914 10378
13917 10092
13918 11542
13921 11232
13923 11535
13927 11677
13928 10526
13931 10809
13934 10045
13938 10552
13939 11344
13940 11513
13943 11800
13946 11705
13948 11960
13951 11356
13955 11919
13957 11124
13960 10181
13961 11523
13962 11265
13963 10952
13965 11123
13966 11633
13967 10180
13969 11222
13971 11968
13975 10590
13978 11176
13979 10329
13984 10085
13988 11667
13991 10699
13993 11323
13994 10325
13995 11234
13998 10772
12001 11020
12004 11936
12010 10280
12011 11719
12017 11044
12020 10437
12021 10674
12024 10263
12025 11027
12029 10923
12031 10991
12032 11460
12036 11252
12037 11414
12038 10865
12043 10726
12044 11071
12047 11051
12050 11466
12054 11240
12057 11154
12060 11535
12064 11118
12065 11044
12066 10676
12067 10680
12069 11457
12071 11737
12072 10060
12074 10205
12076 11315
12078 11873
12079 10709
12084 10648
12085 11837
12087 10671
12088 10454
12092 11733
12096 11503
12098 11830
12100 11477
12101 11224
12105 11392
12111 10081
12112 11065
12113 10644
12116 11740
12119 11117
12120 11962
12121 11515
12122 10533
12124 10095
12125 11128
12128 10844
12130 11474
12134 11479
12136 10515
12137 11913
12141 10924
12143 11883
12145 10919
12149 10918
12150 11840
12151 10423
12152 11687
12156 10335
12157 10191
12158 11916
12160 11147
12162 10139
12165 10653
12166 10950
12170 10828
12173 10435
12174 10319
12176 11956
12177 10488
12178 11697
12179 11255
12180 11763
12181 10108
12182 10156
12189 11262
12191 11369
12193 11260
12194 11494
12195 11573
12197 10320
12200 10950
12201 11285
12207 10220
12210 10505
12211 10354
12213 10967
12215 11605
12216 11575
12217 10741
12219 11229
12221 11813
12223 10374
12224 11870
12227 10255
12229 11342
12234 11025
12235 11763
12237 10227
12239 11697
12240 10160
12242 10115
12245 11417
12246 10912
12247 10399
12249 10035
12250 10746
12252 11106
12253 11635
12255 11704
12256 10569
12258 10568
12262 11068
12264 11964
12265 10322
12267 11775
12269 10105
12272 11901
12277 10318
12279 10998
12280 11513
12283 10466
12285 11140
10241 8914
10248 9104
10255 9012
10257 8532
10263 9454
10264 9006
10273 9272
10277 8881
10278 8975
10280 8904
10283 8141
10284 8085
10288 8376
10291 9464
10293 9831
10299 8943
10301 8703
10302 8413
10304 9523
10307 8063
10310 9106
10314 8398
10316 9583
10318 8407
10319 9393
10320 8874
10321 8236
10322 8398
10323 8765
10324 9035
10325 8306
10327 9932
10329 8967
10330 9763
10334 9775
10335 9003
10340 8575
10341 8043
10348 9076
10354 8206
10355 9653
10357 9301
10358 9175
10360 8710
10362 8589
10368 9759
10373 9219
10374 8868
10377 9739
10378 9979
10380 9187
10383 9775
10386 8893
10388 8237
10393 8992
10399 9648
10407 9294
10408 8179
10409 9276
10412 8580
10415 9160
10417 8203
10418 8290
10419 9298
10422 9114
10423 8367
10427 8431
10429 9077
10430 9170
10431 9069
10432 8572
10435 8026
10436 8241
10437 9670
10438 9914
10445 8399
10447 9618
10450 8564
10451 8954
10454 9866
10457 8766
10466 9841
10467 8183
10468 9156
10469 9715
10471 9448
10479 8672
10480 8647
10481 8411
10486 8569
10487 9528
10488 9512
10490 9971
10498 8495
10499 9596
10501 8641
10502 8364
10505 8183
10510 8977
10515 9977
10518 8701
10522 9869
10525 8638
10526 9111
10527 8190
10528 9776
10529 8760
10533 9975
10541 8678
10543 8536
10547 8899
10551 8919
10552 8779
10553 8197
10554 8343
10565 9867
10568 9652
10569 8676
10572 9489
10575 9069
10578 9309
10579 9032
10585 8228
10588 9988
10590 8470
10594 9381
10596 8140
10607 8253
10615 8862
10618 9803
10620 8634
10626 9598
10628 8455
10629 8323
10635 8317
10640 9012
10641 8168
10644 8143
10647 9666
10648 8212
10653 8581
10654 8007
10655 9827
10656 8431
10657 8443
10661 9437
10663 9620
10665 8358
10671 8489
10672 9196
10674 8756
10675 8684
10676 8565
10679 8144
10680 9758
10684 8570
10687 9881
10689 8354
10694 9590
10697 8227
10699 9475
10700 8425
10701 9092
10702 8917
10706 8656
10708 9905
10709 8535
10710 8003
10714 9877
10718 9380
10719 8236
10726 8570
10728 8622
10731 8905
10734 8794
10738 9033
10739 9828
10740 8448
10741 8519
10746 8200
10749 8616
10750 8688
10755 8121
10757 8419
10759 9158
10762 8688
10764 9073
10765 9621
10768 8990
10770 9517
10772 9998
10773 8785
10775 8917
10776 8303
10777 8933
10778 8311
10779 9342
10781 9667
10782 9206
10783 9724
10786 8866
10788 9649
10794 8826
10795 9128
10796 8707
10800 8636
10804 9700
10805 9344
10808 9576
10809 8750
10816 9300
10817 9109
10818 8547
10821 9514
10828 8742
10832 9324
10835 8671
10836 8475
10837 9646
10839 8067
10843 9489
10844 9427
10845 9259
10850 8966
10856 8286
10857 8220
10858 9067
10860 8318
10861 8685
10862 9189
10865 8832
10868 9902
10872 9945
10877 9713
10885 8415
10886 9173
10889 8280
10895 8540
10897 9928
10898 8474
10900 8726
10912 9261
10913 9993
10914 8916
10915 8398
10917 9764
10918 8127
10919 8904
10921 9184
10922 9070
10923 8349
10924 8740
10925 9100
10932 9637
10934 8985
10935 9844
10944 8740
10946 8434
10948 8694
10950 9312
10952 9296
10954 9673
10958 9872
10961 8051
10965 9650
10967 8975
10974 8228
10975 9053
10977 8254
10978 8407
10979 9369
10980 8843
10983 9748
10985 9901
10988 9830
10990 9702
10991 9628
10998 9803
11001 9716
11003 8823
11004 8638
11006 8623
11010 8553
11013 9425
11014 9458
11016 9721
11017 9446
11019 8198
11020 9928
11021 8385
11025 8617
11026 9692
11027 9274
11033 8851
11034 8909
11038 9733
11042 8142
11044 8176
11045 8492
11047 9435
11050 9279
11051 8989
11056 9987
11060 8178
11061 9345
11064 8405
11065 8599
11066 9380
11068 8202
11069 8204
11070 8308
11071 9187
11076 9965
11079 8216
11083 8300
11086 9501
11087 9058
11091 8061
11099 8352
11100 8170
11101 9039
11102 8190
11106 8758
11117 8433
11118 8955
11119 8224
11120 9024
11123 8910
11124 8167
11125 9955
11126 8662
11128 9014
11132 8199
11134 9884
11137 9871
11138 8834
11140 9064
11142 8425
11144 8251
11147 9305
11148 8624
11149 9264
11150 8024
11153 9748
11154 8025
11162 9247
11165 8737
11166 9535
11171 8517
11175 8611
11176 9401
11177 8068
11181 8136
11183 9296
11185 8428
11186 9485
11188 8078
11189 8529
11191 9256
11192 8289
11193 9119
11200 8689
11210 9517
11212 9217
11213 9601
11220 9610
11222 9970
11223 8870
11224 9722
11225 9201
11226 9482
11228 9255
11229 8472
11232 8033
11233 9586
11234 8957
11237 9842
11239 8838
11240 8302
11241 9805
11242 8798
11245 8887
11249 9828
11250 9341
11252 9048
11255 9297
11257 9343
11260 9304
11262 8823
11265 9083
11268 8392
11273 9572
11276 9418
11278 9502
11281 9211
11285 8701
11292 9644
11293 9610
11297 9856
11301 9930
11302 9957
11306 8941
11307 8683
11311 9366
11315 8744
11320 9838
11323 9575
11324 8073
11327 8227
11329 9466
11335 8242
11339 8777
11341 8105
11342 8027
11343 8822
11344 8238
11346 9686
11347 9120
11348 8581
11352 9226
11353 8363
11356 9879
11360 8649
11362 9937
11364 8784
11366 9438
11367 8647
11369 9845
11370 9604
11371 9345
11372 9545
11374 9655
11375 9288
11378 9139
11384 9308
11389 9295
11390 9327
11392 9870
11396 8792
11400 9295
11405 9721
11406 8420
11409 9818
11414 8912
11417 8445
11418 8655
11421 8223
11424 9583
11427 9761
11431 9297
11435 9977
11437 9125
11440 9212
11443 8021
11448 8952
11453 9891
11457 8108
11460 9718
11466 8924
11469 9338
11470 8502
11472 9709
11474 8944
11477 8420
11478 9296
11479 9482
11480 8545
11483 8703
11486 9678
11487 8143
11490 8574
11491 9327
11493 8969
11494 9474
11496 8026
11497 9582
11498 8399
11499 9918
11501 8032
11503 8334
11504 8280
11510 8151
11511 8862
11513 9064
11515 8729
11519 8503
11521 9212
11523 9573
11528 8227
11529 8999
11531 8364
11535 8014
11540 9134
11542 8329
11549 8104
11556 8647
11558 9470
11559 9219
11563 9540
11567 9780
11568 9543
11569 8921
11573 8086
11575 9060
11577 9027
11581 9178
11584 9283
11586 9122
11589 9843
11590 8577
11598 8416
11604 9025
11605 8017
11606 9129
11608 9607
11613 8195
11615 8309
11616 9153
11617 8712
11622 8410
11623 8384
11624 8163
11626 8199
11629 8973
11632 9815
11633 9398
11635 8176
11636 8881
11638 9508
11642 9180
11646 8331
11650 9444
11651 9240
11655 8934
11661 9298
11663 9406
11664 9961
11666 9187
11667 9897
11668 8509
11670 8391
11675 9577
11677 9664
11683 8239
11684 9243
11685 9634
11687 8970
11692 9544
11693 8711
11697 8161
11699 8843
11700 8157
11702 9836
11703 8339
11704 9852
11705 8852
11706 8280
11707 9495
11709 8364
11713 9089
11715 8842
11719 9017
11721 9487
11725 8715
11727 8643
11730 9653
11732 9417
11733 9446
11737 9735
11740 8980
11749 9404
11751 8209
11753 9178
11754 8436
11763 9202
11769 8723
11771 9290
11775 9137
11780 8408
11781 8325
11782 9750
11784 9047
11795 9655
11796 9388
11800 8519
11801 9922
11804 8173
11805 8334
11808 8803
11810 9435
11811 8735
11813 8072
11817 9019
11819 8105
11823 8502
11825 9530
11830 8274
11835 8864
11837 9461
11839 8307
11840 8653
11841 9615
11842 9068
11845 9939
11849 8910
11850 8684
11857 9129
11859 9324
11860 8942
11861 8631
11863 9276
11870 8634
11871 9361
11873 8570
11876 9196
11878 8041
11883 9244
11884 9645
11895 9130
11896 8812
11899 9725
11901 8798
11903 8924
11905 9486
11907 8385
11909 8081
11910 9059
11911 9526
11913 8394
11914 9887
11915 8000
11916 9333
11918 8164
11919 9874
11920 8723
11921 9594
11923 9867
11926 8165
11927 8463
11933 9458
11936 9912
11937 9855
11940 9677
11941 8683
11943 9588
11944 8371
11945 9781
11947 9476
11956 9344
11960 8467
11961 8783
11962 9662
11964 8348
11966 9391
11968 9830
11969 8920
11971 8627
11973 9509
11974 8357
11982 8500
11983 8679
11986 9808
11987 8795
11988 9933
11989 8720
11991 8455
11992 8790
11994 9515
11996 9443
10001 8416
10004 8614
10005 8507
10006 9133
10010 9787
10011 9405
10016 8431
10017 8938
10018 8676
10020 9198
10021 9529
10029 8825
10035 9676
10039 8530
10041 8978
10043 8688
10045 8030
10046 9651
10047 8426
10049 9323
10052 8472
10056 8825
10057 8717
10058 8714
10060 8805
10061 8863
10062 9957
10066 8489
10067 8054
10073 9489
10075 8073
10079 9943
10081 8924
10082 9318
10084 9671
10085 9633
10086 8291
10088 8117
10092 9411
10093 8193
10095 8638
10096 8869
10097 9163
10102 9881
10105 8598
10106 8027
10108 9935
10114 8250
10115 9666
10116 9379
10125 9289
10126 9974
10131 8947
10132 9050
10133 9215
10136 8136
10138 9833
10139 9974
10141 9364
10145 8487
10148 9633
10149 9522
10150 8129
10156 9358
10160 8225
10161 8361
10167 9966
10171 9162
10172 8124
10180 8836
10181 8849
10184 9818
10191 9013
10197 9032
10198 8195
10205 8737
10219 9586
10220 8031
10221 8041
10222 8770
10223 9867
10227 8897
10229 8501
10232 9555
10234 9849
10237 9689
10238 9159
8193 7349
8195 7797
8197 7916
8198 7922
8199 6160
8200 7501
8202 6681
8203 6732
8204 6599
8206 7088
8209 7185
8212 7281
8216 6129
8220 6638
8223 7726
8224 6566
8225 7875
8227 6846
8228 7691
8236 7033
8237 6876
8238 7070
8239 7799
8241 6324
8242 7892
8250 6748
8251 6065
8253 6008
8254 7190
8274 7141
8280 7615
8286 7027
8289 6375
8290 6834
8291 7735
8300 7351
8302 6160
8303 6511
8306 7308
8307 6633
8308 7977
8309 6531
8311 7566
8317 7650
8318 7447
8323 7238
8325 6857
8329 6648
8331 6192
8334 6330
8339 6950
8343 6672
8348 7933
8349 7384
8352 6637
8354 6817
8357 6393
8358 7059
8361 6714
8363 7970
8364 7139
8367 7410
8371 7232
8376 6836
8384 6378
8385 7751
8391 6746
8392 7530
8394 6150
8398 6482
8399 7132
8405 7405
8407 6424
8408 7010
8410 7624
8411 7511
8413 6434
8415 7599
8416 6743
8419 7035
8420 6867
8425 7399
8426 7678
8428 6320
8431 7039
8433 6164
8434 6655
8436 7362
8443 7759
8445 7469
8448 7268
8455 7287
8463 6371
8467 6551
8470 6826
8472 6625
8474 7780
8475 6246
8487 6121
8489 7246
8492 6622
8495 6941
8500 7143
8501 7096
8502 7572
8503 6909
8507 7424
8509 7379
8517 6610
8519 7707
8529 6188
8530 6916
8532 7454
8535 7731
8536 7810
8540 7388
8545 6220
8547 7126
8553 7484
8564 6696
8565 7693
8569 6753
8570 6752
8572 6754
8574 7320
8575 6650
8577 6521
8580 7689
8581 7536
8589 7342
8598 6770
8599 7860
8611 7709
8614 7267
8616 7457
8617 6483
8622 6351
8623 6996
8624 6361
8627 7230
8631 7561
8634 7630
8636 6648
8638 7939
8641 6234
8643 7909
8647 7879
8649 7884
8653 6453
8655 7671
8656 6756
8662 6533
8671 6427
8672 7179
8676 6881
8678 7282
8679 6647
8683 6851
8684 7868
8685 6373
8688 7110
8689 7239
8694 7537
8701 6651
8703 7727
8707 6701
8710 6539
8711 6662
8712 7855
8714 6780
8715 7827
8717 7915
8720 6687
8723 7018
8726 6178
8729 6623
8735 6187
8737 7115
8740 7346
8742 7029
8744 6401
8750 7372
8756 7874
8758 7274
8760 7086
8765 7722
8766 7987
8770 6537
8777 7630
8779 6900
8783 7343
8784 7301
8785 7077
8790 7114
8792 7140
8794 7206
8795 7426
8798 7940
8803 6097
8805 7736
8812 6367
8822 7721
8823 7582
8825 6200
8826 7754
8832 7811
8834 6789
8836 7695
8838 7013
8842 6126
8843 7746
8849 6748
8851 6278
8852 6178
8862 7677
8863 7171
8864 7004
8866 7470
8868 6245
8869 7176
8870 6993
8874 6934
8881 7036
8887 6863
8893 7641
8897 6988
8899 7038
8904 7108
8905 7944
8909 7418
8910 7428
8912 6083
8914 6384
8916 6951
8917 7240
8919 6166
8920 6875
8921 6982
8924 7849
8933 7813
8934 6812
8938 6147
8941 6485
8942 6625
8943 6912
8944 6471
8947 7321
8952 6376
8954 6001
8955 6699
8957 6312
8966 7218
8967 7611
8969 7877
8970 6432
8973 7514
8975 6802
8977 7374
8978 6962
8980 7772
8985 7446
8989 6882
8990 6020
8992 7849
8999 7189
9003 7661
9006 6993
9012 7231
9013 6886
9014 7011
9017 7679
9019 7773
9024 7741
9025 7157
9027 7647
9032 6264
9033 6345
9035 7028
9039 7273
9047 7669
9048 6603
9050 6296
9053 6668
9058 7714
9059 6135
9060 6340
9064 6195
9067 6964
9068 6960
9069 7919
9070 6541
9073 7433
9076 7276
9077 7977
9083 6781
9089 6090
9092 6545
9100 6989
9104 6139
9106 7533
9109 6727
9111 7061
9114 7829
9119 7837
9120 6655
9122 6652
9125 7309
9128 6939
9129 7330
9130 6503
9133 7563
9134 6867
9137 6453
9139 6448
9153 7168
9156 7295
9158 6606
9159 6408
9160 7186
9162 6195
9163 6149
9170 6844
9173 6773
9175 7408
9178 6581
9180 7655
9184 6705
9187 7816
9189 6040
9196 7881
9198 6640
9201 7190
9202 6756
9206 7999
9211 6301
9212 6506
9215 6601
9217 7450
9219 6004
9226 7985
9240 7747
9243 7356
9244 7125
9247 6468
9255 7791
9256 6110
9259 7770
9261 7243
9264 7337
9272 6676
9274 6891
9276 7166
9279 7058
9283 7270
9288 6666
9289 6022
9290 7419
9294 6305
9295 7408
9296 7483
9297 7653
9298 7618
9300 6048
9301 6674
9304 7691
9305 6406
9308 6502
9309 7347
9312 7155
9318 6412
9323 6228
9324 7417
9327 7190
9333 6757
9338 6867
9341 7958
9342 7732
9343 7009
9344 6508
9345 7634
9358 6511
9361 6888
9364 6000
9366 7795
9369 7376
9379 6080
9380 7174
9381 7938
9388 7662
9391 7405
9393 6411
9398 6518
9401 7601
9404 7237
9405 6366
9406 7468
9411 7759
9417 7171
9418 6084
9425 6742
9427 7241
9435 7576
9437 7440
9438 6926
9443 7073
9444 6242
9446 6123
9448 7767
9454 7378
9458 6291
9461 7130
9464 6162
9466 7680
9470 7502
9474 6261
9475 6965
9476 6176
9482 6598
9485 7315
9486 6458
9487 6421
9489 6273
9495 6827
9501 7310
9502 7386
9508 6320
9509 6040
9512 6813
9514 6758
9515 6046
9517 6337
9522 7608
9523 6938
9526 6549
9528 6897
9529 6435
9530 6370
9535 7398
9540 7489
9543 6635
9544 6968
9545 6370
9555 6208
9572 7066
9573 6928
9575 6291
9576 7988
9577 6175
9582 7293
9583 7047
9586 7695
9588 7271
9590 6963
9594 6718
9596 7219
9598 6097
9601 7502
9604 7590
9607 7016
9610 7294
9615 7420
9618 7829
9620 6115
9621 6021
9628 6790
9633 7527
9634 6338
9637 7141
9644 7945
9645 6432
9646 6671
9648 6506
9649 6829
9650 7396
9651 6739
9652 6492
9653 6263
9655 7877
9662 6567
9664 6678
9666 7378
9667 7352
9670 7047
9671 6150
9673 7709
9676 6631
9677 6023
9678 7138
9686 7831
9689 7872
9692 6792
9700 6841
9702 7332
9709 7822
9713 6313
9715 7600
9716 7835
9718 6615
9721 6873
9722 6277
9724 6161
9725 7016
9733 7894
9735 6213
9739 6707
9748 7088
9750 6275
9758 7808
9759 6255
9761 7400
9763 6653
9764 7976
9775 7062
9776 6288
9780 6623
9781 7925
9787 7644
9803 7635
9805 7284
9808 7015
9815 6344
9818 6068
9827 6745
9828 6570
9830 7285
9831 6390
9833 7220
9836 6675
9838 7450
9841 7902
9842 6300
9843 6644
9844 6360
9845 6670
9849 6354
9852 6410
9855 7610
9856 6157
9866 7857
9867 7925
9869 6770
9870 6325
9871 6150
9872 6078
9874 6272
9877 6246
9879 7346
9881 6944
9884 7368
9887 7193
9891 7270
9897 6455
9901 6172
9902 7237
9905 7516
9912 7413
9914 7918
9918 7191
9922 6888
9928 6930
9930 6599
9932 7161
9933 7868
9935 7561
9937 6026
9939 6781
9943 7492
9945 6372
9955 6916
9957 6598
9961 7038
9965 6429
9966 6802
9970 7970
9971 7897
9974 7194
9975 6604
9977 6507
9979 6156
9987 7120
9988 6867
9993 7143
9998 7121
8000 6772
8003 6249
8007 7129
8014 6687
8017 6817
8021 7125
8024 6472
8025 6443
8026 7421
8027 7528
8030 7986
8031 7994
8032 7390
8033 6591
8041 6200
8043 6792
8051 6821
8054 6612
8061 7738
8063 7978
8067 7772
8068 7538
8072 7900
8073 7713
8078 6013
8081 7015
8085 6930
8086 6539
8104 7335
8105 7989
8108 6606
8117 7386
8121 6960
8124 6238
8127 6823
8129 7353
8136 6505
8140 6267
8141 7146
8142 6132
8143 7915
8144 7056
8151 7394
8157 6809
8161 7644
8163 6714
8164 6671
8165 6435
8167 7998
8168 7146
8170 6281
8173 6522
8176 7828
8178 6089
8179 6717
8183 7331
8190 7088
6147 4049
6149 5276
6150 5755
6156 5557
6157 5910
6160 4791
6161 4902
6162 5660
6164 5581
6166 4179
6172 4412
6175 4377
6176 5834
6178 4049
6187 5153
6188 5464
6192 5716
6195 5052
6200 5786
6208 4440
6213 4547
6220 4364
6228 4637
6234 4326
6238 5086
6242 4782
6245 5243
6246 5504
6249 4567
6255 5348
6261 5753
6263 4432
6264 5510
6267 4212
6272 5488
6273 4822
6275 5828
6277 4942
6278 4758
6281 4529
6288 4207
6291 4141
6296 5978
6300 4098
6301 4351
6305 5549
6312 5529
6313 5203
6320 4053
6324 4437
6325 5928
6330 5343
6337 5103
6338 4247
6340 5027
6344 5378
6345 5072
6351 4112
6354 5455
6360 5055
6361 5512
6366 5025
6367 5653
6370 5796
6371 5904
6372 5135
6373 5781
6375 5884
6376 5017
6378 4391
6384 4242
6390 5177
6393 4765
6401 5586
6406 5825
6408 4134
6410 5102
6411 5677
6412 4901
6421 4976
6424 5390
6427 5845
6429 5646
6432 5965
6434 5034
6435 4234
6443 4912
6448 5196
6453 5671
6455 5732
6458 4734
6468 4829
6471 4357
6472 5931
6482 5040
6483 5418
6485 4797
6492 4428
6502 5131
6503 4027
6505 4345
6506 4716
6507 5474
6508 5570
6511 5656
6518 4145
6521 4617
6522 4766
6531 5860
6533 4660
6537 5703
6539 5846
6541 4106
6545 5362
6549 5904
6551 4659
6566 5373
6567 4591
6570 4065
6581 5014
6591 5917
6598 4946
6599 4044
6601 4263
6603 4538
6604 4300
6606 5717
6610 4434
6612 4103
6615 5277
6622 4274
6623 4998
6625 4307
6631 4791
6633 5760
6635 5841
6637 4923
6638 5775
6640 5010
6644 4651
6647 4643
6648 4597
6650 5920
6651 4071
6652 4248
6653 4334
6655 5673
6662 5407
6666 4154
6668 5794
6670 4061
6671 5122
6672 4340
6674 5865
6675 5641
6676 4820
6678 4378
6681 5091
6687 5817
6696 5589
6699 5482
6701 4262
6705 4118
6707 5823
6714 4748
6717 4035
6718 5397
6727 5613
6732 5832
6739 4351
6742 4445
6743 4927
6745 5517
6746 4845
6748 4809
6752 4805
6753 4165
6754 5333
6756 5226
6757 5243
6758 4635
6770 4342
6772 4028
6773 4940
6780 5377
6781 5497
6789 5017
6790 5988
6792 4681
6802 5170
6809 5846
6812 4394
6813 5782
6817 5580
6821 4132
6823 4432
6826 5872
6827 4819
6829 5346
6834 5506
6836 4772
6841 4556
6844 4832
6846 4392
6851 5165
6857 4008
6863 5311
6867 4735
6873 4027
6875 4044
6876 4024
6881 4371
6882 5459
6886 4848
6888 5594
6891 4346
6897 4534
6900 5052
6909 5193
6912 4543
6916 4076
6926 5267
6928 4712
6930 4218
6934 5686
6938 5920
6939 4662
6941 4628
6944 5645
6950 5773
6951 4607
6960 5780
6962 4841
6963 4383
6964 4825
6965 4169
6968 4979
6982 5455
6988 4186
6989 5091
6993 4938
6996 4235
7004 4395
7009 4633
7010 5263
7011 5578
7013 4955
7015 5248
7016 4580
7018 5527
7027 4608
7028 5117
7029 4727
7033 5060
7035 4071
7036 5467
7038 4659
7039 5180
7047 5445
7056 5909
7058 4444
7059 4229
7061 5639
7062 5831
7066 4641
7070 4956
7073 4794
7077 4371
7086 4002
7088 4788
7096 5646
7108 5304
7110 4791
7114 5263
7115 4964
7120 5236
7121 5687
7125 4632
7126 5048
7129 5338
7130 5038
7132 5034
7138 5243
7139 5103
7140 4573
7141 4231
7143 5055
7146 5978
7155 4344
7157 4058
7161 5705
7166 4503
7168 4393
7171 4423
7174 5122
7176 4229
7179 4976
7185 4201
7186 5618
7189 4412
7190 5136
7191 4694
7193 4911
7194 4209
7206 5413
7218 5899
7219 5950
7220 5320
7230 5962
7231 4390
7232 5826
7237 5394
7238 4130
7239 5035
7240 4742
7241 5757
7243 4412
7246 5541
7267 4846
7268 5312
7270 4998
7271 5448
7273 4474
7274 5251
7276 5199
7281 5503
7282 4882
7284 5910
7285 5621
7287 4207
7293 5713
7294 4119
7295 5469
7301 5783
7308 4555
7309 4535
7310 5657
7315 5225
7320 5101
7321 4280
7330 5166
7331 5170
7332 5670
7335 5837
7337 5132
7342 4802
7343 4966
7346 5178
7347 4622
7349 5349
7351 5417
7352 5648
7353 4611
7356 4228
7362 4552
7368 5622
7372 4819
7374 5235
7376 5281
7378 4326
7379 5598
7384 4489
7386 4409
7388 4427
7390 4857
7394 5334
7396 5130
7398 5508
7399 5308
7400 4530
7405 5219
7408 4973
7410 4622
7413 5235
7417 4757
7418 5184
7419 5175
7420 4085
7421 5218
7424 4525
7426 4050
7428 5035
7433 4696
7440 4440
7446 5550
7447 5089
7450 5841
7454 4899
7457 5888
7468 4875
7469 4353
7470 5102
7483 5239
7484 5729
7489 5559
7492 5796
7501 4528
7502 4969
7511 4755
7514 4580
7516 4742
7527 5616
7528 4153
7530 4282
7533 5907
7536 4130
7537 4156
7538 5189
7561 5466
7563 5963
7566 5377
7572 5684
7576 4868
7582 5713
7590 4234
7599 5679
7600 4159
7601 4363
7608 4028
7610 5236
7611 4468
7615 5397
7618 5222
7624 4318
7630 5799
7634 5873
7635 5038
7641 5660
7644 4203
7647 4635
7650 4541
7653 4173
7655 5610
7661 4785
7662 4994
7669 5524
7671 4678
7677 4495
7678 5369
7679 4411
7680 5080
7689 5723
7691 4460
7693 5718
7695 4780
7707 4411
7709 5219
7713 5555
7714 5981
7721 5991
7722 4714
7726 5895
7727 5356
7731 5724
7732 5690
7735 4769
7736 5115
7738 4937
7741 5506
7746 4236
7747 4370
7751 4499
7754 5433
7759 4084
7767 4473
7770 4437
7772 5875
7773 5224
7780 4265
7791 4586
7795 5133
7797 4207
7799 5041
7808 5151
7810 4544
7811 5964
7813 4942
7816 5788
7822 5981
7827 4463
7828 5535
7829 4466
7831 4973
7835 4471
7837 5679
7849 5749
7855 5795
7857 4308
7860 5338
7868 4072
7872 4528
7874 5591
7875 5306
7877 4032
7879 5989
7881 4382
7884 5257
7892 4006
7894 5991
7897 5765
7900 5020
7902 4958
7909 5631
7915 4305
7916 5521
7918 4035
7919 5634
7922 5864
7925 4943
7933 4503
7938 5527
7939 5988
7940 4005
7944 4745
7945 5716
7958 5696
7970 4702
7976 4221
7977 4009
7978 4483
7985 4824
7986 5206
7987 4495
7988 4079
7989 5930
7994 4786
7998 5239
7999 4811
6000 5818
6001 5264
6004 4002
6008 5348
6013 4534
6020 4328
6021 4150
6022 4623
6023 5669
6026 4177
6040 5787
6046 5395
6048 5126
6065 5927
6068 4100
6078 4784
6080 5387
6083 5169
6084 4285
6089 4475
6090 5102
6097 5134
6110 4399
6115 4798
6121 4012
6123 4132
6126 4876
6129 4718
6132 5886
6135 4386
6139 4671
4098 2574
4100 2137
4103 2825
4106 2604
4112 3795
4118 2148
4119 2760
4130 3276
4132 2820
4134 3617
4141 3813
4145 3314
4150 2427
4153 2624
4154 3605
4156 3221
4159 2067
4165 3640
4169 3877
4173 3111
4177 2561
4179 2710
4186 3552
4201 2659
4203 3695
4207 2199
4209 3552
4212 3090
4218 2857
4221 3440
4228 3674
4229 2828
4231 2141
4234 3024
4235 3625
4236 3128
4242 2673
4247 3940
4248 2960
4262 3274
4263 2746
4265 3927
4274 3387
4280 3324
4282 3794
4285 2093
4300 2253
4305 2171
4307 2846
4308 3811
4318 3079
4326 3174
4328 3695
4334 2451
4340 2658
4342 2287
4344 3417
4345 2335
4346 2905
4351 2501
4353 3960
4357 2814
4363 2386
4364 2435
4370 2286
4371 2481
4377 2251
4378 3243
4382 2391
4383 3754
4386 3846
4390 3907
4391 2822
4392 3258
4393 2693
4394 3099
4395 2670
4399 2634
4409 3822
4411 3193
4412 2102
4423 2472
4427 3935
4428 3502
4432 3329
4434 3256
4437 3597
4440 2036
4444 2783
4445 3062
4460 3049
4463 2594
4466 2207
4468 2676
4471 3937
4473 3989
4474 3735
4475 2135
4483 2135
4489 3760
4495 3813
4499 2581
4503 2332
4525 3595
4528 3840
4529 2858
4530 3598
4534 3987
4535 3284
4538 3336
4541 2879
4543 2359
4544 2642
4547 3919
4552 2804
4555 2746
4556 2096
4567 3763
4573 2898
4580 2183
4586 3680
4591 3173
4597 3867
4607 3823
4608 2080
4611 2675
4617 3332
4622 3545
4623 2615
4628 3657
4632 2213
4633 2386
4635 3041
4637 2107
4641 2444
4643 2254
4651 2789
4659 3899
4660 2525
4662 2037
4671 2711
4678 3029
4681 2011
4694 3862
4696 3374
4702 2966
4712 2615
4714 3244
4716 3026
4718 3975
4727 2475
4734 3441
4735 2517
4742 2947
4745 2073
4748 3916
4755 2201
4757 3124
4758 2773
4765 3128
4766 3594
4769 2390
4772 2715
4780 3798
4782 3919
4784 3257
4785 3247
4786 2301
4788 2013
4791 2581
4794 2458
4797 2366
4798 2887
4802 3456
4805 3555
4809 3465
4811 2259
4819 3722
4820 3887
4822 3846
4824 3143
4825 2820
4829 3401
4832 3786
4841 2176
4845 3542
4846 3692
4848 3254
4857 2669
4868 2025
4875 3449
4876 3058
4882 2265
4899 3752
4901 3360
4902 3675
4911 2279
4912 2247
4923 2941
4927 3872
4937 2366
4938 2435
4940 3812
4942 2674
4943 2045
4946 3231
4955 2959
4956 3674
4958 3962
4964 3776
4966 3262
4969 3437
4973 2889
4976 2709
4979 3802
4994 3936
4998 2160
5010 2234
5014 2584
5017 2850
5020 2540
5025 3573
5027 2353
5034 3234
5035 2372
5038 3110
5040 3667
5041 2375
5048 3251
5052 3868
5055 2956
5060 2436
5072 2830
5080 3108
5086 3881
5089 2673
5091 3437
5101 2217
5102 2609
5103 3737
5115 2090
5117 2797
5122 2894
5126 2004
5130 2308
5131 2668
5132 3905
5133 2819
5134 3984
5135 3312
5136 3196
5151 2159
5153 2433
5165 3980
5166 2603
5169 2917
5170 2482
5175 2109
5177 3852
5178 2477
5180 2789
5184 3364
5189 3367
5193 3760
5196 2220
5199 2014
5203 3692
5206 3535
5218 2138
5219 3803
5222 3132
5224 3070
5225 3967
5226 3913
5235 2017
5236 3052
5239 3524
5243 3587
5248 2412
5251 3427
5257 3689
5263 2006
5264 2239
5267 2860
5276 3751
5277 3674
5281 2750
5304 3083
5306 2898
5308 2975
5311 3529
5312 2554
5320 2161
5333 3150
5334 2435
5338 2538
5343 2152
5346 2846
5348 2219
5349 3194
5356 2997
5362 2028
5369 3355
5373 2397
5377 2268
5378 2649
5387 2034
5390 2879
5394 2703
5395 3635
5397 2849
5407 2035
5413 2354
5417 3998
5418 3516
5433 2250
5445 3104
5448 3038
5455 2882
5459 2637
5464 3338
5466 3643
5467 3837
5469 3589
5474 3522
5482 2519
5488 2749
5497 2550
5503 2855
5504 2413
5506 2723
5508 3029
5510 3811
5512 2564
5517 3230
5521 3956
5524 2338
5527 2534
5529 2212
5535 2482
5541 2249
5549 3598
5550 2086
5555 2906
5557 2398
5559 2777
5570 2301
5578 2656
5580 3582
5581 2077
5586 3164
5589 2976
5591 2656
5594 3033
5598 3040
5610 2043
5613 3235
5616 2311
5618 3873
5621 2185
5622 3015
5631 3546
5634 2774
5639 2330
5641 2429
5645 2509
5646 3840
5648 3116
5653 2421
5656 3424
5657 2227
5660 3118
5669 2861
5670 2489
5671 3815
5673 3679
5677 2345
5679 2143
5684 2589
5686 2984
5687 2187
5690 3215
5696 2647
5703 3850
5705 3169
5713 3317
5716 2499
5717 3699
5718 3115
5723 3240
5724 2184
5729 2794
5732 3790
5749 3264
5753 2824
5755 3261
5757 2011
5760 2144
5765 2048
5773 3743
5775 3376
5780 3066
5781 2922
5782 2879
5783 2107
5786 3374
5787 2143
5788 2460
5794 2985
5795 3720
5796 2746
5799 2650
5817 3253
5818 2473
5823 2601
5825 3944
5826 3033
5828 2414
5831 2895
5832 2103
5834 2846
5837 3560
5841 3218
5845 3560
5846 2364
5860 2790
5864 3258
5865 3422
5872 2722
5873 2269
5875 2047
5884 3443
5886 2401
5888 2017
5895 3461
5899 3303
5904 2904
5907 2068
5909 2218
5910 3066
5917 3921
5920 2122
5927 2205
5928 2069
5930 3705
5931 3864
5950 2276
5962 2612
5963 2814
5964 3418
5965 3992
5978 2874
5981 3758
5988 3343
5989 2471
5991 3204
4002 3102
4005 3527
4006 2847
4008 2816
4009 2513
4012 2718
4024 2223
4027 3156
4028 3787
4032 2842
4035 3491
4044 2769
4049 3663
4050 3563
4053 3346
4058 2899
4061 3063
4065 2706
4071 3963
4072 2573
4076 3792
4079 2953
4084 3150
4085 2426
2048 1817
2067 1816
2068 395
2069 1250
2073 1523
2077 1057
2080 881
2086 1973
2090 36
2093 965
2096 1612
2102 1118
2103 489
2107 1093
2109 568
2122 680
2135 393
2137 1998
2138 930
2141 897
2143 744
2144 1747
2148 284
2152 1427
2159 1993
2160 1665
2161 300
2171 1681
2176 1509
2183 585
2184 1200
2185 1346
2187 1364
2199 1041
2201 150
2205 896
2207 1763
2212 1122
2213 637
2217 686
2218 466
2219 1862
2220 328
2223 1080
2227 1018
2234 975
2239 1041
2247 1062
2249 862
2250 1864
2251 1999
2253 1826
2254 590
2259 196
2265 1107
2268 1879
2269 1881
2276 1839
2279 1155
2286 1749
2287 519
2301 1907
2308 1144
2311 866
2330 894
2332 1052
2335 632
2338 83
2345 1571
2353 1722
2354 1309
2359 1338
2364 1571
2366 1017
2372 837
2375 944
2386 1517
2390 1906
2391 264
2397 1889
2398 1870
2401 1168
2412 916
2413 1014
2414 1689
2421 1888
2426 383
2427 1123
2429 1331
2433 651
2435 221
2436 1311
2444 1354
2451 870
2458 1185
2460 1644
2471 1234
2472 866
2473 1629
2475 204
2477 1575
2481 1620
2482 609
2489 92
2499 324
2501 396
2509 1401
2513 1516
2517 859
2519 1268
2525 1488
2534 930
2538 957
2540 859
2550 1151
2554 936
2561 1463
2564 1213
2573 612
2574 1725
2581 277
2584 1134
2589 1421
2594 1137
2601 148
2603 605
2604 642
2609 894
2612 259
2615 462
2624 1068
2634 107
2637 82
2642 499
2647 578
2649 1309
2650 951
2656 1712
2658 526
2659 467
2668 896
2669 1502
2670 1769
2673 1397
2674 1123
2675 503
2676 1490
2693 1887
2703 1997
2706 1415
2709 1236
2710 1546
2711 183
2715 1640
2718 1895
2722 1967
2723 548
2746 666
2749 1064
2750 1270
2760 158
2769 1183
2773 759
2774 298
2777 832
2783 1251
2789 1581
2790 197
2794 203
2797 1547
2804 1405
2814 458
2816 1942
2819 1090
2820 1767
2822 698
2824 1489
2825 1206
2828 1198
2830 1425
2842 105
2846 923
2847 1308
2849 1137
2850 663
2855 1467
2857 1496
2858 307
2860 1215
2861 1192
2874 1279
2879 44
2882 390
2887 505
2889 538
2894 128
2895 463
2898 29
2899 953
2904 1444
2905 637
2906 315
2917 1806
2922 426
2941 1112
2947 556
2953 279
2956 400
2959 552
2960 21
2966 1319
2975 1705
2976 1204
2984 202
2985 375
2997 903
3015 352
3024 560
3026 1366
3029 850
3033 744
3038 334
3040 1917
3041 1809
3049 875
3052 576
3058 1142
3062 1141
3063 1109
3066 993
3070 1254
3079 1162
3083 306
3090 74
3099 549
3102 319
3104 262
3108 1918
3110 821
3111 858
3115 96
3116 112
3118 158
3124 1034
3128 1019
3132 1813
3143 1460
3150 1143
3156 855
3164 1348
3169 1213
3173 408
3174 1189
3193 578
3194 816
3196 1318
3204 680
3215 1157
3218 1331
3221 232
3230 682
3231 1848
3234 644
3235 1124
3240 1299
3243 1290
3244 1639
3247 585
3251 1341
3253 996
3254 1113
3256 1077
3257 1037
3258 1925
3261 60
3262 1810
3264 1864
3274 786
3276 1956
3284 961
3303 1410
3312 371
3314 1261
3317 540
3324 1164
3329 1658
3332 1914
3336 1619
3338 479
3343 1933
3346 1461
3355 1759
3360 800
3364 1551
3367 1650
3374 18
3376 1451
3387 918
3401 899
3417 992
3418 1662
3422 1267
3424 623
3427 1566
3437 1610
3440 1301
3441 1982
3443 1948
3449 462
3456 804
3461 1297
3465 398
3491 1906
3502 528
3516 847
3522 1506
3524 1036
3527 586
3529 1434
3535 1472
3542 1149
3545 1191
3546 299
3552 943
3555 79
3560 1389
3563 698
3573 775
3582 1010
3587 1519
3589 1861
3594 7
3595 289
3597 421
3598 1589
3605 1326
3617 808
3625 1605
3635 580
3640 1638
3643 901
3657 1897
3663 1879
3667 1266
3674 430
3675 707
3679 546
3680 286
3689 1443
3692 1536
3695 1084
3699 1631
3705 574
3720 198
3722 957
3735 1545
3737 1301
3743 1742
3751 998
3752 206
3754 333
3758 1571
3760 935
3763 55
3776 1895
3786 86
3787 292
3790 58
3792 1502
3794 144
3795 196
3798 1342
3802 266
3803 1079
3811 1868
3812 1023
3813 408
3815 1589
3822 586
3823 1683
3837 1218
3840 697
3846 1831
3850 1089
3852 1887
3862 836
3864 1311
3867 1009
3868 1792
3872 1761
3873 1265
3877 477
3881 502
3887 1485
3899 950
3905 719
3907 1340
3913 343
3916 1890
3919 1434
3921 1466
3927 167
3935 989
3936 693
3937 1427
3940 146
3944 1570
3956 342
3960 1435
3962 931
3963 1487
3967 1030
3975 784
3980 97
3984 1657
3987 15
3989 1365
3992 1812
3998 1914
2004 408
2006 1328
2011 308
2013 1366
2014 316
2017 1588
2025 1939
2028 1020
2034 586
2035 1604
2036 1868
2037 1013
2043 1686
2045 6
2047 551
