20000 18858
20001 19109
20002 19980
20003 19015
20004 19041
20005 19045
20006 18552
20007 18809
20008 19984
20009 19210
20010 19997
20011 19314
20012 19608
20013 18676
20014 19688
20015 18544
20016 19480
20017 18637
20018 18232
20019 19837
20020 19495
20021 19535
20022 18870
20023 18272
20024 19440
20025 18354
20026 18274
20027 18701
20028 19314
20029 19047
20030 18087
20031 18777
20032 19637
20033 18795
20034 19147
20035 19420
20036 19552
20037 19418
20038 19854
20039 18960
20040 18227
20041 18299
20042 19133
20043 18914
20044 18866
20045 19769
20046 18776
20047 19313
20048 18121
20049 18182
20050 19180
20051 19997
20052 19809
20053 18364
20054 19245
20055 19893
20056 18389
20057 18059
20058 18233
20059 18830
20060 18309
20061 19690
20062 19375
20063 19550
20064 18238
20065 19341
20066 19549
20067 19735
20068 19302
20069 18325
20070 19811
20071 18989
20072 19329
20073 19100
20074 19609
20075 18636
20076 18986
20077 19521
20078 19876
20079 19401
20080 19496
20081 18086
20082 19438
20083 19688
20084 18609
20085 18588
20086 19838
20087 18475
20088 19100
20089 18388
20090 19556
20091 18374
20092 19075
20093 18111
20094 18253
20095 19586
20096 18158
20097 18390
20098 18637
20099 18440
20100 18511
20101 18509
20102 19259
20103 19765
20104 18248
20105 18250
20106 19825
20107 18005
20108 18781
20109 19446
20110 18006
20111 18444
20112 19086
20113 19894
20114 18665
20115 18478
20116 19712
20117 18842
20118 18273
20119 19392
20120 19877
20121 19945
20122 18788
20123 18522
20124 19714
20125 19036
20126 18069
20127 19724
20128 18334
20129 18803
20130 19143
20131 18834
20132 18128
20133 19898
20134 19302
20135 19173
20136 19012
20137 18714
20138 18434
20139 19009
20140 19551
20141 18934
20142 19077
20143 18565
20144 18910
20145 18770
20146 19460
20147 19870
20148 18276
20149 18813
20150 19083
20151 18845
20152 19665
20153 18954
20154 19547
20155 18922
20156 18501
20157 19934
20158 18837
20159 19191
20160 18993
20161 18935
20162 18624
20163 19656
20164 19362
20165 19652
20166 18427
20167 19690
20168 18061
20169 19807
20170 19542
20171 18697
20172 18992
20173 18331
20174 19554
20175 18086
20176 19880
20177 18913
20178 18741
20179 19024
20180 18806
20181 18909
20182 19186
20183 19776
20184 19924
20185 19615
20186 18848
20187 19672
20188 19016
20189 19346
20190 19900
20191 19148
20192 18485
20193 19664
20194 18015
20195 19903
20196 18689
20197 19430
20198 19942
20199 18751
20200 18588
20201 19416
20202 19464
20203 18020
20204 18853
20205 19315
20206 19966
20207 19495
20208 19533
20209 18664
20210 18695
20211 19261
20212 18741
20213 19760
20214 18555
20215 19363
20216 18973
20217 18417
20218 18986
20219 18047
20220 19329
20221 19448
20222 18774
20223 18457
20224 19396
20225 19385
20226 18285
20227 18223
20228 18034
20229 19634
20230 18742
20231 18848
20232 19217
20233 19951
20234 18368
20235 19286
20236 19951
20237 19241
20238 18769
20239 19025
20240 18745
20241 18913
20242 18133
20243 18499
20244 18307
20245 18355
20246 19230
20247 18208
20248 18379
20249 18336
20250 19114
20251 19148
20252 18685
20253 18043
20254 19075
20255 18450
20256 18553
20257 19876
20258 18149
20259 18400
20260 18027
20261 19081
20262 18984
20263 18184
20264 19802
20265 18220
20266 18511
20267 18928
20268 18162
20269 19654
20270 19325
20271 19191
20272 19966
20273 18343
20274 18669
20275 18270
20276 18055
20277 18358
20278 18875
20279 18551
20280 18211
20281 18708
20282 19112
20283 18157
20284 19437
20285 18272
20286 19676
20287 19712
20288 19256
20289 18836
20290 19855
20291 19330
20292 18730
20293 18658
20294 18256
20295 19830
20296 19127
20297 18129
20298 19533
20299 19482
20300 18194
20301 18048
20302 19687
20303 19730
20304 18881
20305 19937
20306 19542
20307 18435
20308 19532
20309 19083
20310 19081
20311 19278
20312 18199
20313 19188
20314 19377
20315 19417
20316 18762
20317 19631
20318 19817
20319 19154
20320 18569
20321 19738
20322 18687
20323 18351
20324 19138
20325 19624
20326 18816
20327 18523
20328 18261
20329 19099
20330 19602
20331 19805
20332 19468
20333 19567
20334 18610
20335 19660
20336 18298
20337 18795
20338 18645
20339 19758
20340 18005
20341 19338
20342 19568
20343 19238
20344 18859
20345 19956
20346 18757
20347 18093
20348 19239
20349 19121
20350 18262
20351 18618
20352 18158
20353 19022
20354 18657
20355 18606
20356 19666
20357 18687
20358 19184
20359 19924
20360 19767
20361 18021
20362 19656
20363 18086
20364 18867
20365 18214
20366 18364
20367 18150
20368 18907
20369 19080
20370 18994
20371 19565
20372 19287
20373 19082
20374 19127
20375 18963
20376 18681
20377 18923
20378 18344
20379 18142
20380 18320
20381 19424
20382 18932
20383 19781
20384 18145
20385 19965
20386 19427
20387 18114
20388 18588
20389 18201
20390 18111
20391 19290
20392 18570
20393 18087
20394 18901
20395 19429
20396 19321
20397 18560
20398 18864
20399 19977
20400 19096
20401 19337
20402 18376
20403 18290
20404 19511
20405 19419
20406 19012
20407 18131
20408 18057
20409 19767
20410 19623
20411 18042
20412 18683
20413 19956
20414 18377
20415 18556
20416 19036
20417 19716
20418 19998
20419 18388
20420 19625
20421 18390
20422 18287
20423 19856
20424 18361
20425 18322
20426 19382
20427 19698
20428 18879
20429 18455
20430 18129
20431 19679
20432 19916
20433 18804
20434 19140
20435 18400
20436 19969
20437 19644
20438 18963
20439 18588
20440 19284
20441 19747
20442 19887
20443 19034
20444 19136
20445 19980
20446 18833
20447 19846
20448 19446
20449 18622
20450 19242
20451 18181
20452 19881
20453 19490
20454 19336
20455 18766
20456 18813
20457 19019
20458 19246
20459 19368
20460 18161
20461 19746
20462 19618
20463 18923
20464 19838
20465 18981
20466 18269
20467 19262
20468 19810
20469 18703
20470 18475
20471 19815
20472 18958
20473 18567
20474 18778
20475 18519
20476 18096
20477 18994
20478 18821
20479 19619
20480 18623
20481 19114
20482 18707
20483 19267
20484 18006
20485 18323
20486 18621
20487 18083
20488 18063
20489 19028
20490 19177
20491 18320
20492 19771
20493 19889
20494 18994
20495 18032
20496 18210
20497 18885
20498 19049
20499 19333
20500 18751
20501 19973
20502 18199
20503 19385
20504 19998
20505 18118
20506 19250
20507 19975
20508 18373
20509 18281
20510 18091
20511 19621
20512 18331
20513 18278
20514 19312
20515 18460
20516 18134
20517 18395
20518 19760
20519 18310
20520 18439
20521 19764
20522 18488
20523 18001
20524 19013
20525 19551
20526 19375
20527 18697
20528 19404
20529 19524
20530 19194
20531 19762
20532 19858
20533 19816
20534 19760
20535 19678
20536 18666
20537 18366
20538 18136
20539 19843
20540 18213
20541 18308
20542 19416
20543 19515
20544 18382
20545 19107
20546 19275
20547 19957
20548 18723
20549 19954
20550 18028
20551 19472
20552 19999
20553 19567
20554 18556
20555 18440
20556 19293
20557 19771
20558 19465
20559 19865
20560 19042
20561 19962
20562 19410
20563 18844
20564 18284
20565 18136
20566 19672
20567 19793
20568 18472
20569 18581
20570 19143
20571 18256
20572 18319
20573 18270
20574 18337
20575 19979
20576 18248
20577 19455
20578 18442
20579 18155
20580 18910
20581 18191
20582 18406
20583 18722
20584 19484
20585 19635
20586 19348
20587 19529
20588 18099
20589 19989
20590 19141
20591 19350
20592 18893
20593 18781
20594 18964
20595 19076
20596 18182
20597 18212
20598 19268
20599 18166
20600 19028
20601 19518
20602 18910
20603 18723
20604 18962
20605 18931
20606 19776
20607 19515
20608 19618
20609 19750
20610 19713
20611 18328
20612 18299
20613 19060
20614 19783
20615 19714
20616 19328
20617 18798
20618 19058
20619 19869
20620 19389
20621 19543
20622 18843
20623 19910
20624 18440
20625 18979
20626 19166
20627 19821
20628 18991
20629 18744
20630 18124
20631 18977
20632 18320
20633 18093
20634 18349
20635 19739
20636 18996
20637 19012
20638 18689
20639 18077
20640 19115
20641 18865
20642 18446
20643 19988
20644 18199
20645 19715
20646 19397
20647 18866
20648 19913
20649 18471
20650 19808
20651 18055
20652 18207
20653 19182
20654 19485
20655 19643
20656 18014
20657 18146
20658 19176
20659 18952
20660 19174
20661 19368
20662 18581
20663 19209
20664 19512
20665 19388
20666 18683
20667 19710
20668 18002
20669 19679
20670 18903
20671 19448
20672 18641
20673 18719
20674 19297
20675 19890
20676 19129
20677 19563
20678 19978
20679 18663
20680 18857
20681 19547
20682 19019
20683 18463
20684 19134
20685 19448
20686 19663
20687 18780
20688 18603
20689 18386
20690 19788
20691 19755
20692 19085
20693 18607
20694 18003
20695 19117
20696 19245
20697 19545
20698 19362
20699 19858
20700 18613
20701 19030
20702 19558
20703 18561
20704 18022
20705 18090
20706 19679
20707 19823
20708 18847
20709 18875
20710 19202
20711 19468
20712 18830
20713 18987
20714 18612
20715 18388
20716 18234
20717 19082
20718 18363
20719 18303
20720 19431
20721 19925
20722 18108
20723 19281
20724 18374
20725 19120
20726 19660
20727 18096
20728 19661
20729 18305
20730 19987
20731 19755
20732 19798
20733 18461
20734 18834
20735 18653
20736 18284
20737 18913
20738 18883
20739 18296
20740 18686
20741 19683
20742 19540
20743 19945
20744 18617
20745 18610
20746 19189
20747 18253
20748 19724
20749 18164
20750 19857
20751 19298
20752 18368
20753 18791
20754 19079
20755 18661
20756 19503
20757 19564
20758 18340
20759 19119
20760 18235
20761 19470
20762 19378
20763 18955
20764 18937
20765 18194
20766 18127
20767 18180
20768 18258
20769 18452
20770 18473
20771 18346
20772 18822
20773 18168
20774 18508
20775 19721
20776 18239
20777 19539
20778 19616
20779 19566
20780 18713
20781 18034
20782 19291
20783 18340
20784 18798
20785 19996
20786 19603
20787 18563
20788 19395
20789 18625
20790 19486
20791 19088
20792 18762
20793 19211
20794 18319
20795 19372
20796 18166
20797 19538
20798 18165
20799 19165
20800 18392
20801 18416
20802 18474
20803 18703
20804 18694
20805 18100
20806 18340
20807 19538
20808 18300
20809 18927
20810 18164
20811 19031
20812 19612
20813 19538
20814 18984
20815 18954
20816 19948
20817 18646
20818 19151
20819 18003
20820 18717
20821 18661
20822 18504
20823 19411
20824 18466
20825 18385
20826 18840
20827 19964
20828 19085
20829 18402
20830 19080
20831 19344
20832 19430
20833 18958
20834 18642
20835 18501
20836 19795
20837 18878
20838 18734
20839 19455
20840 18922
20841 19030
20842 18172
20843 19916
20844 19662
20845 19576
20846 18719
20847 18141
20848 18952
20849 19526
20850 19894
20851 19945
20852 19441
20853 19708
20854 19903
20855 19330
20856 19072
20857 18823
20858 19287
20859 18357
20860 19063
20861 18094
20862 18144
20863 19629
20864 18789
20865 19932
20866 19782
20867 18823
20868 18781
20869 19521
20870 18437
20871 18266
20872 18683
20873 19110
20874 18303
20875 18161
20876 18940
20877 19675
20878 19554
20879 19635
20880 18523
20881 18043
20882 19525
20883 19637
20884 19045
20885 19821
20886 19412
20887 19277
20888 18861
20889 19246
20890 18918
20891 19664
20892 19458
20893 18824
20894 18121
20895 18886
20896 19489
20897 18325
20898 18795
20899 18809
20900 19600
20901 18144
20902 19213
20903 19558
20904 18192
20905 18997
20906 18750
20907 19527
20908 19728
20909 19071
20910 19145
20911 18033
20912 18243
20913 18776
20914 19656
20915 19341
20916 19319
20917 18236
20918 19516
20919 18354
20920 19486
20921 18846
20922 19279
20923 19400
20924 19577
20925 19355
20926 19444
20927 18422
20928 18512
20929 19822
20930 18301
20931 19721
20932 18913
20933 19242
20934 18270
20935 19798
20936 19148
20937 18467
20938 18608
20939 18399
20940 18088
20941 19634
20942 19990
20943 18165
20944 18274
20945 18839
20946 18660
20947 18184
20948 18706
20949 18085
20950 18243
20951 18155
20952 18803
20953 19869
20954 19904
20955 18121
20956 19799
20957 19109
20958 18634
20959 19437
20960 19505
20961 18566
20962 19793
20963 18927
20964 19530
20965 19904
20966 19424
20967 18936
20968 18846
20969 19643
20970 18185
20971 19579
20972 18575
20973 18504
20974 18278
20975 19885
20976 18736
20977 19397
20978 18851
20979 18014
20980 19991
20981 19844
20982 19572
20983 18801
20984 19355
20985 19901
20986 18451
20987 19973
20988 19096
20989 19402
20990 19648
20991 19855
20992 19518
20993 18074
20994 19357
20995 18756
20996 19725
20997 19528
20998 19973
20999 18806
21000 19069
21001 18503
21002 19394
21003 18937
21004 18566
21005 19395
21006 19200
21007 19365
21008 19862
21009 18932
21010 19839
21011 18869
21012 18843
21013 19579
21014 19645
21015 18477
21016 19408
21017 19358
21018 19861
21019 19147
21020 19775
21021 19293
21022 18014
21023 18773
21024 19716
21025 19751
21026 19286
21027 18123
21028 19852
21029 18158
21030 19948
21031 19999
21032 18166
21033 18680
21034 18710
21035 18362
21036 19759
21037 19908
21038 18946
21039 19774
21040 19979
21041 19392
21042 18773
21043 19468
21044 19897
21045 19914
21046 18663
21047 18097
21048 18869
21049 18066
21050 19412
21051 18095
21052 18012
21053 18165
21054 19545
21055 19982
21056 19612
21057 19215
21058 19356
21059 19733
21060 19153
21061 18358
21062 19910
21063 18315
21064 18058
21065 18618
21066 19214
21067 18485
21068 19058
21069 18096
21070 19162
21071 18312
21072 19805
21073 18725
21074 19829
21075 19201
21076 19094
21077 18330
21078 18531
21079 18044
21080 18881
21081 19434
21082 19542
21083 18511
21084 19948
21085 19219
21086 19638
21087 18916
21088 18230
21089 18584
21090 18799
21091 18754
21092 19444
21093 18726
21094 19626
21095 18204
21096 18009
21097 18428
21098 18385
21099 19791
21100 19780
21101 19354
21102 19126
21103 18300
21104 19766
21105 19985
21106 18446
21107 19928
21108 18634
21109 18488
21110 18960
21111 18149
21112 19776
21113 19562
21114 18727
21115 18158
21116 19496
21117 18160
21118 19776
21119 19094
21120 18063
21121 18765
21122 19128
21123 18625
21124 19637
21125 19120
21126 18124
21127 19630
21128 18368
21129 19004
21130 18260
21131 18952
21132 19346
21133 18624
21134 18708
21135 19933
21136 18253
21137 19241
21138 19643
21139 19391
21140 18975
21141 19181
21142 19539
21143 18376
21144 18797
21145 18803
21146 18810
21147 19372
21148 19969
21149 19618
21150 18426
21151 18261
21152 19457
21153 19286
21154 19231
21155 18672
21156 19128
21157 19554
21158 19310
21159 19850
21160 18789
21161 18183
21162 19080
21163 18199
21164 18078
21165 19661
21166 19296
21167 19326
21168 19126
21169 19927
21170 18461
21171 19876
21172 19160
21173 19705
21174 18944
21175 18943
21176 19564
21177 19418
21178 18841
21179 19367
21180 18746
21181 19098
21182 18152
21183 19060
21184 19039
21185 18346
21186 18285
21187 18663
21188 18891
21189 19243
21190 19894
21191 19249
21192 18216
21193 18872
21194 19758
21195 18220
21196 19534
21197 19701
21198 18235
21199 18482
21200 18828
21201 19350
21202 18558
21203 19683
21204 18566
21205 18914
21206 19847
21207 19092
21208 18725
21209 18349
21210 19516
21211 18102
21212 19663
21213 18303
21214 18833
21215 18477
21216 18101
21217 19380
21218 19814
21219 19331
21220 18949
21221 18860
21222 18293
21223 18807
21224 18889
21225 18175
21226 19128
21227 18307
21228 18406
21229 18306
21230 19660
21231 18866
21232 18596
21233 18477
21234 18196
21235 18572
21236 18015
21237 18734
21238 19169
21239 18897
21240 18897
21241 19033
21242 19125
21243 19566
21244 19247
21245 19114
21246 18159
21247 18422
21248 18708
21249 19566
21250 18573
21251 18044
21252 19163
21253 18009
21254 18669
21255 19738
21256 19962
21257 19370
21258 18769
21259 18930
21260 19854
21261 18667
21262 19544
21263 18186
21264 19551
21265 18789
21266 19355
21267 19200
21268 19882
21269 19346
21270 19718
21271 19119
21272 19962
21273 18792
21274 18530
21275 19200
21276 18678
21277 19365
21278 19383
21279 19430
21280 19597
21281 18387
21282 18248
21283 18010
21284 18950
21285 18424
21286 18788
21287 19304
21288 19680
21289 18704
21290 18778
21291 18631
21292 18853
21293 19244
21294 18620
21295 19121
21296 18535
21297 18799
21298 18571
21299 18691
21300 18555
21301 19757
21302 19453
21303 18158
21304 18924
21305 19778
21306 19509
21307 19586
21308 19999
21309 19522
21310 19156
21311 18214
21312 18960
21313 18740
21314 19022
21315 19764
21316 18725
21317 19661
21318 19099
21319 19619
21320 19766
21321 19579
21322 19451
21323 19163
21324 18223
21325 18793
21326 18228
21327 18210
21328 19604
21329 18984
21330 18760
21331 18353
21332 19744
21333 19934
21334 18676
21335 19859
21336 19293
21337 19346
21338 19828
21339 19120
21340 18418
21341 18813
21342 19612
21343 19215
21344 18100
21345 19800
21346 18853
21347 19916
21348 18101
21349 19919
21350 18677
21351 18683
21352 19311
21353 19473
21354 18596
21355 18318
21356 18209
21357 19142
21358 18005
21359 19078
21360 18837
21361 19659
21362 19801
21363 19895
21364 19290
21365 19326
21366 18988
21367 19978
21368 18762
21369 19418
21370 19498
21371 19687
21372 18546
21373 19681
21374 19098
21375 18243
21376 18794
21377 19217
21378 18513
21379 19036
21380 18788
21381 19478
21382 18935
21383 18609
21384 18551
21385 19400
21386 19055
21387 19041
21388 19785
21389 19166
21390 19154
21391 19672
21392 19905
21393 19095
21394 18179
21395 18114
21396 19878
21397 19425
21398 19161
21399 18282
21400 18155
21401 19776
21402 19139
21403 18542
21404 18627
21405 18860
21406 18579
21407 18940
21408 18787
21409 18340
21410 19922
21411 19744
21412 19932
21413 19526
21414 19368
21415 18810
21416 18285
21417 18844
21418 19176
21419 19613
21420 19386
21421 19711
21422 19883
21423 19841
21424 19382
21425 18852
21426 18238
21427 18212
21428 19533
21429 19567
21430 19650
21431 19948
21432 19326
21433 18494
21434 19700
21435 18089
21436 18076
21437 18240
21438 18336
21439 19191
21440 18574
21441 18149
21442 18933
21443 18403
21444 19181
21445 18484
21446 19780
21447 18549
21448 19860
21449 19933
21450 18830
21451 18066
21452 18635
21453 19644
21454 19471
21455 19790
21456 18202
21457 19771
21458 19085
21459 18084
21460 19656
21461 18000
21462 18714
21463 19448
21464 19097
21465 18619
21466 19683
21467 19154
21468 18814
21469 19969
21470 19602
21471 19758
21472 19044
21473 18621
21474 18693
21475 19751
21476 19922
21477 18199
21478 19428
21479 19139
21480 19586
21481 18851
21482 19346
21483 18651
21484 19630
21485 18706
21486 18947
21487 18338
21488 18675
21489 19799
21490 18051
21491 19866
21492 18562
21493 19540
21494 18681
21495 19777
21496 18283
21497 19452
21498 19751
21499 18603
21500 19080
21501 18638
21502 18833
21503 19703
21504 19100
21505 19300
21506 18924
21507 18810
21508 19159
21509 18294
21510 18501
21511 19600
21512 18979
21513 18446
21514 18466
21515 19167
21516 19277
21517 18713
21518 19108
21519 18777
21520 18526
21521 19421
21522 19944
21523 19596
21524 18346
21525 18590
21526 19780
21527 18959
21528 18296
21529 18733
21530 18978
21531 18783
21532 18431
21533 18107
21534 18404
21535 18032
21536 18011
21537 19606
21538 18816
21539 18035
21540 18453
21541 19076
21542 19549
21543 18012
21544 19149
21545 19159
21546 18195
21547 18522
21548 19848
21549 19326
21550 19309
21551 18703
21552 18748
21553 18158
21554 18062
21555 19466
21556 19014
21557 19284
21558 19025
21559 19781
21560 18812
21561 19773
21562 18356
21563 18770
21564 18123
21565 18796
21566 18455
21567 19271
21568 19147
21569 18349
21570 18050
21571 19272
21572 19751
21573 19602
21574 19312
21575 19829
21576 18653
21577 18324
21578 18669
21579 19305
21580 19873
21581 18934
21582 19379
21583 19657
21584 18255
21585 19466
21586 19795
21587 18598
21588 18829
21589 18266
21590 18003
21591 18635
21592 19733
21593 18479
21594 19597
21595 19613
21596 19107
21597 19655
21598 19006
21599 19197
21600 19101
21601 19866
21602 18966
21603 19036
21604 18758
21605 19918
21606 18485
21607 18209
21608 19652
21609 18051
21610 19578
21611 19230
21612 18410
21613 18270
21614 18000
21615 18850
21616 19148
21617 18367
21618 19803
21619 19326
21620 19410
21621 19472
21622 19365
21623 19733
21624 18234
21625 18598
21626 19240
21627 18896
21628 19686
21629 19022
21630 18323
21631 19180
21632 18811
21633 18692
21634 18035
21635 18369
21636 18224
21637 18647
21638 18242
21639 19689
21640 19541
21641 19120
21642 18205
21643 18863
21644 19143
21645 19962
21646 19366
21647 19180
21648 19427
21649 18127
21650 19145
21651 19771
21652 18293
21653 19275
21654 18255
21655 19825
21656 18494
21657 19194
21658 19818
21659 18243
21660 19862
21661 18493
21662 19522
21663 18694
21664 18499
21665 19697
21666 19293
21667 19781
21668 19658
21669 19212
21670 18737
21671 19788
21672 18235
21673 19374
21674 19829
21675 19651
21676 19606
21677 19427
21678 19259
21679 19175
21680 19305
21681 18755
21682 19115
21683 18908
21684 18607
21685 19524
21686 18949
21687 18383
21688 19442
21689 18696
21690 18947
21691 18388
21692 19956
21693 18408
21694 18078
21695 18246
21696 19338
21697 19159
21698 19304
21699 18516
21700 18681
21701 19932
21702 19712
21703 18536
21704 18073
21705 18608
21706 18011
21707 19450
21708 19658
21709 19438
21710 18294
21711 19209
21712 18121
21713 19706
21714 19775
21715 19183
21716 18938
21717 19897
21718 19959
21719 18880
21720 18266
21721 18523
21722 18524
21723 18112
21724 18207
21725 19578
21726 18510
21727 19574
21728 19108
21729 19849
21730 18697
21731 18033
21732 19382
21733 19197
21734 19774
21735 18575
21736 18138
21737 18312
21738 19267
21739 19400
21740 18547
21741 19431
21742 19976
21743 18069
21744 18119
21745 18346
21746 18578
21747 18477
21748 18449
21749 19200
21750 18113
21751 19580
21752 18705
21753 19988
21754 19599
21755 19841
21756 18840
21757 19097
21758 18739
21759 18947
21760 18797
21761 18923
21762 18543
21763 19974
21764 19989
21765 18448
21766 19654
21767 18172
21768 18222
21769 19296
21770 18426
21771 18241
21772 19138
21773 18682
21774 19226
21775 18652
21776 18977
21777 18020
21778 18663
21779 19080
21780 18088
21781 19507
21782 18357
21783 19863
21784 19465
21785 19733
21786 18751
21787 19304
21788 19871
21789 19668
21790 18117
21791 19739
21792 19871
21793 19807
21794 19743
21795 19245
21796 18299
21797 19560
21798 19455
21799 18415
21800 18501
21801 19681
21802 18219
21803 19885
21804 19575
21805 18296
21806 19224
21807 18603
21808 19797
21809 18249
21810 19127
21811 18686
21812 19194
21813 19899
21814 19739
21815 19565
21816 18037
21817 18254
21818 18193
21819 19296
21820 18780
21821 18222
21822 18267
21823 18999
21824 18172
21825 18344
21826 18436
21827 19204
21828 19106
21829 18151
21830 18374
21831 18304
21832 19083
21833 19687
21834 19094
21835 18848
21836 19664
21837 18717
21838 18430
21839 18540
21840 19006
21841 19851
21842 18221
21843 18504
21844 18019
21845 19347
21846 19424
21847 19884
21848 18705
21849 18872
21850 19166
21851 18494
21852 19418
21853 19874
21854 18273
21855 19227
21856 19793
21857 19852
21858 19219
21859 18331
21860 18508
21861 18731
21862 19007
21863 18604
21864 19587
21865 18730
21866 19481
21867 18648
21868 18303
21869 18091
21870 18516
21871 18356
21872 19980
21873 18092
21874 18215
21875 19277
21876 19384
21877 18765
21878 18700
21879 18885
21880 18436
21881 19238
21882 18935
21883 18672
21884 18311
21885 19058
21886 19040
21887 19394
21888 18350
21889 19547
21890 18103
21891 18312
21892 19710
21893 18716
21894 18683
21895 18286
21896 19298
21897 19722
21898 18861
21899 18828
21900 18117
21901 18842
21902 18521
21903 19523
21904 19263
21905 18163
21906 18051
21907 19560
21908 18208
21909 18937
21910 18328
21911 19282
21912 18446
21913 18278
21914 19806
21915 19539
21916 19128
21917 18951
21918 18940
21919 18650
21920 19215
21921 19378
21922 19861
21923 19028
21924 19414
21925 19421
21926 18168
21927 18689
21928 18403
21929 19848
21930 19527
21931 19959
21932 18969
21933 19831
21934 19539
21935 18147
21936 19313
21937 19001
21938 19022
21939 18471
21940 18724
21941 19562
21942 18886
21943 18720
21944 19644
21945 19475
21946 19474
21947 19430
21948 19149
21949 19820
21950 18044
21951 18407
21952 18510
21953 18387
21954 18718
21955 18050
21956 18930
21957 18043
21958 18010
21959 19895
21960 18166
21961 18101
21962 18274
21963 19559
21964 19772
21965 18931
21966 19618
21967 19617
21968 19467
21969 18212
21970 18221
21971 18325
21972 18400
21973 18927
21974 19447
21975 19379
21976 18871
21977 19930
21978 19807
21979 19166
21980 19576
21981 19132
21982 18276
21983 19242
21984 19013
21985 18498
21986 19478
21987 18167
21988 19553
21989 19871
21990 18285
21991 19915
21992 18654
21993 18764
21994 18816
21995 19430
21996 19359
21997 19347
21998 18923
21999 18687
18000 16832
18001 17495
18002 17833
18003 16686
18005 17124
18006 16084
18009 16280
18010 16501
18011 16048
18012 17312
18014 16038
18015 17588
18019 17686
18020 17570
18021 17214
18022 16458
18027 17035
18028 16896
18032 17734
18033 16784
18034 16424
18035 17815
18037 17823
18042 16401
18043 17411
18044 16723
18047 17462
18048 17479
18050 16571
18051 16697
18055 16350
18057 16408
18058 17009
18059 17959
18061 16244
18062 17024
18063 16549
18066 16664
18069 16611
18073 16913
18074 17638
18076 16362
18077 16187
18078 17233
18083 17123
18084 16196
18085 16036
18086 16308
18087 16863
18088 17272
18089 17567
18090 17161
18091 16753
18092 17996
18093 17374
18094 16794
18095 17623
18096 16529
18097 16994
18099 16013
18100 16890
18101 16396
18102 17546
18103 16571
18107 17282
18108 16987
18111 17096
18112 17505
18113 17315
18114 16367
18117 16659
18118 16407
18119 17664
18121 16788
18123 17166
18124 17714
18127 17828
18128 16211
18129 17848
18131 16971
18133 17207
18134 16733
18136 17196
18138 17381
18141 16716
18142 16273
18144 16486
18145 17047
18146 16004
18147 17705
18149 16897
18150 16412
18151 16281
18152 17165
18155 17014
18157 16343
18158 17640
18159 17900
18160 17079
18161 16618
18162 16323
18163 17388
18164 17364
18165 16328
18166 16491
18167 16269
18168 17522
18172 16105
18175 17523
18179 16151
18180 16365
18181 16838
18182 16922
18183 17455
18184 16691
18185 16830
18186 16554
18191 16255
18192 17982
18193 17191
18194 16012
18195 16782
18196 17927
18199 16987
18201 16814
18202 17516
18204 17730
18205 17291
18207 16118
18208 16304
18209 17800
18210 16105
18211 17766
18212 16879
18213 16731
18214 16815
18215 17101
18216 16115
18219 17289
18220 16106
18221 16622
18222 16331
18223 17750
18224 17677
18227 17394
18228 17942
18230 17198
18232 17427
18233 16958
18234 17802
18235 17261
18236 16792
18238 17360
18239 16801
18240 17779
18241 16741
18242 16307
18243 16665
18246 17051
18248 17553
18249 17732
18250 17627
18253 16050
18254 16251
18255 16723
18256 16026
18258 16659
18260 17621
18261 16846
18262 17557
18266 16133
18267 17876
18269 17946
18270 16349
18272 17257
18273 16420
18274 17870
18276 17979
18278 17188
18281 17298
18282 17064
18283 16141
18284 16732
18285 17893
18286 16546
18287 16956
18290 16726
18293 17705
18294 16214
18296 16433
18298 17566
18299 16522
18300 16432
18301 16626
18303 16328
18304 16814
18305 17356
18306 17025
18307 16942
18308 17049
18309 17802
18310 17787
18311 17146
18312 16104
18315 17527
18318 16467
18319 16010
18320 16197
18322 16430
18323 16192
18324 17999
18325 17899
18328 16382
18330 17481
18331 16054
18334 16460
18336 16921
18337 17429
18338 16126
18340 16667
18343 16773
18344 17644
18346 17870
18349 17694
18350 17665
18351 16544
18353 16718
18354 17117
18355 17419
18356 16570
18357 16040
18358 16402
18361 17423
18362 17013
18363 17126
18364 16540
18366 17219
18367 17998
18368 16387
18369 17916
18373 16538
18374 17667
18376 17576
18377 17349
18379 17691
18382 16272
18383 17313
18385 17567
18386 16626
18387 17782
18388 16582
18389 17105
18390 16732
18392 17363
18395 16760
18399 16125
18400 17739
18402 16305
18403 16436
18404 17849
18406 17684
18407 17427
18408 16489
18410 16578
18415 17493
18416 17372
18417 16479
18418 17552
18422 16035
18424 16000
18426 16416
18427 17779
18428 16982
18430 17229
18431 17001
18434 16843
18435 16126
18436 17889
18437 16227
18439 16919
18440 17478
18442 16651
18444 16924
18446 16938
18448 16921
18449 17260
18450 17151
18451 17871
18452 17884
18453 16523
18455 17672
18457 17742
18460 17221
18461 16766
18463 16352
18466 16105
18467 17009
18471 16941
18472 16401
18473 17621
18474 17536
18475 16824
18477 17275
18478 17175
18479 16644
18482 16891
18484 17792
18485 17874
18488 17591
18493 16403
18494 16294
18498 17615
18499 16038
18501 17266
18503 17989
18504 16467
18508 16396
18509 17625
18510 17059
18511 16215
18512 17619
18513 16399
18516 16716
18519 17493
18521 16323
18522 16463
18523 17162
18524 17009
18526 17506
18530 16849
18531 17456
18535 16994
18536 17319
18540 16682
18542 16356
18543 17888
18544 16599
18546 16663
18547 17284
18549 17410
18551 16523
18552 16409
18553 16900
18555 16579
18556 16527
18558 17792
18560 17621
18561 16907
18562 16707
18563 17712
18565 17064
18566 17504
18567 16712
18569 17939
18570 17907
18571 16177
18572 17714
18573 17434
18574 17141
18575 17868
18578 16035
18579 17844
18581 16834
18584 16606
18588 16929
18590 16973
18596 17638
18598 17124
18603 16372
18604 17708
18606 17788
18607 16706
18608 16377
18609 16156
18610 17137
18612 17135
18613 17665
18617 16538
18618 17880
18619 16998
18620 16253
18621 17774
18622 16580
18623 16274
18624 17932
18625 17622
18627 16857
18631 16830
18634 17375
18635 17946
18636 16064
18637 16020
18638 17552
18641 16762
18642 16778
18645 16182
18646 17005
18647 16421
18648 16184
18650 16486
18651 17640
18652 16794
18653 17127
18654 16958
18657 17566
18658 17285
18660 17694
18661 17393
18663 16353
18664 17225
18665 16514
18666 16471
18667 16265
18669 16969
18672 16774
18675 17341
18676 16677
18677 16173
18678 17034
18680 17572
18681 16088
18682 16664
18683 16833
18685 16906
18686 16630
18687 16678
18689 17329
18691 16556
18692 17984
18693 17411
18694 17385
18695 17197
18696 17969
18697 16214
18700 16374
18701 17686
18703 16167
18704 17235
18705 17448
18706 17245
18707 17508
18708 17774
18710 16821
18713 17377
18714 16346
18716 17191
18717 16165
18718 17948
18719 16886
18720 16017
18722 16977
18723 17250
18724 17971
18725 16785
18726 16362
18727 16262
18730 17263
18731 16257
18733 17391
18734 17833
18736 16570
18737 16539
18739 17162
18740 17843
18741 17763
18742 17243
18744 16604
18745 17645
18746 16197
18748 16705
18750 17543
18751 16153
18754 17148
18755 16989
18756 17397
18757 17081
18758 17816
18760 16511
18762 16108
18764 16744
18765 17162
18766 17781
18769 16369
18770 16168
18773 16806
18774 17237
18776 16675
18777 17374
18778 17964
18780 17958
18781 16710
18783 16919
18787 17543
18788 16099
18789 16739
18791 17938
18792 16766
18793 16550
18794 16278
18795 17798
18796 16138
18797 16686
18798 16763
18799 17182
18801 17438
18803 16737
18804 16791
18806 16025
18807 16235
18809 17853
18810 17761
18811 16591
18812 17066
18813 16431
18814 16411
18816 17144
18821 17463
18822 16932
18823 16769
18824 17232
18828 17744
18829 16398
18830 16345
18833 17984
18834 17316
18836 17309
18837 16566
18839 16633
18840 16587
18841 17307
18842 16357
18843 16818
18844 16161
18845 17432
18846 17457
18847 17011
18848 16240
18850 17687
18851 16169
18852 17125
18853 17294
18857 17064
18858 17831
18859 17879
18860 17102
18861 16494
18863 16024
18864 16644
18865 17253
18866 17676
18867 16352
18869 16309
18870 16304
18871 17355
18872 17443
18875 16330
18878 16010
18879 17020
18880 16422
18881 17546
18883 16280
18885 17211
18886 16036
18889 16177
18891 16543
18893 16497
18896 17840
18897 16801
18901 16610
18903 16453
18907 16909
18908 17247
18909 17189
18910 17367
18913 16382
18914 17068
18916 16030
18918 17653
18922 17043
18923 16355
18924 17388
18927 17105
18928 17280
18930 16575
18931 17513
18932 16930
18933 16801
18934 17603
18935 16442
18936 16909
18937 16471
18938 17385
18940 17765
18943 16512
18944 17259
18946 17091
18947 16273
18949 16121
18950 17220
18951 16287
18952 16831
18954 16416
18955 17568
18958 16007
18959 17628
18960 16779
18962 17418
18963 17377
18964 16295
18966 16105
18969 16758
18973 16153
18975 16777
18977 16239
18978 17397
18979 17480
18981 16412
18984 17522
18986 16010
18987 17290
18988 16078
18989 17940
18991 16245
18992 17548
18993 16963
18994 16552
18996 16177
18997 16285
18999 16803
19001 16082
19004 16912
19006 16541
19007 16144
19009 16448
19012 16123
19013 16842
19014 16695
19015 16573
19016 17741
19019 16899
19022 17849
19024 17438
19025 16687
19028 16457
19030 17721
19031 17968
19033 17604
19034 17079
19036 16893
19039 16095
19040 17412
19041 16589
19042 16090
19044 16408
19045 16801
19047 16193
19049 16859
19055 17124
19058 16414
19060 16452
19063 17815
19069 16382
19071 17123
19072 17475
19075 17740
19076 17291
19077 17099
19078 17958
19079 17007
19080 17851
19081 17822
19082 16925
19083 16872
19085 17237
19086 17768
19088 16311
19092 17605
19094 17156
19095 17969
19096 16346
19097 17969
19098 17819
19099 16608
19100 16834
19101 16756
19106 17396
19107 16952
19108 17580
19109 17350
19110 16205
19112 16378
19114 16930
19115 17378
19117 16462
19119 16859
19120 17579
19121 17938
19125 16888
19126 17629
19127 17888
19128 16196
19129 17429
19132 16561
19133 17705
19134 16788
19136 17520
19138 16729
19139 17592
19140 17084
19141 16644
19142 17712
19143 17224
19145 16075
19147 17784
19148 17134
19149 17953
19151 17391
19153 17856
19154 17189
19156 17302
19159 16814
19160 17318
19161 17048
19162 17892
19163 16155
19165 16916
19166 16812
19167 17416
19169 17484
19173 17670
19174 16287
19175 17838
19176 17496
19177 16249
19180 16751
19181 16404
19182 17622
19183 17654
19184 17903
19186 17930
19188 17691
19189 16287
19191 17708
19194 17251
19197 17965
19200 17571
19201 16311
19202 16538
19204 16424
19209 17808
19210 17533
19211 16014
19212 16898
19213 17377
19214 17452
19215 17254
19217 17524
19219 16005
19224 17127
19226 17442
19227 16529
19230 17693
19231 17082
19238 16190
19239 17998
19240 16629
19241 16510
19242 17987
19243 17509
19244 16770
19245 16802
19246 17584
19247 17419
19249 16782
19250 16174
19256 17811
19259 17959
19261 17878
19262 17400
19263 16367
19267 17106
19268 16971
19271 16947
19272 17033
19275 16564
19277 16599
19278 17919
19279 17518
19281 16866
19282 16985
19284 17568
19286 17380
19287 16897
19290 17925
19291 17870
19293 17329
19296 16249
19297 16556
19298 17671
19300 16542
19302 17910
19304 17811
19305 16168
19309 17210
19310 16489
19311 16644
19312 17114
19313 16218
19314 17391
19315 16412
19319 17282
19321 17376
19325 17270
19326 16355
19328 16841
19329 17393
19330 17604
19331 17780
19333 16106
19336 17387
19337 17110
19338 17293
19341 17133
19344 16702
19346 16713
19347 16263
19348 17734
19350 16137
19354 17685
19355 17826
19356 17020
19357 16811
19358 17622
19359 17243
19362 16784
19363 17613
19365 17063
19366 16330
19367 17873
19368 16447
19370 17866
19372 16822
19374 17707
19375 17552
19377 16943
19378 17745
19379 16138
19380 17104
19382 17875
19383 17787
19384 16247
19385 17832
19386 16146
19388 16806
19389 16917
19391 17767
19392 16941
19394 17921
19395 16342
19396 16619
19397 17746
19400 16216
19401 16956
19402 17113
19404 16470
19408 17823
19410 16311
19411 17673
19412 17918
19414 17978
19416 17648
19417 16646
19418 17162
19419 16471
19420 17937
19421 17728
19424 17698
19425 17125
19427 16236
19428 17712
19429 16829
19430 16950
19431 16235
19434 17508
19437 17324
19438 17890
19440 17914
19441 16525
19442 16152
19444 16912
19446 17896
19447 16870
19448 17333
19450 17444
19451 16618
19452 17351
19453 17507
19455 17421
19457 16626
19458 16087
19460 16589
19464 16486
19465 16427
19466 16837
19467 17162
19468 17688
19470 16451
19471 16702
19472 17632
19473 17682
19474 17363
19475 17239
19478 16387
19480 17219
19481 17723
19482 16382
19484 16904
19485 17358
19486 17779
19489 16202
19490 17862
19495 16545
19496 16922
19498 17498
19503 17646
19505 17453
19507 16544
19509 16429
19511 17218
19512 17022
19515 17378
19516 17127
19518 17424
19521 16560
19522 16691
19523 17454
19524 16764
19525 16818
19526 16121
19527 16813
19528 17196
19529 16910
19530 16338
19532 16279
19533 16068
19534 16516
19535 17573
19538 17036
19539 16738
19540 17496
19541 16221
19542 16551
19543 16069
19544 16528
19545 16928
19547 16484
19549 17167
19550 16436
19551 17021
19552 17213
19553 16486
19554 16470
19556 16869
19558 17552
19559 16889
19560 16576
19562 17306
19563 16193
19564 16413
19565 16041
19566 16893
19567 16490
19568 16319
19572 16023
19574 16673
19575 16641
19576 16099
19577 17592
19578 16400
19579 17679
19580 17783
19586 17770
19587 16104
19596 16607
19597 17055
19599 16117
19600 16202
19602 16671
19603 16516
19604 16001
19606 17769
19608 17540
19609 17562
19612 16766
19613 17482
19615 17699
19616 17735
19617 17375
19618 16931
19619 17148
19621 16481
19623 16123
19624 16624
19625 17669
19626 17566
19629 17617
19630 16143
19631 16951
19634 16739
19635 17383
19637 17234
19638 16095
19643 17549
19644 16927
19645 16058
19648 16376
19650 16729
19651 16221
19652 16726
19654 16300
19655 17155
19656 16035
19657 16970
19658 17575
19659 17265
19660 17519
19661 17855
19662 16254
19663 16562
19664 17346
19665 17084
19666 17009
19668 16436
19672 17942
19675 17818
19676 16564
19678 16384
19679 17146
19680 16124
19681 16387
19683 16660
19686 17061
19687 16718
19688 16582
19689 17860
19690 17683
19697 16907
19698 17344
19700 16964
19701 16266
19703 17681
19705 16619
19706 16669
19708 16556
19710 17169
19711 17340
19712 17410
19713 17322
19714 17194
19715 17027
19716 16584
19718 17617
19721 17476
19722 17054
19724 16029
19725 16045
19728 17880
19730 17877
19733 17435
19735 16736
19738 17950
19739 16117
19743 16151
19744 17477
19746 16663
19747 16313
19750 17434
19751 17386
19755 16997
19757 16293
19758 17981
19759 17602
19760 16467
19762 16004
19764 17067
19765 16776
19766 16542
19767 16350
19769 16443
19771 17082
19772 16613
19773 17416
19774 16524
19775 17287
19776 17332
19777 17225
19778 17550
19780 16835
19781 16383
19782 16385
19783 16935
19785 16623
19788 17106
19790 17619
19791 16394
19793 17129
19795 16040
19797 17304
19798 16535
19799 16380
19800 16993
19801 16228
19802 17140
19803 17934
19805 16607
19806 17919
19807 16384
19808 16243
19809 17426
19810 16741
19811 17392
19814 16700
19815 16736
19816 16258
19817 17262
19818 16202
19820 16555
19821 16885
19822 16981
19823 17124
19825 17400
19828 17667
19829 17065
19830 17912
19831 16180
19837 17508
19838 16107
19839 17105
19841 16332
19843 17451
19844 17570
19846 16719
19847 16051
19848 17611
19849 17951
19850 17937
19851 17259
19852 17362
19854 16657
19855 17594
19856 16548
19857 17672
19858 17177
19859 16117
19860 16841
19861 17704
19862 16361
19863 16484
19865 16616
19866 17354
19869 17519
19870 16255
19871 16882
19873 17201
19874 17344
19876 17785
19877 16924
19878 16040
19880 17986
19881 17557
19882 17399
19883 16147
19884 16736
19885 16952
19887 17754
19889 16082
19890 17526
19893 17665
19894 17874
19895 17726
19897 17902
19898 17743
19899 16812
19900 17161
19901 17677
19903 16124
19904 16771
19905 16777
19908 17043
19910 16512
19913 17027
19914 16303
19915 17004
19916 17605
19918 17977
19919 16546
19922 17855
19924 17154
19925 16344
19927 17560
19928 16131
19930 16465
19932 16339
19933 16972
19934 16070
19937 16941
19942 16025
19944 17833
19945 16588
19948 17770
19951 16106
19954 16692
19956 17201
19957 17010
19959 17449
19962 16594
19964 17785
19965 16477
19966 17506
19969 16233
19973 17874
19974 16279
19975 16230
19976 16460
19977 16980
19978 17968
19979 17814
19980 16113
19982 17012
19984 17605
19985 17755
19987 16386
19988 17150
19989 17057
19990 16686
19991 17327
19996 16014
19997 16696
19998 17933
19999 17746
16384 15455
16385 14041
16386 15355
16387 14227
16394 14535
16396 14855
16398 15248
16399 14623
16400 14542
16401 15387
16402 15935
16403 15977
16404 14545
16407 14628
16408 14544
16409 15497
16411 14928
16412 15238
16413 15972
16414 15315
16416 15242
16420 14698
16421 14025
16422 14034
16424 14494
16427 15949
16429 15353
16430 14439
16431 14600
16432 14371
16433 15368
16436 15003
16442 14404
16443 15096
16447 15748
16448 14244
16451 14980
16452 15482
16453 14174
16457 14924
16458 15173
16460 15405
16462 15456
16463 15259
16465 14328
16467 15402
16470 14653
16471 14567
16477 15925
16479 14175
16481 15185
16484 14491
16486 14974
16489 14661
16490 14006
16491 14981
16494 15638
16497 15776
16501 15843
16510 15384
16511 15078
16512 15378
16514 14602
16516 15216
16522 15192
16523 15660
16524 14038
16525 14695
16527 15071
16528 15940
16529 14457
16535 14694
16538 14394
16539 15661
16540 14350
16541 15683
16542 15705
16543 15340
16544 15597
16545 14975
16546 14616
16548 14833
16549 14811
16550 15887
16551 14699
16552 15486
16554 14590
16555 15525
16556 15046
16560 15104
16561 14654
16562 15209
16564 14470
16566 15856
16570 14681
16571 14934
16573 15814
16575 14171
16576 14907
16578 14358
16579 14483
16580 15161
16582 14230
16584 14852
16587 15910
16588 14921
16589 15909
16591 15418
16594 14860
16599 14493
16604 15580
16606 15809
16607 14269
16608 14405
16610 14598
16611 14606
16613 15874
16616 14576
16618 15717
16619 14587
16622 14943
16623 15576
16624 14921
16626 14177
16629 14948
16630 14435
16633 15689
16641 15068
16644 14319
16646 15902
16651 14168
16657 14148
16659 14849
16660 14590
16663 15350
16664 14654
16665 15855
16667 14908
16669 15404
16671 15056
16673 14633
16675 14212
16677 14272
16678 15438
16682 14785
16686 14432
16687 15773
16691 14183
16692 14628
16695 15695
16696 15088
16697 15288
16700 14200
16702 14545
16705 14360
16706 15066
16707 14444
16710 15932
16712 14713
16713 14252
16716 15991
16718 14141
16719 15450
16723 14246
16726 14308
16729 14002
16731 15167
16732 14695
16733 15649
16736 15103
16737 15313
16738 15492
16739 14579
16741 14546
16744 14796
16751 15007
16753 14920
16756 14625
16758 15401
16760 15969
16762 15165
16763 14200
16764 15831
16766 14884
16769 14684
16770 15176
16771 15576
16773 15683
16774 14396
16776 15482
16777 14487
16778 14894
16779 14241
16782 15724
16784 15787
16785 14061
16788 15089
16791 14670
16792 14232
16794 15017
16801 14745
16802 15262
16803 14396
16806 14176
16811 14609
16812 14922
16813 14001
16814 14021
16815 14401
16818 14491
16821 15960
16822 14459
16824 14887
16829 15832
16830 15060
16831 15710
16832 14243
16833 14299
16834 14537
16835 15961
16837 15057
16838 14333
16841 14003
16842 14698
16843 14695
16846 14341
16849 15865
16857 15585
16859 14889
16863 15984
16866 15706
16869 15367
16870 14190
16872 15626
16879 14568
16882 15702
16885 14444
16886 15796
16888 14737
16889 14868
16890 15620
16891 14771
16893 14487
16896 14898
16897 15599
16898 14319
16899 14858
16900 14721
16904 15625
16906 14597
16907 14219
16909 15221
16910 15245
16912 14026
16913 14940
16916 14797
16917 15705
16919 14700
16921 15930
16922 14489
16924 14566
16925 15336
16927 15856
16928 15252
16929 15141
16930 14079
16931 14402
16932 15583
16935 15278
16938 14764
16941 14465
16942 15141
16943 14949
16947 14805
16950 14563
16951 15736
16952 14730
16956 15320
16958 14355
16963 15967
16964 15201
16969 14475
16970 14076
16971 14056
16972 14704
16973 14779
16977 14281
16980 14030
16981 15442
16982 14881
16985 14224
16987 14316
16989 14825
16993 14146
16994 15402
16997 15521
16998 14759
17001 15696
17004 15436
17005 14727
17007 14537
17009 15810
17010 15967
17011 14150
17012 15130
17013 14578
17014 15467
17020 15206
17021 14335
17022 15070
17024 15144
17025 15385
17027 15331
17033 14926
17034 14849
17035 14723
17036 14659
17043 14908
17047 14739
17048 15944
17049 14574
17051 15835
17054 15415
17055 14673
17057 14321
17059 15568
17061 14015
17063 15086
17064 15718
17065 15457
17066 15423
17067 15119
17068 15273
17079 15424
17081 14064
17082 14567
17084 14647
17091 14593
17096 15017
17099 15902
17101 15753
17102 14698
17104 15528
17105 14220
17106 14043
17110 14453
17113 15657
17114 14983
17117 14854
17123 15589
17124 15411
17125 14923
17126 15991
17127 15042
17129 15198
17133 14636
17134 14917
17135 15376
17137 14800
17140 14116
17141 15700
17144 14954
17146 14042
17148 14082
17150 15666
17151 14108
17154 14339
17155 15365
17156 14833
17161 15710
17162 15617
17165 15498
17166 15789
17167 14850
17169 15982
17175 15912
17177 15755
17182 14468
17188 15108
17189 15615
17191 15821
17194 15028
17196 15201
17197 14342
17198 14822
17201 15169
17207 15723
17210 14197
17211 15522
17213 14673
17214 15596
17218 15287
17219 14308
17220 15276
17221 14526
17224 15615
17225 14927
17229 14932
17232 15184
17233 14022
17234 14342
17235 14594
17237 14852
17239 15569
17243 15483
17245 15843
17247 15178
17250 14761
17251 14798
17253 15063
17254 15296
17257 14337
17259 14513
17260 15770
17261 14759
17262 15408
17263 14931
17265 14336
17266 14059
17270 15334
17272 15201
17275 15784
17280 14987
17282 15739
17284 14644
17285 15827
17287 14917
17289 14073
17290 14937
17291 14741
17293 15051
17294 15972
17298 14063
17302 15109
17304 14047
17306 15189
17307 15097
17309 14784
17312 14751
17313 14124
17315 15789
17316 14301
17318 14801
17319 15256
17322 15715
17324 14931
17327 15701
17329 15675
17332 15002
17333 15958
17340 14646
17341 14251
17344 15130
17346 14234
17349 14092
17350 14504
17351 15493
17354 14419
17355 15126
17356 14442
17358 14255
17360 15633
17362 15208
17363 15658
17364 14937
17367 15682
17372 15027
17374 14695
17375 15064
17376 15156
17377 14377
17378 15255
17380 15012
17381 15548
17383 15343
17385 14767
17386 14255
17387 14085
17388 15878
17391 15605
17392 14449
17393 15728
17394 15945
17396 15158
17397 14621
17399 14217
17400 14898
17410 15682
17411 14246
17412 14596
17416 14316
17418 15850
17419 15123
17421 15936
17423 15535
17424 15361
17426 15013
17427 15222
17429 15678
17432 14088
17434 15235
17435 15589
17438 15280
17442 15281
17443 14311
17444 14796
17448 15825
17449 15375
17451 15015
17452 15273
17453 15524
17454 15424
17455 15370
17456 14347
17457 14747
17462 14236
17463 14834
17475 15751
17476 15556
17477 14449
17478 14084
17479 15221
17480 14684
17481 15263
17482 14324
17484 15349
17493 15286
17495 14255
17496 15834
17498 15502
17504 15753
17505 14635
17506 14952
17507 15812
17508 14602
17509 14088
17513 14862
17516 15371
17518 15228
17519 14832
17520 14812
17522 15572
17523 15618
17524 15505
17526 15408
17527 14983
17533 14259
17536 15055
17540 14482
17543 14174
17546 15409
17548 14826
17549 15539
17550 14146
17552 15715
17553 14474
17557 15524
17560 14695
17562 15686
17566 15137
17567 14767
17568 15850
17570 15135
17571 14561
17572 14931
17573 15734
17575 14372
17576 15774
17579 14477
17580 15222
17584 15500
17588 15691
17591 15234
17592 15630
17594 15154
17602 14944
17603 14169
17604 15870
17605 14472
17611 14562
17613 14561
17615 14094
17617 15768
17619 14857
17621 14741
17622 15548
17623 14205
17625 15560
17627 14936
17628 14977
17629 15199
17632 15645
17638 15790
17640 14496
17644 14257
17645 14664
17646 15840
17648 14774
17653 15667
17654 14994
17664 14964
17665 14760
17667 14201
17669 15404
17670 14564
17671 15015
17672 14051
17673 14841
17676 14901
17677 15236
17679 15466
17681 15904
17682 15652
17683 15258
17684 14142
17685 14268
17686 14356
17687 14140
17688 15975
17691 14887
17693 15696
17694 14856
17698 14686
17699 15049
17704 15230
17705 14551
17707 15219
17708 15857
17712 14770
17714 15208
17721 15374
17723 14820
17726 14229
17728 15742
17730 14020
17732 15481
17734 15814
17735 14596
17739 14426
17740 14652
17741 15314
17742 14225
17743 15872
17744 14456
17745 15604
17746 15345
17750 14916
17754 15376
17755 14517
17761 15021
17763 15135
17765 14160
17766 14142
17767 15903
17768 14689
17769 14172
17770 14570
17774 15454
17779 15240
17780 15671
17781 14765
17782 14457
17783 15955
17784 14000
17785 15954
17787 14384
17788 14149
17792 14184
17798 15719
17800 15798
17802 14891
17808 14259
17811 14406
17814 14197
17815 15577
17816 15659
17818 14096
17819 14653
17822 15968
17823 15102
17826 14559
17828 14827
17831 14782
17832 15364
17833 15408
17838 14552
17840 15378
17843 14213
17844 15849
17848 14196
17849 15677
17851 15344
17853 14964
17855 15094
17856 14943
17860 14076
17862 14197
17866 15522
17868 15516
17870 15055
17871 15400
17873 15046
17874 14489
17875 15785
17876 14571
17877 15933
17878 14072
17879 15660
17880 14703
17884 15312
17888 14850
17889 15194
17890 15999
17892 14209
17893 14098
17896 15668
17899 15940
17900 14540
17902 15431
17903 14441
17907 14071
17910 15354
17912 14219
17914 14046
17916 14551
17918 14724
17919 14785
17921 14170
17925 14408
17927 14222
17930 14505
17932 14073
17933 15539
17934 14214
17937 15166
17938 15734
17939 15483
17940 15920
17942 14363
17946 15126
17948 14639
17950 14429
17951 14354
17953 15762
17958 15034
17959 15485
17964 15142
17965 14753
17968 14432
17969 15893
17971 15510
17977 14999
17978 15495
17979 14806
17981 15433
17982 14685
17984 15049
17986 15999
17987 15198
17989 15594
17996 15997
17998 14245
17999 14116
16000 15619
16001 15607
16004 14524
16005 14488
16007 14303
16010 15328
16012 15653
16013 15511
16014 14869
16017 14634
16020 14248
16023 15852
16024 15627
16025 15770
16026 15792
16029 14112
16030 14741
16035 15502
16036 14964
16038 15023
16040 14790
16041 14659
16045 15083
16048 14644
16050 15219
16051 14077
16054 15182
16058 14104
16064 15605
16068 15575
16069 14559
16070 14298
16075 15055
16078 15522
16082 14836
16084 14022
16087 15654
16088 15673
16090 14538
16095 14827
16099 15785
16104 15516
16105 14826
16106 14871
16107 15137
16108 14217
16113 14629
16115 14824
16117 14014
16118 14558
16121 15935
16123 15879
16124 15083
16125 15825
16126 15649
16131 14343
16133 15178
16137 15670
16138 15586
16141 14327
16143 15101
16144 14285
16146 14426
16147 14296
16151 15964
16152 15876
16153 14882
16155 14420
16156 14323
16161 14300
16165 14089
16167 14175
16168 15728
16169 14985
16173 15751
16174 15358
16177 14083
16180 14861
16182 14998
16184 15670
16187 14709
16190 14509
16192 15671
16193 15976
16196 14645
16197 14725
16202 15254
16205 14834
16211 14678
16214 15018
16215 14042
16216 15121
16218 14724
16221 15741
16227 14203
16228 14781
16230 14401
16233 15751
16235 14332
16236 15371
16239 14475
16240 14503
16243 14320
16244 14684
16245 15849
16247 15016
16249 14175
16251 15273
16253 15355
16254 14934
16255 15294
16257 15377
16258 14202
16262 15353
16263 14541
16265 15870
16266 14901
16269 14102
16272 15759
16273 15076
16274 14225
16278 15755
16279 14161
16280 14869
16281 14641
16285 14988
16287 14189
16293 15540
16294 15282
16295 15177
16300 15073
16303 15325
16304 15794
16305 14932
16307 14342
16308 14072
16309 14613
16311 15038
16313 15601
16319 15173
16323 14621
16328 15294
16330 15830
16331 14287
16332 15824
16338 14066
16339 15695
16342 14069
16343 15113
16344 14621
16345 15308
16346 14132
16349 15666
16350 15407
16352 14524
16353 14856
16355 15000
16356 14204
16357 14460
16361 14482
16362 15014
16365 14934
16367 14707
16369 14252
16372 14533
16374 15336
16376 14194
16377 14344
16378 14566
16380 15358
16382 14497
16383 15131
14336 13403
14337 12263
14339 12376
14341 13188
14342 13419
14343 13929
14344 12722
14347 13282
14350 13469
14354 13759
14355 13411
14356 13069
14358 12178
14360 13313
14363 13772
14371 12630
14372 13795
14377 12170
14384 12029
14394 13277
14396 13669
14401 12194
14402 12176
14404 13041
14405 13904
14406 12844
14408 13358
14419 12567
14420 13601
14426 13379
14429 13477
14432 13781
14435 13373
14439 13278
14441 13922
14442 13967
14444 13067
14449 12352
14453 13187
14456 12749
14457 12479
14459 13684
14460 13035
14465 13330
14468 13467
14470 13601
14472 13140
14474 12020
14475 13551
14477 12975
14482 12767
14483 13056
14487 13615
14488 13407
14489 12384
14491 12489
14493 12113
14494 12056
14496 13259
14497 12528
14503 13004
14504 13400
14505 12766
14509 12281
14513 12981
14517 12348
14524 12633
14526 13692
14533 12980
14535 12084
14537 12441
14538 12351
14540 12025
14541 12951
14542 13999
14544 12348
14545 12780
14546 12353
14551 12675
14552 12399
14558 12183
14559 12770
14561 13111
14562 12906
14563 12311
14564 13951
14566 12805
14567 12897
14568 12177
14570 13536
14571 12161
14574 13939
14576 13820
14578 13389
14579 12313
14587 13194
14590 12171
14593 12444
14594 12743
14596 13253
14597 13233
14598 13412
14600 12148
14602 12692
14606 13950
14609 13053
14613 12795
14616 12733
14621 13939
14623 13745
14625 13055
14628 12105
14629 12618
14633 13890
14634 12889
14635 12017
14636 12940
14639 13801
14641 13054
14644 13691
14645 13327
14646 12441
14647 12098
14652 12285
14653 13048
14654 13582
14659 13414
14661 12609
14664 12414
14670 13602
14673 12420
14678 13226
14681 13057
14684 12253
14685 12882
14686 13197
14689 12632
14694 13418
14695 12842
14698 13265
14699 13404
14700 12687
14703 13269
14704 12403
14707 13078
14709 12590
14713 13142
14721 12808
14723 13222
14724 12177
14725 13125
14727 12811
14730 12686
14737 13271
14739 12820
14741 12854
14745 12220
14747 12600
14751 13172
14753 12135
14759 12491
14760 13802
14761 13208
14764 12708
14765 12596
14767 12412
14770 13751
14771 13301
14774 13046
14779 13609
14781 13614
14782 13978
14784 12659
14785 13270
14790 12246
14796 13593
14797 13896
14798 12224
14800 13471
14801 13414
14805 12738
14806 13622
14811 12474
14812 13523
14820 12411
14822 13669
14824 13877
14825 12669
14826 12120
14827 12707
14832 12712
14833 13000
14834 13194
14836 12196
14841 13330
14849 13632
14850 12516
14852 13292
14854 13990
14855 12234
14856 13274
14857 13481
14858 13016
14860 12828
14861 12725
14862 13405
14868 13072
14869 13451
14871 12247
14881 12873
14882 13012
14884 13868
14887 12558
14889 12537
14891 12692
14894 13922
14898 13786
14901 12694
14907 13137
14908 12951
14916 12804
14917 12357
14920 12085
14921 13055
14922 13853
14923 12417
14924 12918
14926 13790
14927 13030
14928 13586
14931 13811
14932 13318
14934 13686
14936 13778
14937 13013
14940 12067
14943 13788
14944 13860
14948 13429
14949 13218
14952 13663
14954 13128
14964 12548
14974 13814
14975 13086
14977 12270
14980 12457
14981 12841
14983 13906
14985 12494
14987 12000
14988 12785
14994 13684
14998 13302
14999 12970
15000 13915
15002 13591
15003 12722
15007 12256
15012 12972
15013 13089
15014 13259
15015 12397
15016 12121
15017 12510
15018 13846
15021 13374
15023 12560
15027 12089
15028 12830
15034 12811
15038 12671
15042 13508
15046 13918
15049 12566
15051 12323
15055 13820
15056 13694
15057 13800
15060 12903
15063 13321
15064 12924
15066 12010
15068 12196
15070 13736
15071 13678
15073 12716
15076 12523
15078 13802
15083 12669
15086 13717
15088 12113
15089 13768
15094 12277
15096 13299
15097 12984
15101 12641
15102 12332
15103 13420
15104 12419
15108 13793
15109 12140
15113 13339
15119 13547
15121 12287
15123 12692
15126 13082
15130 12353
15131 12292
15135 12302
15137 13295
15141 13589
15142 13280
15144 13664
15154 12472
15156 13211
15158 12941
15161 13665
15165 13751
15166 13351
15167 13321
15169 13050
15173 12201
15176 12480
15177 12210
15178 12060
15182 12043
15184 12307
15185 12654
15189 12568
15192 13233
15194 12312
15198 13514
15199 12121
15201 13317
15206 12038
15208 12331
15209 12173
15216 12248
15219 12929
15221 13444
15222 12422
15228 12883
15230 13556
15234 13473
15235 12370
15236 13357
15238 13355
15240 12490
15242 13733
15245 13276
15248 12190
15252 13153
15254 13044
15255 13979
15256 12052
15258 12913
15259 12893
15262 13023
15263 13371
15273 13063
15276 12405
15278 12482
15280 13985
15281 13665
15282 13388
15286 13313
15287 12414
15288 12312
15294 12657
15296 13852
15308 12285
15312 12754
15313 13520
15314 12821
15315 12451
15320 12762
15325 12893
15328 13707
15331 13022
15334 12075
15336 13702
15340 12880
15343 12373
15344 13903
15345 12068
15349 12135
15350 12700
15353 13030
15354 12557
15355 13796
15358 12700
15361 12900
15364 12862
15365 13030
15367 13384
15368 13560
15370 12237
15371 13693
15374 12128
15375 13830
15376 13003
15377 13053
15378 12722
15384 13824
15385 13496
15387 13222
15400 13439
15401 12372
15402 13612
15404 13347
15405 13008
15407 12601
15408 13342
15409 12181
15411 13451
15415 13241
15418 12753
15423 12508
15424 12853
15431 12933
15433 12159
15436 12351
15438 12266
15442 13054
15450 12481
15454 12780
15455 13484
15456 12671
15457 12125
15466 13110
15467 13574
15481 13704
15482 13949
15483 12084
15485 13956
15486 13917
15492 12799
15493 13235
15495 13693
15497 12902
15498 12938
15500 12499
15502 12544
15505 12641
15510 13355
15511 12240
15516 12956
15521 13089
15522 13289
15524 12881
15525 12912
15528 12764
15535 12878
15539 13044
15540 13698
15548 13550
15556 13135
15560 12322
15568 13322
15569 13998
15572 13669
15575 12800
15576 12774
15577 13841
15580 13756
15583 12694
15585 13971
15586 12231
15589 12838
15594 12906
15596 13770
15597 12988
15599 13102
15601 13372
15604 12220
15605 13816
15607 13457
15615 13656
15617 12259
15618 13803
15619 13319
15620 12819
15625 13889
15626 13995
15627 12486
15630 13723
15633 13133
15638 13497
15645 12544
15649 13037
15652 12568
15653 13962
15654 13857
15657 13849
15658 13340
15659 12436
15660 13386
15661 13311
15666 12832
15667 12446
15668 12101
15670 13729
15671 13935
15673 12641
15675 13730
15677 12711
15678 13215
15682 13500
15683 12245
15686 12400
15689 13425
15691 13279
15695 13350
15696 12696
15700 13337
15701 13037
15702 13612
15705 13332
15706 13047
15710 12460
15715 12201
15717 13954
15718 12663
15719 13533
15723 12264
15724 13048
15728 12928
15734 13331
15736 12862
15739 12664
15741 12292
15742 12959
15748 13135
15751 13128
15753 13270
15755 12342
15759 13335
15762 12376
15768 13308
15770 12137
15773 12570
15774 12433
15776 12553
15784 12972
15785 12820
15787 13667
15789 13960
15790 12317
15792 12900
15794 12798
15796 13147
15798 12220
15809 13056
15810 12470
15812 13606
15814 12548
15821 12482
15824 12129
15825 12379
15827 12724
15830 12290
15831 12395
15832 13963
15834 13732
15835 12565
15840 13335
15843 12587
15849 12250
15850 13805
15852 12066
15855 12651
15856 13793
15857 12856
15865 12997
15870 12598
15872 13356
15874 13489
15876 12849
15878 12773
15879 13803
15887 13655
15893 12656
15902 13119
15903 12845
15904 13796
15909 12482
15910 12608
15912 13366
15920 13241
15925 12472
15930 12977
15932 13908
15933 13528
15935 13282
15936 12379
15940 12178
15944 12066
15945 13532
15949 13512
15954 12175
15955 13815
15958 12872
15960 12702
15961 12867
15964 12938
15967 13709
15968 13172
15969 12609
15972 12717
15975 13902
15976 12667
15977 13792
15982 13321
15984 13433
15991 12658
15997 13802
15999 12785
14000 13296
14001 12376
14002 13844
14003 12500
14006 12479
14014 13265
14015 12639
14020 13574
14021 13281
14022 12957
14025 12033
14026 13827
14030 12583
14034 13335
14038 12505
14041 12742
14042 12252
14043 13431
14046 12562
14047 12311
14051 13721
14056 12825
14059 13822
14061 13524
14063 12591
14064 12072
14066 12890
14069 13331
14071 13275
14072 13930
14073 12602
14076 13814
14077 13956
14079 12385
14082 13297
14083 13545
14084 12234
14085 13578
14088 13829
14089 12162
14092 12499
14094 12385
14096 12817
14098 13936
14102 13113
14104 13526
14108 13707
14112 13810
14116 12867
14124 12455
14132 12818
14140 13081
14141 13644
14142 12810
14146 13505
14148 12863
14149 13604
14150 12279
14160 13438
14161 12527
14168 13554
14169 13119
14170 12308
14171 13314
14172 12085
14174 13026
14175 12560
14176 13995
14177 13707
14183 13698
14184 12298
14189 13988
14190 12816
14194 13747
14196 12294
14197 12796
14200 12239
14201 12991
14202 12638
14203 13867
14204 12923
14205 13497
14209 12739
14212 13840
14213 12790
14214 13635
14217 13337
14219 12904
14220 12981
14222 12773
14224 12624
14225 13444
14227 13648
14229 13505
14230 12117
14232 12206
14234 13293
14236 13490
14241 12825
14243 13664
14244 12390
14245 13077
14246 12963
14248 12096
14251 13836
14252 12651
14255 12217
14257 13259
14259 12051
14268 12350
14269 13294
14272 13323
14281 13330
14285 12640
14287 12309
14296 12056
14298 13099
14299 12120
14300 12123
14301 13995
14303 12170
14308 13587
14311 13126
14316 12466
14319 12170
14320 12123
14321 12304
14323 13035
14324 12512
14327 12330
14328 12649
14332 12045
14333 12410
14335 12414
12290 11983
12292 10057
12294 10629
12298 11082
12302 11043
12304 11496
12307 11086
12308 10479
12309 10579
12311 10914
12312 11646
12313 10320
12317 11060
12322 10741
12323 10889
12330 10820
12331 10493
12332 10053
12342 10132
12348 11364
12350 10974
12351 11167
12352 10750
12353 11400
12357 10123
12370 11673
12372 10595
12373 10444
12376 10780
12379 10552
12384 11014
12385 10016
12390 11122
12395 10629
12397 11146
12399 11211
12400 10171
12403 11709
12405 10029
12410 11797
12411 10597
12412 10900
12414 10330
12417 11056
12419 11863
12420 10948
12422 10389
12433 11086
12436 10686
12441 11090
12444 11584
12446 10858
12451 10646
12455 11942
12457 10416
12460 10529
12466 11448
12470 11201
12472 10382
12474 11694
12479 11901
12480 11625
12481 10861
12482 10075
12486 11850
12489 10909
12490 11735
12491 10058
12494 10212
12499 10057
12500 10436
12505 10141
12508 11486
12510 11993
12512 10694
12516 10904
12523 11124
12527 11153
12528 11809
12537 10361
12544 10066
12548 10124
12553 11121
12557 11191
12558 10094
12560 10818
12562 11356
12565 11050
12566 11665
12567 11446
12568 10832
12570 11829
12583 10817
12587 10641
12590 10354
12591 10010
12596 11818
12598 11353
12600 10382
12601 10004
12602 10884
12608 11293
12609 11491
12618 11903
12624 11060
12630 10675
12632 10056
12633 10925
12638 10304
12639 11748
12640 11417
12641 10102
12649 10503
12651 10327
12654 10379
12656 11780
12657 11511
12658 11384
12659 11632
12663 10835
12664 10882
12667 10589
12669 11512
12671 10626
12675 10676
12686 10138
12687 10730
12692 10757
12694 11226
12696 11941
12700 10979
12702 10657
12707 11633
12708 10172
12711 10325
12712 10934
12716 11642
12717 11636
12722 10954
12724 10914
12725 10149
12733 11408
12738 11435
12739 10284
12742 11692
12743 10610
12749 11594
12753 11363
12754 11074
12762 10574
12764 10019
12766 11733
12767 11469
12770 11478
12773 11051
12774 10340
12780 11951
12785 10920
12790 10598
12795 11626
12796 11607
12798 10024
12799 11732
12800 11488
12804 10950
12805 10618
12808 11328
12810 11163
12811 10500
12816 10233
12817 11339
12818 11180
12819 11315
12820 11706
12821 11047
12825 11943
12828 10139
12830 11918
12832 11374
12838 10628
12841 10584
12842 11360
12844 11794
12845 10655
12849 11307
12853 11926
12854 11530
12856 11879
12862 10768
12863 11817
12867 11258
12872 11990
12873 11693
12878 10840
12880 10232
12881 10059
12882 11026
12883 11861
12889 11149
12890 10379
12893 11671
12897 10490
12900 11498
12902 11982
12903 10249
12904 10332
12906 11125
12912 10067
12913 11859
12918 10914
12923 10017
12924 10775
12928 10886
12929 10422
12933 11524
12938 10144
12940 10257
12941 11228
12951 10326
12956 11629
12957 11279
12959 10964
12963 10388
12970 11201
12972 11972
12975 11066
12977 10983
12980 11755
12981 11353
12984 11099
12988 11675
12991 11242
12997 11770
13000 11663
13003 10754
13004 11988
13008 11590
13012 10964
13013 11919
13016 10358
13022 10323
13023 10486
13026 11315
13030 10779
13035 11765
13037 10901
13041 11504
13044 10778
13046 11907
13047 11335
13048 11841
13050 11308
13053 11625
13054 11809
13055 10782
13056 10300
13057 11776
13063 10620
13067 11316
13069 11187
13072 11945
13077 11808
13078 10439
13081 11915
13082 11184
13086 10739
13089 10695
13099 11100
13102 11766
13110 11922
13111 10032
13113 10748
13119 11421
13125 10773
13126 11804
13128 10912
13133 10857
13135 10000
13137 10885
13140 10859
13142 10980
13147 11389
13153 10491
13172 10990
13187 11282
13188 11482
13194 10148
13197 11905
13208 11865
13211 10898
13215 11774
13218 10773
13222 11726
13226 11602
13233 11609
13235 10412
13241 11370
13253 10466
13259 10105
13265 11672
13269 11549
13270 10751
13271 11442
13274 11445
13275 11426
13276 10641
13277 10857
13278 11140
13279 11559
13280 10046
13281 10057
13282 11494
13289 10040
13292 11064
13293 11276
13294 10553
13295 11989
13296 11577
13297 11067
13299 11125
13301 10446
13302 10502
13308 11236
13311 10714
13313 11845
13314 10100
13317 10093
13318 10501
13319 10646
13321 10619
13322 11400
13323 10788
13327 11142
13330 11379
13331 11691
13332 11243
13335 11839
13337 10039
13339 11822
13340 10083
13342 11830
13347 11801
13350 10821
13351 10239
13355 11425
13356 11654
13357 11166
13358 11556
13366 10665
13371 10360
13372 10554
13373 11630
13374 10919
13379 11810
13384 11479
13386 11303
13388 11222
13389 11920
13400 10421
13403 11057
13404 10511
13405 11622
13407 11118
13411 10786
13412 10738
13414 10615
13418 10907
13419 10896
13420 11175
13425 11746
13429 10795
13431 11737
13433 11599
13438 10845
13439 11213
13444 10306
13451 10888
13457 10778
13467 10529
13469 10291
13471 11816
13473 11078
13477 11280
13481 11768
13484 10340
13489 10472
13490 10894
13496 10981
13497 11301
13500 10239
13505 10867
13508 10477
13512 10876
13514 11269
13520 11794
13523 11067
13524 10282
13526 11185
13528 10529
13532 10955
13533 11471
13536 11667
13545 11006
13547 11501
13550 11547
13551 10356
13554 10498
13556 10314
13560 10558
13574 11061
13578 11228
13582 10314
13586 10796
13587 11794
13589 11379
13591 10772
13593 11733
13601 11419
13602 10579
13604 10206
13606 10117
13609 10893
13612 11899
13614 10706
13615 10861
13622 11443
13632 11374
13635 10752
13644 10374
13648 10913
13655 10964
13656 11414
13663 11963
13664 11405
13665 10635
13667 10073
13669 10960
13678 11375
13684 11595
13686 10258
13691 10767
13692 11703
13693 10191
13694 10158
13698 10849
13702 11189
13704 11367
13707 10795
13709 10588
13717 11001
13721 11078
13723 11256
13729 10749
13730 11966
13732 11265
13733 10656
13736 10048
13745 10616
13747 10840
13751 11496
13756 10431
13759 11983
13768 11374
13770 11149
13772 11836
13778 11849
13781 10429
13786 11308
13788 11581
13790 11870
13792 11556
13793 11510
13795 11016
13796 10457
13800 11370
13801 10701
13802 10919
13803 11292
13805 11032
13810 11347
13811 10432
13814 10055
13815 11613
13816 11369
13820 10523
13822 10565
13824 10196
13827 10282
13829 11321
13830 11683
13836 10566
13840 11001
13841 10167
13844 10022
13846 10977
13849 11555
13852 11350
13853 11002
13857 10487
13860 10795
13867 10850
13868 11134
13877 11946
13889 11668
13890 11145
13896 11809
13902 11632
13903 11848
13904 10459
13906 10484
13908 11223
13915 11414
13917 10093
13918 11543
13922 10408
13929 10883
13930 11725
13935 10622
13936 10163
13939 11345
13949 11336
13950 10984
13951 11357
13954 11213
13956 11143
13960 10180
13962 11264
13963 10953
13967 10181
13971 11969
13978 11177
13979 10329
13985 11539
13988 11667
13990 10867
13995 11234
13998 10773
13999 10913
12000 11625
12010 10281
12017 11045
12020 10436
12025 11026
12029 10923
12033 11493
12038 10864
12043 10727
12045 10985
12051 10465
12052 10962
12056 11765
12060 11535
12066 10677
12067 10680
12068 10688
12072 10061
12075 11821
12084 10649
12085 11837
12089 10747
12096 11502
12098 11831
12101 11225
12105 11393
12113 10644
12117 11741
12120 11963
12121 11514
12123 10464
12125 11128
12128 10845
12129 10201
12135 11497
12137 11912
12140 10292
12148 11921
12159 11563
12161 10222
12162 10139
12170 10828
12171 11961
12173 10434
12175 10201
12176 11956
12177 10489
12178 11697
12181 10108
12183 10971
12190 10342
12194 11494
12196 11136
12201 11285
12206 10752
12210 10505
12217 10741
12220 11365
12224 11870
12231 10387
12234 11024
12237 10227
12239 11697
12240 10160
12245 11416
12246 10912
12247 10399
12248 11906
12250 10747
12252 11107
12253 11635
12256 10568
12259 11179
12263 10791
12264 11965
12266 11328
12270 10219
12277 10318
12279 10998
12281 10179
12285 11140
12287 11794
10249 8518
10257 8532
10258 8549
10281 8445
10282 8592
10284 8085
10291 9464
10292 9651
10300 8970
10304 9522
10306 9829
10314 8399
10318 8407
10320 8875
10323 8764
10325 8307
10326 8341
10327 9933
10329 8966
10330 9763
10332 8673
10340 8574
10342 9782
10354 8207
10356 9808
10358 9174
10360 8711
10361 9598
10374 8869
10379 9860
10382 8370
10387 9669
10388 8237
10389 9327
10399 9649
10408 8178
10412 8581
10416 9285
10421 9285
10422 9115
10429 9077
10431 9069
10432 8573
10434 9255
10436 8241
10439 8426
10444 9923
10446 8059
10457 8767
10459 9657
10464 9677
10465 8531
10466 9841
10472 9511
10477 9860
10479 8672
10484 9589
10486 8568
10487 9529
10489 9383
10490 9970
10491 9959
10493 9324
10498 8495
10500 8225
10501 8640
10502 8364
10503 9111
10505 8183
10511 8777
10523 8933
10529 8761
10552 8779
10553 8197
10554 8343
10558 9644
10565 9867
10566 9625
10568 9652
10574 8031
10579 9033
10584 9144
10588 9988
10589 9789
10595 9308
10597 8035
10598 8894
10610 8872
10615 8863
10616 9628
10618 9803
10619 9141
10620 8634
10622 9188
10626 9599
10628 8454
10629 8322
10635 8316
10641 8169
10644 8143
10646 8486
10649 9515
10655 9826
10656 8430
10657 8443
10665 8359
10675 8685
10676 8565
10677 9056
10680 9759
10686 9338
10688 8576
10694 9591
10695 9367
10701 9092
10706 8657
10714 9876
10727 9153
10730 9763
10738 9032
10739 9828
10741 8518
10747 8896
10748 8407
10749 8616
10750 8689
10751 8618
10752 8108
10754 8204
10757 8418
10767 9329
10768 8990
10772 9998
10773 8784
10775 8917
10778 8311
10779 9342
10780 8514
10782 9207
10786 8866
10788 9649
10791 9055
10795 9128
10796 8707
10817 9109
10818 8546
10820 9960
10821 9515
10828 8742
10832 9324
10835 8670
10840 9662
10845 9259
10849 8100
10850 8966
10857 8221
10858 9067
10859 8579
10861 8685
10864 9695
10867 8358
10876 8268
10882 9823
10883 8175
10884 9532
10885 8414
10886 9173
10888 8399
10889 8281
10893 9195
10894 8734
10896 9421
10898 8474
10900 8727
10901 9252
10904 8002
10907 9763
10909 8910
10912 9260
10913 9992
10914 8916
10919 8904
10920 9763
10923 8348
10925 9100
10934 8984
10948 8694
10950 9312
10953 8910
10954 9673
10955 9444
10960 9831
10962 8071
10964 9660
10971 8754
10974 8229
10977 8255
10979 9369
10980 8842
10981 9216
10983 9749
10984 8188
10985 9900
10990 9702
10998 9802
11001 9717
11002 9621
11006 8623
11014 9458
11016 9721
11024 8279
11026 9692
11032 9198
11043 9617
11045 8493
11047 9435
11050 9279
11051 8988
11056 9986
11057 8722
11060 8179
11061 9345
11064 8405
11066 9381
11067 8744
11074 8769
11078 9690
11082 8314
11086 9501
11090 8565
11099 8353
11100 8170
11107 9016
11118 8954
11121 9061
11122 8184
11124 8167
11125 9954
11128 9015
11134 9885
11136 9823
11140 9064
11142 8424
11143 8397
11145 8189
11146 9030
11149 9265
11153 9748
11163 8499
11166 9534
11167 8612
11175 8611
11177 8068
11179 8223
11180 8332
11184 9566
11185 8428
11187 9794
11189 8529
11191 9256
11201 9683
11211 8583
11213 9601
11222 9970
11223 8870
11225 9200
11226 9482
11228 9254
11234 8957
11236 9738
11242 8799
11243 8801
11256 9938
11258 8465
11264 9330
11265 9082
11269 8160
11276 9418
11279 8546
11280 8384
11282 9597
11285 8700
11292 9644
11293 9611
11301 9931
11303 9358
11307 8683
11308 8428
11315 8745
11316 8204
11321 9261
11328 8056
11335 8242
11336 9691
11339 8776
11345 9506
11347 9120
11350 9424
11353 8363
11356 9878
11357 9378
11360 8649
11363 9816
11364 8784
11365 9108
11367 8647
11369 9844
11370 9605
11374 9654
11375 9289
11379 9928
11384 9309
11389 9294
11393 8423
11400 9295
11405 9721
11408 9841
11414 8913
11416 9228
11417 8445
11419 8706
11421 8222
11425 8182
11426 8401
11435 9977
11442 9460
11443 8020
11445 9553
11446 8912
11448 8953
11469 9339
11471 9310
11478 9296
11479 9482
11482 8037
11486 9678
11488 8794
11491 9326
11493 8968
11494 9474
11496 8026
11497 9582
11498 8398
11501 8033
11502 8240
11504 8280
11510 8151
11511 8862
11512 9735
11514 9196
11524 8844
11530 9295
11535 8014
11539 8483
11543 8035
11547 9568
11549 8105
11555 9005
11556 8647
11559 9218
11563 9541
11577 9027
11581 9179
11584 9283
11590 8577
11594 9815
11595 9844
11599 8565
11602 9532
11607 8635
11609 9276
11613 8195
11622 8410
11625 9026
11626 8198
11629 8973
11630 9602
11632 9815
11633 9398
11635 8176
11636 8880
11642 9180
11646 8330
11654 9693
11663 9407
11665 8747
11667 9896
11668 8509
11671 9859
11672 8303
11673 9113
11675 9577
11683 8239
11691 9368
11692 9545
11693 8711
11694 9616
11697 8161
11703 8339
11706 8280
11709 8365
11725 8714
11726 9810
11732 9417
11733 9446
11735 9220
11737 9734
11741 9954
11746 8345
11748 8358
11755 9819
11765 8393
11766 9661
11768 8374
11770 8571
11774 8747
11776 8309
11780 8409
11794 9744
11797 9256
11801 9922
11804 8172
11808 8802
11809 9307
11810 9434
11816 8866
11817 9018
11818 8867
11821 8260
11822 9413
11829 8662
11830 8274
11831 8160
11836 8463
11837 9460
11839 8307
11841 9615
11845 9938
11848 9090
11849 8911
11850 8685
11859 9324
11861 8631
11863 9276
11865 8463
11870 8635
11879 9353
11899 9724
11901 8798
11903 8925
11905 9486
11906 9864
11907 8384
11912 8980
11915 8000
11918 8164
11919 9875
11920 8722
11921 9595
11922 9562
11926 8164
11941 8682
11942 8409
11943 9588
11945 9781
11946 9757
11951 8861
11956 9344
11961 8782
11963 8543
11965 8001
11966 9390
11969 8921
11972 8713
11982 8500
11983 8678
11988 9933
11989 8721
11990 9212
11993 8893
10000 9806
10004 8614
10010 9786
10016 8431
10017 8939
10019 9716
10022 9626
10024 8831
10029 8824
10032 9184
10039 8531
10040 9059
10046 9651
10048 9268
10053 8907
10055 8379
10056 8824
10057 8717
10058 8715
10059 8332
10061 8863
10066 8489
10067 8054
10073 9489
10075 8072
10083 8195
10093 8192
10094 9447
10100 9896
10102 9880
10105 8599
10108 9934
10117 9873
10123 9391
10124 8970
10132 9050
10138 9832
10139 9974
10141 9365
10144 9595
10148 9632
10149 9523
10158 8686
10160 8225
10163 8005
10167 9967
10171 9163
10172 8124
10179 9189
10180 8837
10181 8848
10191 9012
10196 8322
10201 8664
10206 8478
10212 9252
10219 9587
10222 8770
10227 8897
10232 9554
10233 8645
10239 9162
8192 6374
8195 7797
8197 7917
8198 7923
8204 6599
8207 6500
8221 7947
8222 7118
8223 7726
8225 7875
8229 6580
8237 6877
8239 7799
8240 7798
8241 6324
8242 7893
8255 6302
8260 6563
8268 7485
8274 7140
8279 6209
8280 7614
8281 6525
8303 6511
8307 6633
8309 6530
8311 7566
8314 6963
8316 7465
8322 6509
8330 7888
8332 7491
8339 6950
8341 7126
8343 6672
8345 7207
8348 7933
8353 7175
8358 7059
8359 6541
8363 7971
8364 7138
8365 7154
8370 6549
8374 6221
8379 7671
8384 6378
8393 7150
8397 6042
8398 6482
8399 7132
8401 6819
8405 7405
8407 6425
8409 6018
8410 7624
8414 7725
8418 6133
8423 6141
8424 7003
8426 7679
8428 6321
8430 7481
8431 7039
8443 7758
8445 7469
8454 7595
8463 6371
8465 7264
8474 7781
8478 7191
8483 6501
8486 7828
8489 7246
8493 7957
8495 6940
8499 6331
8500 7142
8509 7378
8514 7664
8518 7710
8529 6189
8531 6888
8532 7455
8543 6665
8546 7211
8549 7262
8565 7693
8568 6516
8571 6657
8573 7911
8574 7320
8576 6021
8577 6521
8579 6980
8581 7536
8583 7238
8592 6768
8599 7860
8611 7709
8612 6218
8614 7267
8616 7457
8618 6389
8623 6997
8631 7560
8634 7631
8635 7491
8640 7625
8645 6266
8647 7878
8649 7884
8657 7329
8662 6533
8664 6084
8670 7498
8672 7179
8673 6041
8678 7283
8682 6524
8683 6851
8685 6373
8686 6836
8689 7238
8694 7537
8700 6943
8706 6881
8707 6701
8711 6662
8713 7825
8714 6781
8715 7827
8717 7914
8721 7703
8722 7641
8727 6523
8734 7542
8742 7029
8744 6400
8745 6571
8747 7132
8754 7844
8761 6624
8764 7524
8767 6798
8769 7336
8770 6537
8776 6544
8777 7631
8779 6901
8782 6571
8784 7300
8794 7206
8798 7940
8799 7571
8801 7009
8802 7259
8824 7155
8831 7601
8837 7327
8842 6127
8844 7274
8848 6041
8861 7270
8862 7676
8863 7170
8866 7470
8867 6766
8869 7177
8870 6993
8872 6565
8875 6433
8880 7357
8893 7640
8894 6877
8896 7476
8897 6989
8904 7108
8907 7703
8910 7429
8911 7850
8912 6082
8913 7618
8916 6951
8917 7241
8921 6983
8925 6800
8933 7812
8939 6743
8953 7654
8954 6000
8957 6313
8966 7219
8968 6393
8970 6432
8973 7514
8980 7773
8984 6975
8988 7700
8990 6021
9005 7867
9012 7231
9015 6906
9016 7629
9018 7405
9026 6032
9027 7646
9030 7167
9032 6264
9033 6345
9050 6296
9055 7493
9056 6135
9059 6134
9061 6858
9064 6194
9067 6965
9069 7918
9077 7976
9082 7304
9090 7575
9092 6545
9100 6989
9108 7480
9109 6726
9111 7060
9113 6380
9115 6934
9120 6654
9128 6938
9141 6337
9144 7059
9153 7168
9162 6194
9163 6148
9173 6772
9174 7492
9179 7459
9180 7655
9184 6704
9188 7043
9189 6041
9195 7728
9196 7880
9198 6640
9200 6907
9207 7100
9212 6507
9216 6288
9218 7441
9220 7972
9228 6831
9252 6941
9254 6029
9255 7790
9256 6111
9259 7770
9260 6721
9261 7242
9265 7268
9268 7240
9276 7166
9279 7059
9283 7270
9285 7357
9289 6022
9294 6304
9295 7409
9296 7482
9307 7412
9308 6503
9309 7346
9310 7554
9312 7155
9324 7417
9326 6200
9327 7190
9329 7962
9330 7811
9338 6867
9339 7853
9342 7733
9344 6509
9345 7635
9353 6803
9358 6510
9365 7178
9367 6055
9368 6575
9369 7376
9378 7058
9381 7939
9383 7884
9390 7346
9391 7405
9398 6518
9407 6027
9413 7576
9417 7170
9418 6084
9421 6875
9424 6471
9434 6600
9435 7576
9444 6242
9446 6123
9447 7058
9458 6290
9460 6443
9464 6162
9474 6260
9482 6598
9486 6459
9489 6273
9501 7310
9506 7922
9511 6509
9515 6047
9522 7609
9523 6939
9529 6435
9532 6525
9534 7832
9541 6632
9545 6371
9553 6776
9554 7105
9562 7865
9566 6556
9568 7421
9577 6174
9582 7293
9587 6850
9588 7271
9589 6786
9591 6096
9595 6681
9597 6842
9598 6096
9599 6383
9601 7503
9602 6568
9605 6620
9611 6332
9615 7420
9616 7333
9617 7915
9621 6020
9625 6341
9626 6757
9628 6791
9632 6065
9644 7945
9649 6829
9651 6739
9652 6492
9654 7697
9657 6102
9660 6783
9661 6789
9662 6566
9669 7898
9673 7709
9677 6022
9678 7138
9683 7707
9690 7946
9691 6325
9692 6792
9693 7332
9695 6686
9702 7333
9716 7835
9717 7730
9721 6873
9724 6160
9734 6517
9735 6212
9738 7765
9744 7599
9748 7089
9749 7860
9757 7364
9759 6254
9763 6652
9781 7925
9782 6875
9786 7716
9789 6446
9794 6626
9802 6287
9803 7634
9806 6442
9808 7014
9810 7756
9815 6345
9816 7309
9819 7723
9823 7188
9826 7062
9828 6570
9829 6566
9831 6391
9832 6762
9841 7903
9844 6360
9859 7288
9860 6185
9864 6248
9867 7924
9873 6228
9875 6180
9876 7440
9878 6949
9880 6813
9885 7982
9896 7077
9900 6040
9922 6888
9923 6556
9928 6930
9931 6731
9933 7868
9934 7617
9938 6838
9954 7264
9959 7246
9960 7598
9967 7795
9970 7970
9974 7195
9977 6507
9986 6327
9988 6866
9992 7419
9998 7121
8000 6773
8001 6147
8002 7381
8005 7948
8014 6687
8020 7156
8026 7421
8031 7994
8033 6590
8035 7101
8037 7745
8054 6612
8056 6235
8059 7132
8068 7539
8071 7140
8072 7901
8085 6930
8100 7284
8105 7988
8108 6606
8124 6239
8143 7915
8151 7395
8160 6054
8161 7644
8164 6671
8167 7998
8169 7794
8170 6281
8172 6853
8175 7386
8176 7829
8178 6088
8179 6717
8182 7311
8183 7330
8184 6153
8188 6595
8189 6349
6147 4048
6148 4408
6153 4641
6160 4791
6162 5660
6174 5134
6180 5912
6185 5420
6189 4716
6194 5888
6200 5787
6209 5280
6212 4335
6218 5408
6221 4564
6228 4636
6235 4148
6239 5139
6242 4782
6248 4218
6254 5674
6260 4466
6264 5511
6266 4956
6273 4822
6281 4529
6287 4526
6288 4207
6290 4371
6296 5979
6302 4615
6304 4303
6313 5203
6321 4710
6324 4436
6325 5928
6327 5918
6331 5488
6332 5670
6337 5102
6341 4026
6345 5072
6349 5192
6360 5054
6371 5904
6373 5781
6374 4840
6378 4390
6380 5999
6383 5100
6389 4246
6391 4391
6393 4765
6400 5188
6425 5126
6432 5964
6433 4036
6435 4234
6442 4613
6443 4912
6446 4693
6459 5359
6471 4356
6482 5041
6492 4429
6500 5440
6501 5981
6503 4026
6507 5474
6509 5404
6510 4822
6511 5657
6516 5827
6517 4327
6518 4145
6521 4616
6523 5030
6524 5654
6525 4498
6530 5680
6533 4660
6537 5703
6541 4106
6544 4523
6545 5362
6549 5904
6556 4422
6563 5941
6565 5509
6566 5373
6568 4992
6570 4064
6571 4994
6575 5435
6580 5876
6590 5605
6595 5612
6598 4947
6599 4045
6600 5364
6606 5716
6612 4103
6620 5028
6624 4923
6626 4056
6632 5397
6633 5760
6640 5011
6652 4249
6654 4447
6657 4259
6662 5407
6665 4884
6671 5122
6672 4341
6681 5090
6686 5460
6687 5817
6701 4262
6704 4170
6717 4034
6721 5880
6726 5473
6731 5842
6739 4350
6743 4926
6757 5243
6762 5546
6766 4337
6768 4140
6772 4028
6773 4941
6776 5489
6781 5497
6783 4708
6786 4916
6789 5016
6791 5989
6792 4680
6798 5050
6800 5777
6803 4578
6813 5782
6819 5458
6829 5347
6831 4222
6836 4772
6838 5459
6842 5432
6850 4076
6851 5165
6853 5596
6858 4784
6866 5721
6867 4735
6873 4027
6875 4044
6877 4762
6881 4370
6888 5594
6901 5035
6906 5970
6907 4198
6930 4219
6934 5687
6938 5920
6939 4662
6940 4465
6941 4629
6943 4195
6949 5111
6950 5773
6951 4606
6963 4382
6965 4169
6975 4991
6980 4528
6983 5729
6989 5090
6993 4939
6997 4108
7003 5650
7009 4633
7014 4944
7029 4726
7039 5181
7043 5455
7058 4445
7059 4228
7060 4389
7062 5831
7077 4371
7089 5766
7100 4118
7101 5177
7105 5456
7108 5304
7118 5867
7121 5687
7126 5048
7132 5034
7138 5243
7140 4573
7142 5166
7150 5210
7154 4923
7155 4344
7156 4383
7166 4502
7167 4147
7168 4393
7170 4006
7175 4222
7177 5191
7178 5833
7179 4977
7188 4795
7190 5137
7191 4695
7195 4897
7206 5412
7207 4480
7211 4933
7219 5951
7231 4391
7238 4130
7240 4743
7241 5757
7242 4164
7246 5540
7259 5387
7262 4627
7264 4921
7267 4847
7268 5313
7270 4998
7271 5449
7274 5250
7283 4010
7284 5911
7288 5017
7293 5713
7300 5363
7304 5940
7309 4534
7310 5657
7311 4720
7320 5100
7327 5498
7329 5633
7330 5167
7332 5671
7333 4822
7336 5245
7346 5178
7357 4708
7364 5026
7376 5281
7378 4326
7381 5322
7386 4408
7395 4653
7405 5219
7409 5683
7412 5858
7417 4757
7419 5175
7420 4085
7421 5219
7429 4300
7440 4440
7441 5981
7455 4535
7457 5888
7459 4232
7465 4792
7469 4352
7470 5102
7476 5841
7480 4709
7481 5701
7482 5862
7485 5055
7491 4005
7492 5797
7493 4305
7498 5232
7503 5082
7514 4581
7524 5029
7536 4130
7537 4157
7539 4053
7542 4469
7554 4638
7560 4481
7566 5376
7571 5021
7575 5984
7576 4869
7595 4749
7598 4042
7599 5678
7601 4363
7609 5500
7614 4755
7617 5536
7618 5222
7624 4318
7625 4537
7629 4226
7631 4495
7634 5872
7635 5039
7640 5237
7641 5660
7644 4203
7646 5529
7654 5244
7655 5610
7664 5996
7671 4679
7676 4716
7679 4410
7693 5719
7697 4151
7700 4111
7703 4427
7707 4410
7709 5218
7710 4117
7716 4491
7723 5174
7725 5770
7726 5895
7728 5486
7730 4897
7733 4322
7745 4306
7756 4418
7758 4348
7765 4568
7770 4437
7773 5224
7781 5737
7790 4878
7794 4934
7795 5133
7797 4207
7798 5328
7799 5040
7811 5965
7812 5626
7825 5188
7827 4463
7828 5535
7829 4466
7832 5938
7835 4470
7844 5267
7850 4765
7853 5133
7860 5338
7865 5416
7867 4399
7868 4073
7875 5306
7878 5510
7880 5326
7884 5256
7888 4229
7893 4590
7898 4591
7901 5550
7903 4532
7911 5554
7914 4337
7915 4304
7917 5740
7918 4035
7922 5865
7923 4557
7924 5990
7925 4942
7933 4502
7939 5989
7940 4004
7945 5716
7946 4560
7947 5741
7948 4608
7957 4182
7962 4762
7970 4703
7971 4964
7972 5612
7976 4220
7982 4777
7988 4079
7994 4786
7998 5239
6000 5819
6018 5384
6020 4328
6021 4150
6022 4622
6027 4755
6029 4961
6032 4033
6040 5786
6041 5837
6042 5196
6047 4901
6054 5165
6055 4801
6065 5927
6082 4812
6084 4284
6088 4995
6096 4306
6102 4577
6111 5197
6123 4133
6127 5967
6133 4587
6134 5420
6135 4387
6141 5411
4103 2825
4106 2604
4108 3353
4111 2503
4117 2599
4118 2149
4130 3277
4133 3044
4140 2140
4145 3315
4147 3348
4148 3619
4150 2427
4151 3074
4157 2071
4164 3355
4169 3876
4170 3967
4182 2240
4195 3901
4198 2876
4203 3694
4207 2198
4218 2857
4219 2211
4220 2423
4222 3879
4226 3071
4228 3675
4229 2828
4232 3109
4234 3024
4246 3064
4249 2625
4259 2760
4262 3274
4284 3637
4300 2252
4303 2936
4304 3751
4305 2171
4306 2850
4318 3079
4322 3358
4326 3175
4327 3883
4328 3694
4335 2745
4337 3898
4341 2220
4344 3417
4348 2467
4350 3606
4352 3203
4356 3050
4363 2386
4370 2286
4371 2480
4382 2391
4383 3754
4387 3744
4389 3168
4390 3906
4391 2823
4393 2692
4399 2635
4408 3592
4410 2050
4418 3985
4422 3178
4427 3934
4429 2876
4436 3444
4437 3597
4440 2036
4445 3062
4447 3599
4463 2594
4465 2644
4466 2206
4469 2064
4470 3897
4480 2259
4481 2920
4491 2743
4495 3813
4498 2495
4502 2411
4523 2841
4526 2212
4528 3841
4529 2858
4532 2578
4534 3986
4535 3285
4537 3160
4557 3954
4560 2567
4564 2312
4568 2475
4573 2899
4577 2933
4578 2392
4581 3823
4587 2175
4590 2973
4591 3172
4606 2987
4608 2081
4613 3415
4615 3491
4616 2499
4622 3545
4627 3368
4629 2035
4633 2386
4636 2891
4638 2216
4641 2445
4653 2215
4660 2525
4662 2036
4679 2770
4680 2128
4693 2246
4695 3392
4703 3678
4708 3572
4709 3160
4710 3867
4716 3027
4720 3486
4726 3724
4735 2517
4743 2843
4749 3439
4755 2201
4757 3124
4762 2661
4765 3129
4772 2715
4777 3170
4782 3919
4784 3257
4786 2301
4791 2581
4792 3313
4795 2686
4801 3519
4812 3849
4822 3847
4840 2367
4847 2495
4869 2505
4878 3630
4884 2251
4897 3411
4901 3361
4912 2247
4916 3994
4921 2358
4923 2940
4926 3661
4933 2412
4934 3663
4939 2995
4941 2522
4942 2674
4944 3356
4947 3901
4956 3675
4961 2127
4964 3777
4977 2371
4991 2921
4992 3221
4994 3936
4995 2698
4998 2161
5011 2161
5016 2727
5017 2851
5021 2882
5026 3725
5028 3222
5029 3378
5030 3603
5034 3234
5035 2372
5039 3686
5040 3667
5041 2375
5048 3251
5050 3494
5054 3350
5055 2956
5072 2831
5082 2783
5090 2327
5100 3132
5102 2608
5111 2352
5122 2894
5126 2004
5133 2818
5134 3984
5137 3493
5139 3948
5165 3981
5166 2602
5167 2959
5174 2230
5175 2109
5177 3852
5178 2476
5181 3940
5188 2606
5191 2666
5192 3827
5196 2220
5197 2689
5203 3693
5210 2849
5218 2139
5219 3803
5222 3133
5224 3070
5232 2540
5237 2136
5239 3525
5243 3586
5244 3482
5245 2601
5250 2282
5256 2752
5267 2860
5280 3853
5281 2751
5304 3083
5306 2899
5313 2325
5322 3828
5326 3949
5328 2931
5338 2539
5347 3403
5359 3203
5362 2028
5363 2535
5364 2115
5373 2397
5376 2060
5384 3373
5387 2034
5397 2848
5404 2462
5407 2034
5408 3420
5411 2842
5412 2545
5416 3278
5420 2206
5432 3599
5435 2145
5440 2322
5449 2352
5455 2882
5456 2219
5458 2338
5459 2636
5460 2064
5473 2921
5474 3522
5486 2837
5488 2748
5489 3905
5497 2551
5498 2164
5500 2765
5509 2783
5510 3811
5511 2594
5529 2212
5535 2482
5536 2057
5540 3916
5546 3964
5550 2086
5554 2674
5594 3032
5596 3345
5605 3900
5610 2043
5612 3313
5626 2845
5633 3369
5650 3882
5654 2954
5657 2227
5660 3119
5670 2489
5671 3814
5674 3074
5678 3387
5680 3591
5683 3267
5687 2187
5701 2677
5703 3850
5713 3317
5716 2499
5719 2349
5721 2227
5729 2794
5737 2868
5740 2778
5741 2883
5757 2010
5760 2145
5766 3926
5770 3323
5773 3742
5777 2516
5781 2922
5782 2879
5786 3375
5787 2143
5797 2340
5817 3252
5819 2946
5827 2534
5831 2894
5833 3330
5837 3560
5841 3218
5842 2112
5858 2428
5862 3320
5865 3422
5867 2736
5872 2722
5876 3841
5880 3466
5888 2016
5895 3460
5904 2905
5911 3688
5912 3965
5918 2040
5920 2123
5927 2204
5928 2069
5938 3136
5940 2727
5941 2566
5951 2366
5964 3418
5965 3992
5967 3511
5970 3614
5979 2437
5981 3759
5984 3887
5989 2471
5990 2426
5996 2548
5999 3243
4004 3716
4005 3526
4006 2846
4010 2443
4026 3070
4027 3157
4028 3787
4033 3935
4034 2593
4035 3491
4036 2274
4042 2695
4044 2769
4045 2831
4048 2398
4053 3346
4056 2112
4064 2800
4073 3532
4076 3793
4079 2953
4085 2426
2050 919
2057 1656
2060 1885
2064 1563
2069 1250
2071 1995
2081 473
2086 1973
2109 569
2112 206
2115 470
2123 1234
2127 1522
2128 692
2136 238
2139 500
2140 873
2143 745
2145 1252
2149 1543
2161 301
2164 272
2171 1681
2175 261
2187 1364
2198 416
2201 151
2204 1569
2206 1146
2211 627
2212 1122
2215 423
2216 1335
2219 1863
2220 328
2227 1019
2230 1612
2240 606
2246 858
2247 1062
2251 1999
2252 1102
2259 196
2274 691
2282 1948
2286 1749
2301 1907
2312 212
2322 863
2325 10
2327 760
2338 83
2340 1674
2349 1382
2352 228
2358 386
2366 1016
2367 1726
2371 1815
2372 837
2375 945
2386 1517
2391 265
2392 1629
2397 1888
2398 1871
2411 942
2412 917
2423 1698
2426 382
2427 1123
2428 1054
2437 1705
2443 1415
2445 164
2462 1460
2467 1091
2471 1235
2475 205
2476 1222
2480 504
2482 608
2489 93
2495 860
2499 324
2503 1844
2505 1711
2516 1893
2517 858
2522 1629
2525 1489
2534 931
2535 1126
2539 1797
2540 858
2545 1035
2548 799
2551 1270
2566 477
2567 50
2578 665
2581 277
2593 158
2594 1136
2599 1490
2601 149
2602 1411
2604 642
2606 928
2608 1671
2625 1714
2635 1723
2636 720
2644 1512
2661 168
2666 783
2674 1122
2677 952
2686 1475
2689 53
2692 1744
2695 1694
2698 472
2715 1641
2722 1966
2727 119
2736 288
2743 1208
2745 1004
2748 423
2751 1503
2752 1524
2760 159
2765 590
2769 1182
2770 1497
2778 499
2783 1250
2794 203
2800 1389
2818 1924
2823 159
2825 1206
2828 1198
2831 1982
2837 1554
2841 1780
2842 104
2843 1050
2845 172
2846 922
2848 1894
2849 1137
2850 662
2851 1794
2857 1497
2858 307
2860 1215
2868 1238
2876 1386
2879 44
2882 390
2883 1936
2891 783
2894 129
2899 953
2905 637
2920 406
2921 341
2922 426
2931 1482
2933 1399
2936 1890
2940 978
2946 389
2953 279
2954 1022
2956 400
2959 552
2973 1955
2987 817
2995 843
3024 561
3027 1031
3032 262
3044 906
3050 1658
3062 1140
3064 900
3070 1254
3071 1878
3074 678
3079 1162
3083 306
3109 371
3119 1196
3124 1035
3129 1298
3132 1812
3133 135
3136 1787
3157 480
3160 18
3168 99
3170 1477
3172 1435
3175 356
3178 1931
3203 517
3218 1331
3221 233
3222 546
3234 644
3243 1291
3251 1340
3252 1956
3257 1037
3267 489
3274 786
3277 820
3278 311
3285 1025
3313 1811
3315 958
3317 540
3320 1238
3323 1306
3330 177
3345 1862
3346 1460
3348 867
3350 1659
3353 113
3355 1759
3356 31
3358 999
3361 1484
3368 1893
3369 228
3373 310
3375 58
3378 1687
3387 918
3392 890
3403 1069
3411 1181
3415 1779
3417 993
3418 1663
3420 1606
3422 1266
3439 1696
3444 1667
3460 543
3466 379
3482 1309
3486 409
3491 1907
3493 1511
3494 564
3511 735
3519 1409
3522 1507
3525 1834
3526 1436
3532 224
3545 1191
3560 1388
3572 1348
3586 442
3591 1179
3592 939
3597 421
3599 1350
3603 560
3606 1280
3614 536
3619 1219
3630 148
3637 1826
3661 571
3663 1879
3667 1266
3675 707
3678 854
3686 1270
3688 1702
3693 859
3694 1127
3716 1429
3724 143
3725 1761
3742 1220
3744 1921
3751 999
3754 333
3759 1947
3777 166
3787 293
3793 1738
3803 1078
3811 1869
3813 408
3814 18
3823 1683
3827 905
3828 1974
3841 753
3847 781
3849 970
3850 1088
3852 1886
3853 459
3867 1008
3876 1557
3879 39
3882 545
3883 1639
3887 1485
3897 1120
3898 1522
3900 223
3901 1590
3905 719
3906 130
3916 1890
3919 1435
3926 62
3934 1542
3935 989
3936 693
3940 147
3948 576
3949 1222
3954 1385
3964 243
3965 1390
3967 1031
3981 396
3984 1656
3985 867
3986 1078
3992 1813
3994 1812
2004 409
2010 466
2016 1784
2028 1020
2034 586
2035 1604
2036 1868
2040 278
2043 1687
