20000 18859
20001 19108
20002 19980
20003 19015
20004 19041
20005 19044
20006 18552
20007 18808
20008 19985
20009 19211
20010 19996
20011 19315
20012 19609
20013 18677
20014 19688
20015 18544
20016 19480
20017 18636
20018 18232
20019 19837
20020 19495
20021 19535
20022 18870
20023 18272
20024 19440
20025 18355
20026 18275
20027 18701
20028 19314
20029 19047
20030 18086
20031 18776
20032 19636
20033 18794
20034 19147
20035 19420
20036 19552
20037 19418
20038 19854
20039 18961
20040 18226
20041 18298
20042 19133
20043 18914
20044 18867
20045 19768
20046 18777
20047 19313
20048 18120
20049 18183
20050 19181
20051 19996
20052 19809
20053 18364
20054 19244
20055 19892
20056 18388
20057 18059
20058 18232
20059 18831
20060 18309
20061 19690
20062 19374
20063 19551
20064 18239
20065 19341
20066 19549
20067 19734
20068 19302
20069 18324
20070 19810
20071 18989
20072 19328
20073 19101
20074 19608
20075 18636
20076 18987
20077 19521
20078 19877
20079 19401
20080 19496
20081 18086
20082 19438
20083 19688
20084 18609
20085 18588
20086 19838
20087 18475
20088 19101
20089 18388
20090 19556
20091 18375
20092 19074
20093 18111
20094 18252
20095 19587
20096 18159
20097 18391
20098 18637
20099 18440
20100 18510
20101 18509
20102 19258
20103 19765
20104 18249
20105 18251
20106 19825
20107 18004
20108 18780
20109 19447
20110 18007
20111 18445
20112 19086
20113 19894
20114 18665
20115 18479
20116 19712
20117 18843
20118 18273
20119 19393
20120 19877
20121 19945
20122 18788
20123 18523
20124 19715
20125 19037
20126 18069
20127 19724
20128 18335
20129 18802
20130 19142
20131 18834
20132 18129
20133 19899
20134 19302
20135 19172
20136 19012
20137 18715
20138 18434
20139 19009
20140 19551
20141 18935
20142 19077
20143 18565
20144 18911
20145 18771
20146 19460
20147 19871
20148 18277
20149 18812
20150 19082
20151 18845
20152 19664
20153 18954
20154 19546
20155 18923
20156 18500
20157 19935
20158 18836
20159 19191
20160 18992
20161 18934
20162 18625
20163 19657
20164 19363
20165 19653
20166 18426
20167 19691
20168 18060
20169 19807
20170 19542
20171 18696
20172 18992
20173 18330
20174 19555
20175 18087
20176 19881
20177 18912
20178 18741
20179 19025
20180 18806
20181 18908
20182 19186
20183 19776
20184 19924
20185 19614
20186 18848
20187 19672
20188 19017
20189 19346
20190 19900
20191 19148
20192 18484
20193 19664
20194 18015
20195 19902
20196 18688
20197 19431
20198 19942
20199 18751
20200 18589
20201 19416
20202 19465
20203 18021
20204 18852
20205 19315
20206 19966
20207 19494
20208 19532
20209 18664
20210 18695
20211 19260
20212 18740
20213 19761
20214 18555
20215 19362
20216 18973
20217 18417
20218 18987
20219 18046
20220 19329
20221 19448
20222 18775
20223 18457
20224 19397
20225 19384
20226 18284
20227 18223
20228 18034
20229 19634
20230 18742
20231 18849
20232 19217
20233 19951
20234 18368
20235 19287
20236 19951
20237 19241
20238 18768
20239 19024
20240 18744
20241 18913
20242 18133
20243 18498
20244 18307
20245 18354
20246 19231
20247 18209
20248 18378
20249 18337
20250 19114
20251 19148
20252 18684
20253 18042
20254 19074
20255 18450
20256 18552
20257 19876
20258 18149
20259 18400
20260 18026
20261 19081
20262 18984
20263 18185
20264 19802
20265 18220
20266 18510
20267 18929
20268 18162
20269 19655
20270 19325
20271 19191
20272 19966
20273 18342
20274 18668
20275 18271
20276 18055
20277 18359
20278 18874
20279 18551
20280 18211
20281 18709
20282 19112
20283 18157
20284 19436
20285 18272
20286 19676
20287 19713
20288 19256
20289 18836
20290 19854
20291 19331
20292 18731
20293 18659
20294 18257
20295 19830
20296 19127
20297 18129
20298 19532
20299 19482
20300 18195
20301 18048
20302 19687
20303 19731
20304 18881
20305 19936
20306 19543
20307 18434
20308 19533
20309 19082
20310 19081
20311 19279
20312 18198
20313 19189
20314 19377
20315 19417
20316 18762
20317 19631
20318 19817
20319 19154
20320 18568
20321 19738
20322 18687
20323 18350
20324 19138
20325 19624
20326 18817
20327 18523
20328 18260
20329 19099
20330 19602
20331 19804
20332 19468
20333 19567
20334 18610
20335 19661
20336 18298
20337 18794
20338 18644
20339 19758
20340 18004
20341 19338
20342 19569
20343 19239
20344 18859
20345 19957
20346 18756
20347 18093
20348 19238
20349 19120
20350 18262
20351 18618
20352 18159
20353 19023
20354 18657
20355 18606
20356 19667
20357 18687
20358 19184
20359 19925
20360 19766
20361 18020
20362 19656
20363 18087
20364 18866
20365 18214
20366 18364
20367 18150
20368 18906
20369 19081
20370 18995
20371 19564
20372 19286
20373 19082
20374 19127
20375 18962
20376 18680
20377 18923
20378 18345
20379 18142
20380 18321
20381 19424
20382 18933
20383 19780
20384 18145
20385 19965
20386 19426
20387 18114
20388 18589
20389 18201
20390 18111
20391 19291
20392 18570
20393 18086
20394 18900
20395 19429
20396 19320
20397 18561
20398 18865
20399 19976
20400 19096
20401 19336
20402 18376
20403 18290
20404 19510
20405 19418
20406 19012
20407 18131
20408 18057
20409 19766
20410 19623
20411 18042
20412 18682
20413 19956
20414 18376
20415 18557
20416 19037
20417 19716
20418 19999
20419 18389
20420 19624
20421 18391
20422 18287
20423 19857
20424 18360
20425 18323
20426 19383
20427 19699
20428 18879
20429 18455
20430 18129
20431 19679
20432 19916
20433 18804
20434 19140
20435 18400
20436 19968
20437 19644
20438 18962
20439 18589
20440 19285
20441 19746
20442 19886
20443 19035
20444 19137
20445 19980
20446 18832
20447 19846
20448 19446
20449 18622
20450 19242
20451 18181
20452 19881
20453 19490
20454 19337
20455 18767
20456 18812
20457 19018
20458 19247
20459 19368
20460 18160
20461 19746
20462 19619
20463 18923
20464 19839
20465 18981
20466 18269
20467 19262
20468 19810
20469 18703
20470 18474
20471 19815
20472 18959
20473 18567
20474 18779
20475 18518
20476 18096
20477 18995
20478 18821
20479 19618
20480 18623
20481 19114
20482 18707
20483 19266
20484 18006
20485 18322
20486 18621
20487 18082
20488 18062
20489 19028
20490 19176
20491 18321
20492 19770
20493 19889
20494 18994
20495 18033
20496 18210
20497 18884
20498 19049
20499 19332
20500 18750
20501 19973
20502 18199
20503 19384
20504 19999
20505 18118
20506 19250
20507 19974
20508 18372
20509 18281
20510 18090
20511 19620
20512 18331
20513 18279
20514 19312
20515 18460
20516 18134
20517 18395
20518 19760
20519 18310
20520 18439
20521 19765
20522 18488
20523 18000
20524 19013
20525 19550
20526 19375
20527 18697
20528 19405
20529 19524
20530 19195
20531 19762
20532 19859
20533 19816
20534 19760
20535 19678
20536 18666
20537 18367
20538 18136
20539 19842
20540 18213
20541 18309
20542 19416
20543 19514
20544 18382
20545 19106
20546 19275
20547 19956
20548 18722
20549 19955
20550 18029
20551 19472
20552 19999
20553 19566
20554 18556
20555 18441
20556 19292
20557 19771
20558 19465
20559 19864
20560 19043
20561 19963
20562 19410
20563 18845
20564 18285
20565 18137
20566 19672
20567 19793
20568 18473
20569 18580
20570 19143
20571 18257
20572 18318
20573 18271
20574 18336
20575 19978
20576 18248
20577 19455
20578 18442
20579 18155
20580 18910
20581 18191
20582 18406
20583 18722
20584 19485
20585 19635
20586 19349
20587 19529
20588 18099
20589 19988
20590 19141
20591 19350
20592 18892
20593 18780
20594 18965
20595 19077
20596 18182
20597 18213
20598 19268
20599 18166
20600 19029
20601 19519
20602 18910
20603 18722
20604 18963
20605 18931
20606 19777
20607 19514
20608 19618
20609 19751
20610 19713
20611 18328
20612 18299
20613 19061
20614 19783
20615 19714
20616 19329
20617 18799
20618 19059
20619 19868
20620 19388
20621 19543
20622 18843
20623 19911
20624 18441
20625 18978
20626 19166
20627 19821
20628 18991
20629 18744
20630 18124
20631 18977
20632 18321
20633 18093
20634 18348
20635 19739
20636 18996
20637 19012
20638 18688
20639 18077
20640 19114
20641 18865
20642 18446
20643 19988
20644 18198
20645 19715
20646 19396
20647 18866
20648 19912
20649 18470
20650 19809
20651 18055
20652 18206
20653 19183
20654 19484
20655 19643
20656 18015
20657 18146
20658 19176
20659 18953
20660 19175
20661 19368
20662 18581
20663 19208
20664 19512
20665 19388
20666 18683
20667 19711
20668 18002
20669 19679
20670 18902
20671 19449
20672 18641
20673 18719
20674 19297
20675 19890
20676 19128
20677 19562
20678 19978
20679 18663
20680 18856
20681 19547
20682 19018
20683 18462
20684 19134
20685 19448
20686 19663
20687 18780
20688 18603
20689 18386
20690 19788
20691 19755
20692 19084
20693 18606
20694 18003
20695 19116
20696 19244
20697 19544
20698 19362
20699 19859
20700 18612
20701 19030
20702 19558
20703 18561
20704 18022
20705 18090
20706 19679
20707 19822
20708 18846
20709 18875
20710 19202
20711 19468
20712 18831
20713 18987
20714 18612
20715 18388
20716 18235
20717 19082
20718 18363
20719 18303
20720 19431
20721 19925
20722 18109
20723 19281
20724 18374
20725 19120
20726 19661
20727 18096
20728 19660
20729 18304
20730 19986
20731 19755
20732 19798
20733 18461
20734 18835
20735 18652
20736 18284
20737 18913
20738 18883
20739 18297
20740 18687
20741 19683
20742 19540
20743 19945
20744 18617
20745 18611
20746 19189
20747 18253
20748 19725
20749 18164
20750 19856
20751 19299
20752 18368
20753 18791
20754 19078
20755 18660
20756 19503
20757 19564
20758 18341
20759 19119
20760 18235
20761 19470
20762 19378
20763 18955
20764 18936
20765 18195
20766 18126
20767 18180
20768 18258
20769 18452
20770 18473
20771 18347
20772 18823
20773 18169
20774 18509
20775 19721
20776 18238
20777 19539
20778 19616
20779 19567
20780 18713
20781 18034
20782 19290
20783 18341
20784 18798
20785 19997
20786 19602
20787 18563
20788 19395
20789 18625
20790 19486
20791 19089
20792 18762
20793 19211
20794 18319
20795 19373
20796 18166
20797 19538
20798 18164
20799 19165
20800 18393
20801 18416
20802 18475
20803 18702
20804 18695
20805 18101
20806 18340
20807 19538
20808 18300
20809 18927
20810 18165
20811 19031
20812 19612
20813 19538
20814 18985
20815 18955
20816 19949
20817 18647
20818 19151
20819 18002
20820 18717
20821 18661
20822 18505
20823 19411
20824 18467
20825 18384
20826 18841
20827 19965
20828 19085
20829 18402
20830 19081
20831 19345
20832 19431
20833 18959
20834 18642
20835 18500
20836 19795
20837 18879
20838 18735
20839 19454
20840 18922
20841 19031
20842 18172
20843 19917
20844 19663
20845 19577
20846 18718
20847 18141
20848 18953
20849 19527
20850 19894
20851 19944
20852 19441
20853 19708
20854 19902
20855 19330
20856 19072
20857 18822
20858 19286
20859 18356
20860 19063
20861 18095
20862 18144
20863 19629
20864 18789
20865 19933
20866 19782
20867 18823
20868 18781
20869 19521
20870 18436
20871 18266
20872 18682
20873 19111
20874 18303
20875 18161
20876 18941
20877 19674
20878 19555
20879 19634
20880 18523
20881 18042
20882 19524
20883 19637
20884 19045
20885 19821
20886 19413
20887 19277
20888 18860
20889 19247
20890 18918
20891 19664
20892 19459
20893 18825
20894 18120
20895 18886
20896 19489
20897 18325
20898 18795
20899 18808
20900 19600
20901 18144
20902 19212
20903 19559
20904 18192
20905 18997
20906 18751
20907 19527
20908 19729
20909 19070
20910 19144
20911 18032
20912 18243
20913 18776
20914 19656
20915 19340
20916 19318
20917 18237
20918 19517
20919 18354
20920 19487
20921 18846
20922 19278
20923 19400
20924 19576
20925 19355
20926 19445
20927 18422
20928 18513
20929 19822
20930 18301
20931 19721
20932 18913
20933 19242
20934 18271
20935 19798
20936 19148
20937 18467
20938 18608
20939 18399
20940 18088
20941 19635
20942 19991
20943 18164
20944 18275
20945 18838
20946 18661
20947 18184
20948 18706
20949 18084
20950 18242
20951 18154
20952 18803
20953 19868
20954 19904
20955 18120
20956 19799
20957 19108
20958 18635
20959 19436
20960 19504
20961 18567
20962 19792
20963 18927
20964 19530
20965 19904
20966 19425
20967 18936
20968 18846
20969 19643
20970 18185
20971 19579
20972 18575
20973 18505
20974 18278
20975 19884
20976 18737
20977 19396
20978 18851
20979 18015
20980 19990
20981 19844
20982 19573
20983 18800
20984 19354
20985 19900
20986 18451
20987 19973
20988 19096
20989 19403
20990 19648
20991 19854
20992 19519
20993 18075
20994 19357
20995 18756
20996 19724
20997 19529
20998 19973
20999 18807
21000 19068
21001 18502
21002 19395
21003 18936
21004 18567
21005 19394
21006 19201
21007 19365
21008 19863
21009 18933
21010 19838
21011 18869
21012 18842
21013 19579
21014 19645
21015 18477
21016 19408
21017 19358
21018 19860
21019 19147
21020 19775
21021 19293
21022 18015
21023 18773
21024 19716
21025 19751
21026 19286
21027 18123
21028 19852
21029 18158
21030 19948
21031 19998
21032 18166
21033 18681
21034 18710
21035 18363
21036 19758
21037 19908
21038 18947
21039 19775
21040 19979
21041 19392
21042 18773
21043 19468
21044 19897
21045 19915
21046 18663
21047 18097
21048 18869
21049 18066
21050 19412
21051 18095
21052 18013
21053 18164
21054 19544
21055 19982
21056 19613
21057 19214
21058 19357
21059 19733
21060 19152
21061 18359
21062 19911
21063 18314
21064 18058
21065 18618
21066 19215
21067 18484
21068 19059
21069 18097
21070 19163
21071 18313
21072 19805
21073 18725
21074 19828
21075 19200
21076 19095
21077 18331
21078 18530
21079 18045
21080 18881
21081 19435
21082 19543
21083 18510
21084 19949
21085 19218
21086 19639
21087 18917
21088 18231
21089 18585
21090 18798
21091 18754
21092 19444
21093 18727
21094 19626
21095 18205
21096 18008
21097 18428
21098 18385
21099 19790
21100 19781
21101 19354
21102 19127
21103 18300
21104 19766
21105 19984
21106 18446
21107 19928
21108 18635
21109 18488
21110 18961
21111 18149
21112 19777
21113 19562
21114 18727
21115 18158
21116 19497
21117 18160
21118 19777
21119 19094
21120 18063
21121 18764
21122 19129
21123 18625
21124 19637
21125 19120
21126 18125
21127 19630
21128 18368
21129 19005
21130 18261
21131 18952
21132 19347
21133 18624
21134 18709
21135 19932
21136 18252
21137 19240
21138 19643
21139 19390
21140 18975
21141 19181
21142 19539
21143 18377
21144 18796
21145 18803
21146 18810
21147 19373
21148 19969
21149 19619
21150 18427
21151 18261
21152 19457
21153 19286
21154 19230
21155 18672
21156 19129
21157 19554
21158 19310
21159 19851
21160 18789
21161 18183
21162 19080
21163 18199
21164 18079
21165 19660
21166 19297
21167 19327
21168 19126
21169 19927
21170 18461
21171 19877
21172 19160
21173 19704
21174 18944
21175 18942
21176 19565
21177 19418
21178 18841
21179 19367
21180 18747
21181 19098
21182 18153
21183 19061
21184 19038
21185 18346
21186 18285
21187 18662
21188 18890
21189 19242
21190 19895
21191 19248
21192 18217
21193 18873
21194 19759
21195 18220
21196 19534
21197 19701
21198 18235
21199 18482
21200 18829
21201 19351
21202 18559
21203 19682
21204 18567
21205 18914
21206 19846
21207 19093
21208 18724
21209 18348
21210 19516
21211 18102
21212 19662
21213 18303
21214 18833
21215 18477
21216 18101
21217 19381
21218 19814
21219 19330
21220 18948
21221 18860
21222 18292
21223 18807
21224 18889
21225 18175
21226 19129
21227 18307
21228 18406
21229 18307
21230 19661
21231 18866
21232 18596
21233 18476
21234 18196
21235 18572
21236 18015
21237 18735
21238 19168
21239 18897
21240 18897
21241 19033
21242 19125
21243 19566
21244 19247
21245 19115
21246 18159
21247 18422
21248 18708
21249 19566
21250 18573
21251 18045
21252 19162
21253 18008
21254 18669
21255 19739
21256 19962
21257 19370
21258 18769
21259 18931
21260 19854
21261 18666
21262 19545
21263 18186
21264 19551
21265 18789
21266 19354
21267 19200
21268 19883
21269 19347
21270 19718
21271 19118
21272 19962
21273 18792
21274 18531
21275 19201
21276 18679
21277 19364
21278 19383
21279 19431
21280 19596
21281 18387
21282 18249
21283 18011
21284 18950
21285 18425
21286 18789
21287 19305
21288 19681
21289 18705
21290 18779
21291 18630
21292 18853
21293 19245
21294 18620
21295 19121
21296 18535
21297 18798
21298 18571
21299 18691
21300 18555
21301 19757
21302 19453
21303 18159
21304 18924
21305 19779
21306 19508
21307 19587
21308 19998
21309 19523
21310 19157
21311 18215
21312 18961
21313 18740
21314 19022
21315 19764
21316 18725
21317 19660
21318 19099
21319 19618
21320 19766
21321 19579
21322 19451
21323 19162
21324 18222
21325 18792
21326 18228
21327 18211
21328 19604
21329 18984
21330 18760
21331 18352
21332 19744
21333 19934
21334 18677
21335 19859
21336 19293
21337 19347
21338 19828
21339 19120
21340 18418
21341 18812
21342 19612
21343 19215
21344 18101
21345 19801
21346 18852
21347 19917
21348 18100
21349 19918
21350 18676
21351 18683
21352 19310
21353 19472
21354 18596
21355 18318
21356 18209
21357 19143
21358 18005
21359 19079
21360 18837
21361 19659
21362 19801
21363 19894
21364 19291
21365 19326
21366 18988
21367 19979
21368 18762
21369 19418
21370 19498
21371 19686
21372 18547
21373 19680
21374 19098
21375 18243
21376 18794
21377 19216
21378 18513
21379 19036
21380 18788
21381 19479
21382 18935
21383 18609
21384 18550
21385 19400
21386 19054
21387 19041
21388 19785
21389 19166
21390 19154
21391 19672
21392 19905
21393 19095
21394 18179
21395 18114
21396 19878
21397 19424
21398 19160
21399 18282
21400 18154
21401 19777
21402 19138
21403 18542
21404 18626
21405 18861
21406 18579
21407 18940
21408 18787
21409 18341
21410 19922
21411 19744
21412 19933
21413 19526
21414 19368
21415 18811
21416 18285
21417 18844
21418 19176
21419 19612
21420 19387
21421 19711
21422 19883
21423 19841
21424 19383
21425 18853
21426 18239
21427 18212
21428 19533
21429 19566
21430 19650
21431 19948
21432 19326
21433 18494
21434 19701
21435 18088
21436 18077
21437 18240
21438 18336
21439 19191
21440 18575
21441 18149
21442 18933
21443 18402
21444 19180
21445 18485
21446 19780
21447 18549
21448 19860
21449 19933
21450 18830
21451 18067
21452 18635
21453 19645
21454 19471
21455 19791
21456 18202
21457 19771
21458 19085
21459 18085
21460 19656
21461 18001
21462 18714
21463 19449
21464 19096
21465 18619
21466 19683
21467 19154
21468 18815
21469 19969
21470 19603
21471 19758
21472 19045
21473 18620
21474 18692
21475 19751
21476 19923
21477 18199
21478 19429
21479 19139
21480 19586
21481 18851
21482 19347
21483 18650
21484 19631
21485 18707
21486 18946
21487 18338
21488 18675
21489 19798
21490 18051
21491 19866
21492 18563
21493 19541
21494 18680
21495 19776
21496 18282
21497 19452
21498 19750
21499 18602
21500 19081
21501 18638
21502 18833
21503 19702
21504 19101
21505 19300
21506 18925
21507 18810
21508 19158
21509 18294
21510 18501
21511 19601
21512 18979
21513 18446
21514 18466
21515 19167
21516 19276
21517 18713
21518 19109
21519 18777
21520 18527
21521 19420
21522 19945
21523 19596
21524 18346
21525 18591
21526 19781
21527 18958
21528 18297
21529 18732
21530 18979
21531 18783
21532 18431
21533 18107
21534 18404
21535 18033
21536 18010
21537 19606
21538 18817
21539 18035
21540 18452
21541 19076
21542 19548
21543 18013
21544 19148
21545 19158
21546 18195
21547 18522
21548 19849
21549 19326
21550 19309
21551 18703
21552 18749
21553 18158
21554 18063
21555 19466
21556 19015
21557 19284
21558 19024
21559 19780
21560 18813
21561 19772
21562 18356
21563 18771
21564 18123
21565 18797
21566 18454
21567 19271
21568 19147
21569 18348
21570 18051
21571 19272
21572 19751
21573 19602
21574 19312
21575 19829
21576 18652
21577 18324
21578 18668
21579 19304
21580 19873
21581 18935
21582 19378
21583 19657
21584 18255
21585 19467
21586 19794
21587 18598
21588 18829
21589 18267
21590 18003
21591 18635
21592 19733
21593 18478
21594 19597
21595 19613
21596 19107
21597 19654
21598 19007
21599 19196
21600 19101
21601 19866
21602 18966
21603 19036
21604 18758
21605 19918
21606 18485
21607 18209
21608 19653
21609 18051
21610 19578
21611 19231
21612 18410
21613 18271
21614 18001
21615 18850
21616 19148
21617 18366
21618 19803
21619 19326
21620 19411
21621 19473
21622 19365
21623 19732
21624 18235
21625 18598
21626 19241
21627 18897
21628 19686
21629 19022
21630 18323
21631 19180
21632 18810
21633 18692
21634 18035
21635 18368
21636 18224
21637 18647
21638 18243
21639 19688
21640 19541
21641 19121
21642 18204
21643 18863
21644 19143
21645 19962
21646 19366
21647 19180
21648 19426
21649 18127
21650 19145
21651 19770
21652 18293
21653 19274
21654 18254
21655 19824
21656 18494
21657 19194
21658 19819
21659 18242
21660 19863
21661 18492
21662 19523
21663 18695
21664 18499
21665 19697
21666 19293
21667 19781
21668 19658
21669 19212
21670 18737
21671 19788
21672 18235
21673 19375
21674 19829
21675 19650
21676 19606
21677 19427
21678 19258
21679 19174
21680 19304
21681 18754
21682 19115
21683 18909
21684 18606
21685 19524
21686 18949
21687 18382
21688 19443
21689 18697
21690 18946
21691 18388
21692 19957
21693 18408
21694 18078
21695 18247
21696 19338
21697 19158
21698 19305
21699 18516
21700 18680
21701 19932
21702 19713
21703 18536
21704 18073
21705 18609
21706 18011
21707 19450
21708 19658
21709 19439
21710 18295
21711 19209
21712 18121
21713 19706
21714 19775
21715 19183
21716 18938
21717 19896
21718 19958
21719 18880
21720 18266
21721 18523
21722 18525
21723 18112
21724 18207
21725 19578
21726 18511
21727 19575
21728 19109
21729 19849
21730 18697
21731 18032
21732 19382
21733 19196
21734 19775
21735 18574
21736 18139
21737 18312
21738 19266
21739 19401
21740 18547
21741 19431
21742 19976
21743 18069
21744 18118
21745 18346
21746 18578
21747 18476
21748 18448
21749 19200
21750 18112
21751 19580
21752 18705
21753 19989
21754 19598
21755 19840
21756 18840
21757 19097
21758 18738
21759 18946
21760 18796
21761 18922
21762 18543
21763 19974
21764 19988
21765 18448
21766 19655
21767 18172
21768 18223
21769 19297
21770 18426
21771 18240
21772 19139
21773 18683
21774 19226
21775 18652
21776 18976
21777 18020
21778 18663
21779 19081
21780 18088
21781 19506
21782 18356
21783 19863
21784 19465
21785 19732
21786 18751
21787 19305
21788 19871
21789 19669
21790 18116
21791 19739
21792 19871
21793 19806
21794 19743
21795 19245
21796 18298
21797 19561
21798 19455
21799 18415
21800 18500
21801 19680
21802 18219
21803 19885
21804 19575
21805 18297
21806 19224
21807 18603
21808 19797
21809 18249
21810 19127
21811 18687
21812 19195
21813 19899
21814 19738
21815 19565
21816 18036
21817 18254
21818 18192
21819 19296
21820 18780
21821 18222
21822 18266
21823 18999
21824 18172
21825 18345
21826 18437
21827 19204
21828 19107
21829 18150
21830 18375
21831 18305
21832 19083
21833 19687
21834 19095
21835 18848
21836 19665
21837 18717
21838 18430
21839 18540
21840 19007
21841 19850
21842 18221
21843 18505
21844 18018
21845 19347
21846 19425
21847 19884
21848 18705
21849 18873
21850 19167
21851 18494
21852 19419
21853 19874
21854 18273
21855 19227
21856 19792
21857 19852
21858 19218
21859 18330
21860 18509
21861 18730
21862 19006
21863 18605
21864 19587
21865 18731
21866 19481
21867 18649
21868 18302
21869 18090
21870 18517
21871 18356
21872 19980
21873 18093
21874 18214
21875 19277
21876 19385
21877 18765
21878 18701
21879 18884
21880 18436
21881 19238
21882 18934
21883 18672
21884 18310
21885 19059
21886 19040
21887 19395
21888 18351
21889 19547
21890 18103
21891 18312
21892 19710
21893 18717
21894 18683
21895 18286
21896 19299
21897 19722
21898 18861
21899 18829
21900 18116
21901 18843
21902 18520
21903 19523
21904 19262
21905 18162
21906 18050
21907 19560
21908 18209
21909 18936
21910 18328
21911 19283
21912 18447
21913 18279
21914 19806
21915 19538
21916 19128
21917 18950
21918 18940
21919 18650
21920 19214
21921 19378
21922 19860
21923 19028
21924 19414
21925 19421
21926 18169
21927 18688
21928 18403
21929 19849
21930 19526
21931 19959
21932 18968
21933 19831
21934 19538
21935 18146
21936 19313
21937 19000
21938 19022
21939 18471
21940 18724
21941 19562
21942 18886
21943 18721
21944 19645
21945 19475
21946 19475
21947 19431
21948 19149
21949 19821
21950 18044
21951 18406
21952 18511
21953 18386
21954 18719
21955 18051
21956 18930
21957 18043
21958 18010
21959 19894
21960 18166
21961 18101
21962 18275
21963 19559
21964 19772
21965 18931
21966 19618
21967 19616
21968 19466
21969 18212
21970 18221
21971 18324
21972 18401
21973 18927
21974 19446
21975 19379
21976 18870
21977 19931
21978 19807
21979 19167
21980 19576
21981 19133
21982 18277
21983 19242
21984 19013
21985 18499
21986 19478
21987 18167
21988 19553
21989 19871
21990 18285
21991 19915
21992 18655
21993 18764
21994 18816
21995 19431
21996 19359
21997 19346
21998 18923
21999 18687
18434 16843
18436 17889
18437 16227
18439 16919
18440 17478
18441 17443
18442 16651
18445 16933
18446 16939
18447 17314
18448 16920
18450 17151
18451 17870
18452 17885
18454 17538
18455 17673
18457 17743
18460 17221
18461 16767
18462 16899
18466 16104
18467 17009
18470 17362
18471 16941
18473 17621
18474 17536
18475 16825
18476 17648
18477 17274
18478 17174
18479 16644
18482 16890
18484 17793
18485 17874
18488 17590
18492 17769
18494 16295
18498 17614
18499 16038
18500 16586
18501 17267
18502 16228
18505 17890
18509 17625
18510 17059
18511 16215
18513 16398
18516 16717
18517 17076
18518 17471
18520 16644
18522 16463
18523 17163
18525 16808
18527 16304
18530 16849
18531 17457
18535 16995
18536 17318
18540 16682
18542 16357
18543 17888
18544 16598
18547 17285
18549 17411
18550 16794
18551 16523
18552 16409
18555 16578
18556 16527
18557 17941
18559 17139
18561 16906
18563 17712
18565 17064
18567 16712
18568 16178
18570 17907
18571 16177
18572 17714
18573 17434
18574 17141
18575 17868
18578 16035
18579 17845
18580 17880
18581 16835
18585 17281
18588 16928
18589 17220
18591 16740
18596 17639
18598 17125
18602 17088
18603 16372
18605 16743
18606 17788
18608 16377
18609 16157
18610 17136
18611 17324
18612 17135
18617 16538
18618 17881
18619 16999
18620 16252
18621 17775
18622 16581
18623 16274
18624 17932
18625 17622
18626 16544
18630 17457
18635 17946
18636 16065
18637 16020
18638 17552
18641 16763
18642 16779
18644 17823
18647 16420
18649 17150
18650 16486
18652 16795
18655 17834
18657 17566
18659 16282
18660 17695
18661 17392
18662 17705
18663 16353
18664 17224
18665 16515
18666 16471
18668 16189
18669 16969
18672 16774
18675 17341
18676 16676
18677 16173
18679 16139
18680 17573
18681 16088
18682 16664
18683 16833
18684 17941
18687 16679
18688 17431
18691 16557
18692 17985
18695 17197
18696 17968
18697 16214
18701 17686
18702 17417
18703 16167
18705 17449
18706 17245
18707 17509
18708 17774
18709 16356
18710 16820
18713 17377
18714 16346
18715 16600
18717 16164
18718 17949
18719 16887
18721 17660
18722 16977
18724 17971
18725 16784
18727 16263
18730 17263
18731 16256
18732 16745
18735 17736
18737 16539
18738 16774
18740 17843
18741 17763
18742 17242
18744 16604
18747 17526
18749 17898
18750 17543
18751 16152
18754 17149
18756 17397
18758 17816
18760 16511
18762 16108
18764 16744
18765 17163
18767 17550
18768 17291
18769 16368
18771 17125
18773 16807
18775 16046
18776 16675
18777 17375
18779 16580
18780 17959
18781 16710
18783 16919
18787 17542
18788 16098
18789 16738
18791 17938
18792 16766
18794 16279
18795 17798
18796 16139
18797 16686
18798 16762
18799 17182
18800 17101
18802 16081
18803 16736
18804 16791
18806 16024
18807 16234
18808 17156
18810 17760
18811 16590
18812 17066
18813 16431
18815 16795
18816 17145
18817 17093
18821 17463
18822 16932
18823 16769
18825 17632
18829 16399
18830 16345
18831 16345
18832 16133
18833 17984
18834 17316
18835 17354
18836 17308
18837 16566
18838 16548
18840 16586
18841 17306
18842 16356
18843 16818
18844 16161
18845 17433
18846 17457
18848 16240
18849 16394
18850 17686
18851 16168
18852 17125
18853 17295
18856 17571
18859 17879
18860 17103
18861 16494
18863 16024
18865 17252
18866 17677
18867 16352
18869 16309
18870 16304
18873 16979
18874 16245
18875 16330
18879 17020
18880 16423
18881 17547
18883 16280
18884 17660
18886 16037
18889 16176
18890 17965
18892 17276
18897 16801
18900 16771
18902 17293
18906 16309
18908 17246
18909 17189
18910 17367
18911 16973
18912 16654
18913 16383
18914 17068
18917 17693
18918 17653
18922 17042
18923 16355
18924 17389
18925 17523
18927 17104
18929 16059
18930 16575
18931 17512
18933 16800
18934 17602
18935 16443
18936 16909
18938 17384
18940 17765
18941 16114
18942 17373
18944 17259
18946 17090
18947 16272
18948 17234
18949 16120
18950 17221
18952 16830
18953 17170
18954 16416
18955 17569
18958 16006
18959 17629
18961 17638
18962 17419
18963 17376
18965 16830
18966 16105
18968 16407
18973 16153
18975 16777
18976 16557
18977 16239
18978 17397
18979 17481
18981 16413
18984 17522
18985 16770
18987 17290
18988 16078
18989 17941
18991 16244
18992 17549
18994 16552
18995 17331
18996 16176
18997 16285
18999 16803
19000 17427
19005 17345
19006 16541
19007 16145
19009 16448
19012 16123
19013 16842
19015 16573
19017 17017
19018 16416
19022 17849
19023 17285
19024 17439
19025 16686
19028 16457
19029 16436
19030 17721
19031 17968
19033 17605
19035 16072
19036 16893
19037 17399
19038 16063
19040 17412
19041 16589
19043 17327
19044 16409
19045 16801
19047 16192
19049 16858
19054 16328
19059 17808
19061 17445
19063 17814
19068 17488
19070 17874
19072 17475
19074 16414
19076 17290
19077 17098
19078 17958
19079 17007
19080 17850
19081 17822
19082 16925
19083 16872
19084 16347
19085 17237
19086 17769
19089 17581
19093 17980
19094 17157
19095 17969
19096 16347
19097 17969
19098 17818
19099 16609
19101 16757
19106 17396
19107 16953
19108 17581
19109 17350
19111 17839
19112 16379
19114 16931
19115 17378
19116 16698
19118 17420
19119 16858
19120 17578
19121 17938
19125 16889
19126 17628
19127 17889
19128 16196
19129 17428
19133 17704
19134 16788
19137 17011
19138 16729
19139 17592
19140 17084
19141 16645
19142 17712
19143 17224
19144 16941
19145 16074
19147 17784
19148 17135
19149 17953
19151 17391
19152 16314
19154 17188
19157 16589
19158 17549
19160 17319
19162 17892
19163 16155
19165 16917
19166 16812
19167 17416
19168 16458
19172 16017
19174 16286
19175 17839
19176 17496
19180 16751
19181 16405
19183 17655
19184 17902
19186 17931
19189 16287
19191 17708
19194 17251
19195 17424
19196 16622
19200 17570
19201 16311
19202 16539
19204 16425
19208 17990
19209 17809
19211 16014
19212 16899
19214 17453
19215 17254
19216 16652
19217 17525
19218 16485
19224 17126
19226 17442
19227 16529
19230 17693
19231 17082
19238 16191
19239 17998
19240 16629
19241 16510
19242 17986
19244 16771
19245 16803
19247 17418
19248 16668
19250 16175
19256 17810
19258 17412
19260 17491
19262 17401
19266 16379
19268 16971
19271 16946
19272 17033
19274 16253
19275 16565
19276 16003
19277 16599
19278 17918
19279 17519
19281 16866
19283 16947
19284 17569
19285 17847
19286 17381
19287 16897
19290 17924
19291 17870
19292 17795
19293 17328
19296 16248
19297 16556
19299 16830
19300 16543
19302 17911
19304 17810
19305 16169
19309 17210
19310 16488
19312 17115
19313 16219
19314 17390
19315 16413
19318 17187
19320 16666
19325 17271
19326 16355
19327 17942
19328 16841
19329 17393
19330 17604
19331 17780
19332 17207
19336 17387
19337 17110
19338 17293
19340 17087
19341 17133
19345 16070
19346 16713
19347 16262
19349 16354
19350 16136
19351 16822
19354 17685
19355 17826
19357 16811
19358 17622
19359 17242
19362 16784
19363 17612
19364 17877
19365 17063
19366 16331
19367 17872
19368 16446
19370 17866
19373 16270
19374 17707
19375 17553
19377 16942
19378 17744
19379 16139
19381 17177
19382 17874
19383 17787
19384 16246
19385 17832
19387 17730
19388 16807
19390 17926
19392 16941
19393 17435
19394 17920
19395 16342
19396 16619
19397 17746
19400 16216
19401 16957
19403 17987
19405 16350
19408 17823
19410 16310
19411 17673
19412 17918
19413 16135
19414 17979
19416 17648
19417 16647
19418 17162
19419 16471
19420 17936
19421 17728
19424 17698
19425 17125
19426 17685
19427 16237
19429 16828
19431 16235
19435 16453
19436 17907
19438 17890
19439 17462
19440 17915
19441 16525
19443 16381
19444 16913
19445 17619
19446 17896
19447 16871
19448 17332
19449 17527
19450 17444
19451 16618
19452 17350
19453 17507
19454 17797
19455 17421
19457 16627
19459 16484
19460 16589
19465 16427
19466 16837
19467 17163
19468 17688
19470 16450
19471 16702
19472 17633
19473 17683
19475 17239
19478 16386
19479 17674
19480 17218
19481 17722
19482 16382
19484 16905
19485 17358
19486 17779
19487 16438
19489 16203
19490 17862
19494 17086
19495 16545
19496 16923
19497 17064
19498 17499
19503 17647
19504 16110
19506 16802
19508 17943
19510 16076
19512 17022
19514 17336
19516 17126
19517 16522
19519 16027
19521 16560
19523 17454
19524 16765
19526 16121
19527 16813
19529 16910
19530 16339
19532 16278
19533 16069
19534 16516
19535 17572
19538 17036
19539 16738
19540 17496
19541 16220
19542 16550
19543 16069
19544 16529
19545 16929
19546 16064
19547 16484
19548 17615
19549 17166
19550 16436
19551 17020
19552 17212
19553 16486
19554 16471
19555 17927
19556 16869
19558 17552
19559 16888
19560 16577
19561 17142
19562 17307
19564 16412
19565 16041
19566 16892
19567 16490
19569 17957
19573 16431
19575 16641
19576 16099
19577 17592
19578 16400
19579 17679
19580 17783
19586 17771
19587 16105
19596 16606
19597 17054
19598 16699
19600 16202
19601 17772
19602 16670
19603 16517
19604 16001
19606 17769
19608 17541
19609 17562
19612 16766
19613 17483
19614 16512
19616 17735
19618 16930
19619 17148
19620 17643
19623 16122
19624 16625
19626 17566
19629 17617
19630 16142
19631 16951
19634 16738
19635 17383
19636 16310
19637 17234
19639 17670
19643 17549
19644 16927
19645 16059
19648 16376
19650 16729
19653 16760
19654 16301
19655 17155
19656 16035
19657 16970
19658 17574
19659 17264
19660 17519
19661 17854
19662 16254
19663 16563
19664 17347
19665 17085
19667 16606
19669 17456
19672 17942
19674 16751
19676 16564
19678 16385
19679 17146
19680 16125
19681 16386
19682 16311
19683 16661
19686 17061
19687 16718
19688 16583
19690 17683
19691 17336
19697 16907
19699 16135
19701 16267
19702 17705
19704 17799
19706 16668
19708 16557
19710 17169
19711 17340
19712 17410
19713 17323
19714 17194
19715 17026
19716 16584
19718 17617
19721 17477
19722 17054
19724 16029
19725 16044
19729 17974
19731 16777
19732 17699
19733 17435
19734 16363
19738 17950
19739 16116
19743 16150
19744 17476
19746 16662
19750 17435
19751 17387
19755 16996
19757 16293
19758 17981
19759 17603
19760 16467
19761 17289
19762 16005
19764 17066
19765 16777
19766 16543
19768 16138
19770 17410
19771 17082
19772 16613
19775 17287
19776 17332
19777 17224
19779 16519
19780 16834
19781 16382
19782 16385
19783 16935
19785 16623
19788 17107
19790 17619
19791 16394
19792 17190
19793 17129
19794 17476
19795 16041
19797 17305
19798 16535
19799 16381
19801 16229
19802 17140
19803 17935
19804 16701
19805 16606
19806 17919
19807 16384
19809 17426
19810 16740
19814 16701
19815 16737
19816 16258
19817 17263
19819 17817
19821 16884
19822 16981
19824 17486
19825 17401
19828 17667
19829 17064
19830 17912
19831 16181
19837 17509
19838 16107
19839 17104
19840 16012
19841 16333
19842 16350
19844 17571
19846 16718
19849 17950
19850 17936
19851 17258
19852 17362
19854 16657
19856 16549
19857 17673
19859 16116
19860 16840
19863 16484
19864 17436
19866 17355
19868 17088
19871 16883
19873 17200
19874 17345
19876 17785
19877 16925
19878 16040
19881 17556
19883 16147
19884 16737
19885 16953
19886 17534
19889 16082
19890 17526
19892 16217
19894 17875
19895 17727
19896 17827
19897 17903
19899 16812
19900 17160
19902 17323
19904 16771
19905 16776
19908 17042
19911 16118
19912 16082
19915 17005
19916 17604
19917 16673
19918 17977
19922 17854
19923 17924
19924 17155
19925 16344
19927 17560
19928 16130
19931 17232
19932 16338
19933 16972
19934 16071
19935 17861
19936 17275
19942 16025
19944 17833
19945 16588
19948 17770
19949 16342
19951 16106
19955 16770
19956 17200
19957 17011
19958 17126
19959 17449
19962 16594
19963 16726
19965 16476
19966 17507
19968 16823
19969 16233
19973 17875
19974 16278
19976 16461
19978 17969
19979 17815
19980 16113
19982 17012
19984 17605
19985 17754
19986 16006
19988 17150
19989 17056
19990 16687
19991 17326
19996 16014
19997 16697
19998 17932
19999 17747
18000 16832
18001 17495
18002 17832
18003 16686
18004 16334
18005 17124
18006 16084
18007 17165
18008 17915
18010 16500
18011 16048
18013 16474
18015 17588
18018 17383
18020 17571
18021 17215
18022 16459
18026 16886
18029 16842
18032 17735
18033 16785
18034 16425
18035 17814
18036 16703
18042 16401
18043 17411
18044 16722
18045 17033
18046 16775
18048 17478
18050 16570
18051 16697
18055 16351
18057 16408
18058 17009
18059 17959
18060 17570
18062 17025
18063 16548
18066 16665
18067 16631
18069 16611
18073 16913
18075 16622
18077 16187
18078 17233
18079 17262
18082 17237
18084 16196
18085 16037
18086 16308
18087 16862
18088 17272
18090 17161
18093 17375
18095 17622
18096 16529
18097 16995
18099 16012
18100 16891
18101 16397
18102 17546
18103 16570
18107 17283
18109 17892
18111 17097
18112 17504
18114 16367
18116 16894
18118 16407
18120 17623
18121 16789
18123 17167
18124 17715
18125 17403
18126 17014
18127 17828
18129 17848
18131 16970
18133 17207
18134 16733
18136 17197
18137 17821
18139 17612
18141 16716
18142 16272
18144 16486
18145 17046
18146 16005
18149 16896
18150 16413
18153 16201
18154 16523
18155 17015
18157 16343
18158 17641
18159 17901
18160 17079
18161 16618
18162 16322
18164 17364
18165 16328
18166 16490
18167 16268
18169 17923
18172 16104
18175 17522
18179 16150
18180 16364
18181 16839
18182 16923
18183 17454
18184 16691
18185 16830
18186 16555
18191 16254
18192 17982
18195 16783
18196 17926
18198 16714
18199 16986
18201 16814
18202 17517
18204 17731
18205 17290
18206 17823
18207 16119
18209 17801
18210 16105
18211 17766
18212 16878
18213 16730
18214 16814
18215 17101
18217 17807
18219 17288
18220 16106
18221 16623
18222 16330
18223 17751
18224 17677
18226 16801
18228 17943
18231 17350
18232 17426
18235 17260
18237 16376
18238 17361
18239 16801
18240 17778
18242 16307
18243 16664
18247 17841
18248 17553
18249 17732
18251 16205
18252 17615
18253 16050
18254 16251
18255 16722
18257 16120
18258 16658
18260 17620
18261 16847
18262 17557
18266 16133
18267 17877
18269 17946
18271 17362
18272 17257
18273 16421
18275 17818
18277 17928
18278 17189
18279 16009
18281 17298
18282 17065
18284 16733
18285 17892
18286 16547
18287 16956
18290 16727
18292 16026
18293 17704
18294 16214
18295 16919
18297 17359
18298 17566
18299 16523
18300 16433
18301 16626
18302 16232
18303 16329
18304 16814
18305 17356
18307 16943
18309 17803
18310 17787
18312 16105
18313 17434
18314 16293
18318 16466
18319 16011
18321 16069
18322 16431
18323 16193
18324 17999
18325 17899
18328 16382
18330 17481
18331 16054
18335 16209
18336 16921
18337 17429
18338 16127
18340 16666
18341 17653
18342 16954
18345 16761
18346 17871
18347 16521
18348 16692
18350 17665
18351 16545
18352 16419
18354 17116
18355 17419
18356 16571
18359 17419
18360 16705
18363 17127
18364 16540
18366 17218
18367 17998
18368 16387
18372 17962
18374 17667
18375 16616
18376 17576
18377 17349
18378 16590
18382 16273
18384 16557
18385 17567
18386 16627
18387 17782
18388 16582
18389 17104
18391 16305
18393 17959
18395 16760
18399 16125
18400 17738
18401 17758
18402 16304
18403 16437
18404 17849
18406 17685
18408 16489
18410 16578
18415 17492
18416 17373
18417 16478
18418 17552
18422 16034
18425 17839
18426 16417
18427 17778
18428 16983
18430 17229
18431 17001
16384 15454
16385 14040
16386 15354
16387 14226
16394 14535
16397 15103
16398 15248
16399 14622
16400 14542
16401 15387
16405 14733
16407 14629
16408 14545
16409 15496
16412 15239
16413 15973
16414 15314
16416 15242
16417 14281
16419 15539
16420 14698
16421 14025
16423 15207
16425 15212
16427 15949
16431 14600
16433 15369
16436 15002
16437 15180
16438 15493
16443 15097
16446 15360
16448 14244
16450 14627
16453 14174
16457 14924
16458 15173
16459 14425
16461 15998
16463 15259
16466 15406
16467 15402
16471 14566
16474 14864
16476 14007
16478 14971
16484 14490
16485 14886
16486 14974
16488 14383
16489 14660
16490 14007
16494 15638
16500 15667
16510 15385
16511 15079
16512 15378
16515 14800
16516 15217
16517 15597
16519 15277
16521 15573
16522 15192
16523 15661
16525 14695
16527 15071
16529 14456
16535 14694
16538 14394
16539 15661
16540 14351
16541 15683
16543 15340
16544 15597
16545 14975
16547 15450
16548 14832
16549 14811
16550 15886
16552 15486
16555 15525
16556 15046
16557 15978
16560 15105
16563 14796
16564 14471
16565 15637
16566 15857
16570 14680
16571 14934
16573 15814
16575 14170
16577 14504
16578 14358
16580 15161
16581 15989
16582 14231
16583 14483
16584 14853
16586 15382
16588 14921
16589 15909
16590 14720
16594 14860
16598 14501
16599 14493
16600 14524
16604 15581
16606 15808
16609 14083
16611 14606
16613 15874
16616 14576
16618 15717
16619 14586
16622 14943
16623 15577
16625 15636
16626 14176
16627 14520
16629 14949
16631 15135
16641 15069
16644 14318
16645 14191
16647 15732
16651 14168
16652 15416
16654 15002
16657 14149
16658 15399
16661 15779
16662 14419
16664 14654
16665 15854
16666 15604
16668 14354
16670 14610
16673 14633
16675 14212
16676 14521
16679 14824
16682 14784
16686 14432
16687 15772
16691 14182
16692 14628
16697 15288
16698 14769
16699 14025
16701 14791
16702 14545
16703 15073
16705 14360
16710 15933
16712 14712
16713 14253
16714 15482
16716 15991
16717 15968
16718 14140
16722 14235
16726 14309
16727 15429
16729 14002
16730 15767
16733 15648
16736 15103
16737 15313
16738 15492
16740 15552
16743 15051
16744 14796
16745 14458
16751 15007
16757 15990
16760 15968
16761 15729
16762 15164
16763 14201
16765 14961
16766 14884
16767 14435
16769 14684
16770 15177
16771 15577
16774 14396
16775 15822
16776 15483
16777 14486
16779 14241
16783 14093
16784 15787
16785 14061
16788 15089
16789 15321
16791 14671
16794 15017
16795 15060
16800 14602
16801 14745
16802 15263
16803 14397
16807 14793
16808 15802
16811 14609
16812 14923
16813 14001
16814 14021
16818 14490
16820 14436
16822 14459
16823 14992
16825 15655
16828 14649
16830 15060
16832 14242
16833 14299
16834 14536
16835 15961
16837 15057
16839 14912
16840 14406
16841 14002
16842 14699
16843 14694
16847 15414
16849 15865
16858 15223
16862 15433
16866 15707
16869 15367
16871 15183
16872 15626
16878 14230
16883 15154
16884 15516
16886 15796
16887 14252
16888 14736
16889 14869
16890 15621
16891 14770
16892 15592
16893 14486
16894 14230
16896 14898
16897 15598
16899 14858
16905 14990
16906 14597
16907 14219
16909 15221
16910 15244
16913 14941
16917 15704
16919 14700
16920 15252
16921 15931
16923 14051
16925 15336
16927 15857
16928 15253
16929 15140
16930 14078
16931 14402
16932 15583
16933 14579
16935 15278
16939 15920
16941 14464
16942 15140
16943 14949
16946 15935
16947 14804
16951 15736
16953 14877
16954 14974
16956 15321
16957 14356
16969 14474
16970 14076
16971 14057
16972 14704
16973 14778
16977 14281
16979 15662
16981 15443
16983 14533
16986 15160
16995 14965
16996 15471
16999 14584
17001 15697
17005 14726
17007 14537
17009 15811
17011 14150
17012 15131
17014 15466
17015 15064
17017 14838
17020 15207
17022 15071
17025 15384
17026 14100
17033 14927
17036 14659
17042 15119
17046 14216
17054 15415
17056 15289
17059 15568
17061 14014
17063 15087
17064 15718
17065 15457
17066 15423
17068 15272
17076 14364
17079 15424
17082 14566
17084 14646
17085 14042
17086 14783
17087 14785
17088 14710
17090 14300
17093 15591
17097 14680
17098 15342
17101 15752
17103 14117
17104 15529
17107 15530
17110 14453
17115 14113
17116 15606
17124 15411
17125 14923
17126 15990
17127 15042
17129 15199
17133 14636
17135 15376
17136 15508
17139 14147
17140 14116
17141 15700
17142 15389
17145 15357
17146 14043
17148 14082
17149 14749
17150 15666
17151 14109
17155 15365
17156 14833
17157 15398
17160 14596
17161 15711
17162 15617
17163 14641
17165 15499
17166 15789
17167 14851
17169 15982
17170 15584
17174 14637
17177 15755
17182 14468
17187 15234
17188 15109
17189 15615
17190 14189
17194 15029
17197 14342
17200 15580
17207 15723
17210 14196
17212 14668
17215 15932
17218 15287
17220 15277
17221 14526
17224 15615
17229 14933
17232 15184
17233 14023
17234 14342
17237 14853
17239 15568
17242 15505
17245 15843
17246 15309
17251 14799
17252 15012
17254 15297
17257 14337
17258 15669
17259 14512
17260 15771
17262 15409
17263 14931
17264 15703
17267 14652
17271 15733
17272 15200
17274 14159
17275 15784
17276 15602
17281 14762
17283 14688
17285 15826
17287 14916
17288 15147
17289 14073
17290 14937
17291 14741
17293 15050
17295 15816
17298 14062
17305 15289
17306 15189
17307 15097
17308 14470
17314 14107
17316 14301
17318 14801
17319 15257
17323 14755
17324 14931
17326 15125
17327 15701
17328 14259
17331 15713
17332 15003
17336 15164
17340 14647
17341 14250
17345 14014
17347 14086
17349 14093
17350 14504
17354 14419
17355 15127
17356 14442
17358 14254
17359 14461
17361 15397
17362 15209
17364 14936
17367 15683
17373 15829
17375 15064
17376 15156
17377 14376
17378 15254
17381 15548
17383 15343
17384 15515
17387 14084
17389 14267
17390 15864
17391 15605
17392 14448
17393 15729
17396 15158
17397 14621
17399 14216
17401 14506
17403 15537
17410 15682
17411 14247
17412 14597
17416 14316
17417 14251
17418 15851
17419 15123
17420 15533
17421 15936
17424 15361
17426 15012
17427 15222
17428 15853
17429 15679
17431 15668
17433 14654
17434 15234
17435 15589
17436 14646
17439 15627
17442 15280
17443 14311
17444 14796
17445 14775
17449 15375
17453 15525
17454 15424
17456 14346
17457 14746
17462 14237
17463 14835
17471 14314
17475 15751
17476 15557
17477 14448
17478 14085
17481 15263
17483 14313
17486 14975
17488 14532
17491 14628
17492 15077
17495 14254
17496 15834
17499 15303
17504 15753
17507 15813
17509 14088
17512 14262
17517 14820
17519 14833
17522 15572
17523 15618
17525 15711
17526 15408
17527 14983
17534 14305
17536 15054
17538 15321
17541 15090
17542 14251
17543 14175
17546 15409
17547 15759
17549 15539
17550 14146
17552 15715
17553 14475
17556 14252
17557 15524
17560 14694
17562 15687
17566 15136
17567 14766
17569 14484
17570 15134
17571 14561
17572 14930
17573 15734
17574 14767
17576 15775
17578 15290
17581 15858
17588 15691
17590 14023
17592 15630
17602 14944
17603 14169
17604 15871
17605 14473
17612 15406
17614 14981
17615 14095
17617 15768
17619 14857
17620 14817
17621 14740
17622 15548
17623 14204
17625 15560
17628 14977
17629 15199
17632 15645
17633 14962
17638 15790
17639 15768
17641 14266
17643 15486
17647 14530
17648 14775
17653 15666
17655 15933
17660 14296
17665 14761
17667 14200
17670 14564
17673 14841
17674 14573
17677 15236
17679 15467
17683 15258
17685 14269
17686 14357
17688 15975
17693 15697
17695 14048
17698 14687
17699 15049
17704 15231
17705 14550
17707 15219
17708 15856
17712 14770
17714 15209
17715 15161
17721 15374
17722 14403
17727 15347
17728 15742
17730 14021
17731 15605
17732 15480
17735 14596
17736 15203
17738 15352
17743 15872
17744 14456
17746 15345
17747 14565
17751 14808
17754 15377
17758 15068
17760 14955
17763 15135
17765 14160
17766 14143
17769 14173
17770 14571
17771 14763
17772 15679
17774 15454
17775 14235
17778 15447
17779 15240
17780 15671
17782 14457
17783 15955
17784 14001
17785 15954
17787 14385
17788 14148
17793 14454
17795 15725
17797 14502
17798 15719
17799 14637
17801 15341
17803 15013
17807 14915
17808 14258
17809 15851
17810 14492
17814 14196
17815 15577
17816 15658
17817 15028
17818 14097
17821 15440
17822 15968
17823 15102
17826 14559
17827 14280
17828 14827
17832 15365
17833 15408
17834 15481
17839 15873
17841 14451
17843 14213
17845 15024
17847 15319
17848 14197
17849 15676
17850 14794
17854 15712
17861 14149
17862 14196
17866 15523
17868 15517
17870 15054
17871 15400
17872 15843
17874 14489
17875 15784
17877 15932
17879 15660
17880 14703
17881 14078
17885 14403
17888 14851
17889 15194
17890 15999
17892 14209
17896 15669
17898 14358
17899 15940
17901 14730
17902 15431
17903 14441
17907 14070
17911 15265
17912 14218
17915 14720
17918 14725
17919 14784
17920 15125
17923 15588
17924 14274
17926 15136
17927 14222
17928 15505
17931 15772
17932 14072
17935 15428
17936 14252
17938 15734
17941 15713
17942 14362
17943 14488
17946 15126
17949 14322
17950 14429
17953 15763
17957 15420
17958 15035
17959 15485
17962 15952
17965 14752
17968 14432
17969 15893
17971 15511
17974 15224
17977 14999
17979 14806
17980 14786
17981 15433
17982 14684
17984 15049
17985 15933
17986 15998
17987 15198
17990 15489
17998 14244
17999 14116
16001 15606
16003 14698
16005 14488
16006 14886
16009 15203
16011 15439
16012 15653
16014 14869
16017 14634
16020 14248
16024 15627
16025 15770
16026 15792
16027 15179
16029 14112
16034 15598
16035 15503
16037 15851
16038 15022
16040 14791
16041 14659
16044 14560
16046 15927
16048 14645
16050 15218
16054 15182
16059 15583
16063 14941
16064 15605
16065 15672
16069 14558
16070 14298
16071 15636
16072 15717
16074 15778
16076 14487
16078 15522
16081 15343
16082 14837
16084 14022
16088 15673
16098 15534
16099 15785
16104 15517
16105 14827
16106 14871
16107 15137
16108 14216
16110 14309
16113 14629
16114 15452
16116 14075
16118 14559
16119 15772
16120 14268
16121 15935
16122 14508
16123 15878
16125 15825
16127 15649
16130 14205
16133 15179
16135 15590
16136 14912
16138 15587
16139 14934
16142 15889
16145 15546
16147 14297
16150 15053
16152 15876
16153 14882
16155 14421
16157 14695
16161 14301
16164 14607
16167 14174
16168 15728
16169 14985
16173 15751
16175 15633
16176 15007
16177 14083
16178 14424
16181 15431
16187 14709
16189 14089
16191 14661
16192 15671
16193 15977
16196 14645
16201 15365
16202 15254
16203 15412
16205 14834
16209 15584
16214 15018
16215 14043
16216 15120
16217 14124
16219 15958
16220 14805
16227 14203
16228 14781
16229 14568
16232 14730
16233 15750
16234 14436
16235 14333
16237 14839
16239 14474
16240 14503
16244 14685
16245 15848
16246 15899
16248 14526
16251 15272
16252 15990
16253 15354
16254 14935
16256 15413
16258 14202
16262 15352
16263 14540
16267 15770
16268 15228
16270 14411
16272 15759
16273 15077
16274 14224
16278 15754
16279 14160
16280 14868
16282 15747
16285 14989
16286 14556
16287 14188
16293 15541
16295 15177
16301 14893
16304 15794
16305 14932
16307 14342
16308 14072
16309 14613
16310 15544
16311 15039
16314 14756
16322 14180
16328 15294
16329 15630
16330 15831
16331 14287
16333 14032
16334 15441
16338 14067
16339 15695
16342 14069
16343 15112
16344 14621
16345 15308
16346 14133
16347 14784
16350 15407
16351 15427
16352 14524
16353 14856
16354 15375
16355 15000
16356 14204
16357 14460
16363 14010
16364 14104
16367 14706
16368 15192
16372 14533
16376 14195
16377 14345
16379 15145
16381 15383
16382 14496
16383 15131
14337 12263
14342 13419
14345 12037
14346 13293
14351 13288
14354 13758
14356 13069
14357 12571
14358 12178
14360 13312
14362 13649
14364 12311
14376 13544
14383 13149
14385 12339
14394 13277
14396 13669
14397 13166
14402 12177
14403 12698
14406 12844
14411 12632
14419 12567
14421 13139
14424 13584
14425 13026
14429 13476
14432 13781
14435 13372
14436 12555
14441 13922
14442 13967
14448 12321
14451 13804
14453 13186
14454 12523
14456 12749
14457 12478
14458 12459
14459 13684
14460 13034
14461 12181
14464 12968
14468 13466
14470 13600
14471 13813
14473 12194
14474 12021
14475 13551
14483 13057
14484 13926
14486 12253
14487 13614
14488 13406
14489 12385
14490 13193
14492 13374
14493 12112
14496 13258
14501 12349
14502 13435
14503 13004
14504 13400
14506 13107
14508 13711
14512 13213
14520 13628
14521 12532
14524 12633
14526 13693
14530 12528
14532 12269
14533 12980
14535 12084
14536 13533
14537 12440
14540 12025
14542 13999
14545 12780
14550 12773
14556 13112
14558 12182
14559 12770
14560 13537
14561 13111
14564 13950
14565 12963
14566 12804
14568 12177
14571 12161
14573 12695
14576 13820
14579 12313
14584 13302
14586 13977
14596 13253
14597 13232
14600 12148
14602 12693
14606 13950
14607 12385
14609 13052
14610 12228
14613 12795
14621 13939
14622 13382
14627 12443
14628 12104
14629 12619
14633 13891
14634 12889
14636 12941
14637 13490
14641 13054
14645 13326
14646 12440
14647 12098
14649 12740
14652 12284
14654 13583
14659 13414
14660 12416
14661 12609
14668 13830
14671 13081
14680 12708
14684 12252
14685 12882
14687 12817
14688 12500
14694 13419
14695 12842
14698 13264
14699 13405
14700 12687
14703 13269
14704 12403
14706 13012
14709 12590
14710 12687
14712 13642
14720 12401
14725 13125
14726 12214
14730 12687
14733 12474
14736 12113
14740 13139
14741 12854
14745 12221
14746 12335
14749 12788
14752 13247
14755 12000
14756 13787
14761 13208
14762 12407
14763 12731
14766 12511
14767 12413
14769 12742
14770 13751
14775 13731
14778 12696
14781 13614
14783 12919
14784 12659
14785 13271
14786 12889
14791 13961
14793 13295
14794 13123
14796 13593
14799 13031
14800 13471
14801 13414
14804 13921
14805 12738
14806 13622
14808 13966
14811 12474
14817 13113
14820 12410
14824 13876
14827 12706
14832 12713
14833 13001
14834 13194
14835 13203
14837 12637
14838 13635
14839 12505
14841 13330
14851 12130
14853 13446
14856 13274
14857 13480
14858 13017
14860 12828
14864 12544
14868 13072
14869 13450
14871 12247
14877 12412
14882 13013
14884 13868
14886 13387
14893 12078
14898 13786
14912 13153
14915 12617
14916 12804
14921 13054
14923 12417
14924 12919
14927 13030
14930 13791
14931 13811
14932 13319
14933 12143
14934 13687
14935 12172
14936 13778
14937 13012
14941 13737
14943 13789
14944 13861
14949 13218
14955 13941
14961 12147
14962 12428
14965 13153
14971 13899
14974 13815
14975 13087
14977 12271
14981 12840
14983 13906
14985 12494
14989 13739
14990 13577
14992 13267
14999 12971
15000 13914
15002 13591
15003 12722
15007 12257
15012 12973
15013 13088
15017 12510
15018 13847
15022 13988
15024 13692
15028 12830
15029 13281
15035 12361
15039 12455
15042 13508
15046 13919
15049 12566
15050 12335
15051 12322
15053 13816
15054 13577
15057 13800
15060 12902
15064 12925
15068 12197
15069 13435
15071 13679
15073 12717
15077 12325
15079 12985
15087 12891
15089 13768
15090 13467
15097 12985
15102 12333
15103 13420
15105 12111
15109 12141
15112 13881
15119 13546
15120 12972
15123 12693
15125 13120
15126 13082
15127 13333
15131 12292
15134 12878
15135 12303
15136 12793
15137 13294
15140 12970
15145 12440
15147 13382
15154 12472
15156 13211
15158 12940
15160 13827
15161 13665
15164 13605
15173 12201
15177 12210
15179 13071
15180 12012
15182 12043
15183 12521
15184 12307
15189 12568
15192 13233
15194 12312
15198 13515
15199 12121
15200 13054
15203 12814
15207 13021
15209 12173
15212 12399
15217 13734
15218 13457
15219 12929
15221 13444
15222 12422
15223 12940
15224 12722
15228 12882
15231 12558
15234 13473
15236 13356
15239 13844
15240 12490
15242 13733
15244 13766
15248 12190
15252 13152
15253 13978
15254 13044
15257 13194
15258 12912
15259 12893
15263 13370
15265 13256
15272 12876
15277 12822
15278 12482
15280 13984
15287 12415
15288 12313
15289 13327
15290 13465
15294 12656
15297 12593
15303 12075
15308 12285
15309 12207
15313 13520
15314 12820
15319 13891
15321 13140
15336 13703
15340 12880
15341 12795
15342 13528
15343 12372
15345 12069
15347 12273
15352 12639
15354 12556
15357 13210
15360 13466
15361 12900
15365 13030
15367 13385
15369 12598
15374 12129
15375 13830
15376 13002
15377 13052
15378 12722
15382 12640
15383 13203
15384 13824
15385 13497
15387 13222
15389 12581
15397 13756
15398 13378
15399 13180
15400 13438
15402 13613
15406 13264
15407 12601
15408 13343
15409 12180
15411 13450
15412 13870
15413 13141
15414 13232
15415 13241
15416 13825
15420 13169
15423 12509
15424 12852
15427 13115
15428 12812
15429 13318
15431 12933
15433 12158
15439 13441
15440 13025
15441 12466
15443 12037
15447 12690
15450 12481
15452 12311
15454 12780
15457 12125
15466 13111
15467 13575
15471 13578
15480 13342
15481 13705
15482 13948
15483 12085
15485 13956
15486 13917
15489 12972
15492 12798
15493 13234
15496 13065
15499 12310
15503 12882
15505 12640
15508 12544
15511 12241
15515 12576
15516 12957
15517 13828
15522 13289
15523 13705
15524 12881
15525 12913
15529 12151
15530 13284
15533 12848
15534 13585
15537 13660
15539 13045
15541 13449
15544 12181
15546 12432
15548 13551
15552 13995
15557 13022
15560 12322
15568 13322
15572 13669
15573 13602
15577 13840
15580 13757
15581 13408
15583 12695
15584 13563
15587 13372
15588 12312
15589 12839
15590 12103
15591 12677
15592 13647
15597 12988
15598 13793
15602 13978
15604 12221
15605 13816
15606 13603
15615 13656
15617 12258
15618 13803
15621 12468
15626 13995
15627 12487
15630 13722
15633 13132
15636 12487
15637 13368
15638 13496
15645 12545
15648 12405
15649 13036
15653 13963
15655 12067
15658 13340
15660 13387
15661 13310
15662 13287
15666 12832
15667 12447
15668 12100
15669 12927
15671 13935
15672 12045
15673 12641
15676 12957
15679 12663
15682 13500
15683 12244
15687 12088
15691 13279
15695 13351
15697 12242
15700 13337
15701 13037
15703 13734
15704 13085
15707 13515
15711 13197
15712 13485
15713 12360
15715 12200
15717 13954
15718 12662
15719 13532
15723 12265
15725 13393
15728 12929
15729 12156
15732 13859
15733 12944
15734 13331
15736 12862
15742 12959
15747 13603
15750 12665
15751 13128
15752 13254
15753 13271
15754 13205
15755 12342
15759 13334
15763 12697
15767 12493
15768 13309
15770 12136
15771 12765
15772 12600
15775 12465
15778 13195
15779 12641
15784 12973
15785 12820
15787 13667
15789 13961
15790 12317
15792 12901
15794 12798
15796 13146
15802 12431
15808 13077
15811 13894
15813 13518
15814 12549
15816 13144
15822 13686
15825 12379
15826 13517
15829 13732
15831 12395
15834 13733
15843 12587
15848 12757
15851 13957
15853 13404
15854 12165
15856 13793
15857 12857
15858 13392
15864 13606
15865 12996
15871 13289
15872 13357
15873 12896
15874 13489
15876 12848
15878 12773
15886 13019
15889 13156
15893 12656
15899 13374
15909 12482
15920 13241
15927 13681
15931 13974
15932 13908
15933 13529
15935 13283
15936 12378
15940 12179
15949 13513
15952 12855
15954 12174
15955 13815
15958 12873
15961 12866
15968 13173
15973 13639
15975 13903
15977 13792
15978 12266
15982 13320
15989 13536
15990 13324
15991 12659
15998 12427
15999 12784
14001 12377
14002 13845
14007 13034
14010 12991
14014 13264
14021 13280
14022 12956
14023 13386
14025 12032
14032 13986
14040 12225
14042 12252
14043 13431
14048 12798
14051 13720
14057 13985
14061 13524
14062 13050
14067 13352
14069 13331
14070 12785
14072 13931
14073 12603
14075 13881
14076 13814
14078 12743
14082 13297
14083 13544
14084 12234
14085 13579
14086 13193
14088 13828
14089 12162
14093 12122
14095 12329
14097 13016
14100 13609
14104 13526
14107 13703
14109 13825
14112 13811
14113 13032
14116 12866
14117 13258
14124 12455
14133 13677
14140 13080
14143 13711
14146 13505
14147 13305
14148 12862
14149 13604
14150 12279
14159 13452
14160 13438
14168 13555
14169 13119
14170 12309
14173 13458
14174 13026
14175 12560
14176 13995
14180 13670
14182 12302
14188 12301
14189 13989
14191 12246
14195 12935
14196 12294
14197 12796
14200 12238
14201 12990
14202 12639
14203 13866
14204 12922
14205 13496
14209 12738
14212 13841
14213 12791
14216 12759
14218 12450
14219 12904
14222 12772
14224 12625
14226 12192
14230 12116
14231 13389
14235 12533
14237 12945
14241 12824
14242 12680
14244 12391
14247 13147
14248 12096
14250 12705
14251 13836
14252 12650
14253 12217
14254 13002
14258 12650
14259 12050
14262 13740
14266 12518
14267 12903
14268 12351
14269 13295
14274 12839
14280 12709
14281 13330
14287 12308
14296 12056
14297 13487
14298 13099
14299 12120
14300 12123
14301 13995
14305 12628
14309 13541
14311 13127
14313 12817
14314 13753
14316 12467
14318 13567
14322 12836
14333 12410
12292 10056
12294 10629
12301 11887
12302 11043
12303 11486
12307 11087
12308 10478
12309 10578
12310 10804
12311 10914
12312 11646
12313 10320
12317 11061
12321 11603
12322 10741
12325 11263
12329 11684
12333 10149
12335 11715
12339 11921
12342 10133
12349 10740
12351 11167
12360 11911
12361 11518
12372 10594
12377 10223
12378 10151
12379 10553
12385 10017
12391 10764
12395 10629
12399 11211
12401 10292
12403 11708
12405 10029
12407 10984
12410 11797
12412 10900
12413 11781
12415 10222
12416 11175
12417 11056
12422 10388
12427 11834
12428 10409
12431 10763
12432 10393
12440 10816
12443 10652
12447 11751
12450 11391
12455 11943
12459 11872
12465 11426
12466 11449
12467 11371
12468 10026
12472 10383
12474 11694
12478 11436
12481 10860
12482 10075
12487 11784
12490 11735
12493 11482
12494 10213
12500 10436
12505 10141
12509 10652
12510 11992
12511 11240
12518 10114
12521 10610
12523 11124
12528 11808
12532 11253
12533 11406
12544 10067
12545 11971
12549 11018
12555 10489
12556 10231
12558 10094
12560 10818
12566 11665
12567 11446
12568 10832
12571 10862
12576 11369
12581 11282
12587 10640
12590 10354
12593 11192
12598 11353
12600 10382
12601 10004
12603 11414
12609 11491
12617 10019
12619 10634
12625 10675
12628 11741
12632 10057
12633 10925
12637 11373
12639 11748
12640 11417
12641 10102
12650 10777
12656 11781
12659 11633
12662 11871
12663 10835
12665 11004
12677 10221
12680 10832
12687 10731
12690 10325
12693 10509
12695 10136
12696 11941
12697 11984
12698 11816
12705 11994
12706 11347
12708 10172
12709 10505
12713 11946
12717 11637
12722 10955
12731 10480
12738 11435
12740 11807
12742 11692
12743 10610
12749 11594
12757 10007
12759 11713
12765 10259
12770 11479
12772 10299
12773 11050
12780 11951
12784 10715
12785 10921
12788 11346
12791 10481
12793 10986
12795 11626
12796 11607
12798 10025
12804 10950
12812 10451
12814 11521
12817 11338
12820 11706
12822 11340
12824 10161
12828 10139
12830 11919
12832 11374
12836 11493
12839 10807
12840 11602
12842 11361
12844 11795
12848 10273
12852 11517
12854 11531
12855 10759
12857 11774
12862 10768
12866 11500
12873 11692
12876 10713
12878 10840
12880 10232
12881 10059
12882 11026
12889 11149
12891 11913
12893 11670
12896 10795
12900 11498
12901 11026
12902 11983
12903 10248
12904 10333
12912 10067
12913 11859
12919 11916
12922 10133
12925 11815
12927 11940
12929 10423
12933 11525
12935 11721
12940 10257
12941 11228
12944 11367
12945 10686
12956 11628
12957 11278
12959 10965
12963 10388
12968 10925
12970 11201
12971 11213
12972 11972
12973 10418
12980 11755
12985 10672
12988 11674
12990 11531
12991 11242
12996 10052
13001 10390
13002 11147
13004 11989
13012 10965
13013 11919
13016 10359
13017 11945
13019 11733
13021 11201
13022 10322
13025 11050
13026 11315
13030 10778
13031 11129
13032 11559
13034 11177
13036 10498
13037 10901
13044 10779
13045 10372
13050 11309
13052 11698
13054 11808
13057 11776
13065 10851
13069 11187
13071 10114
13072 11945
13077 11809
13080 10541
13081 11914
13082 11185
13085 11707
13087 11098
13088 10356
13099 11101
13107 11870
13111 10032
13112 10675
13113 10748
13115 11627
13119 11420
13120 11285
13123 11169
13125 10772
13127 10381
13128 10913
13132 10809
13139 11638
13140 10858
13141 10228
13144 10754
13146 10096
13147 11389
13149 10521
13152 10769
13153 10491
13156 11710
13166 11846
13169 10679
13173 10349
13180 10490
13186 11165
13193 10234
13194 10148
13195 10834
13197 11904
13203 11039
13205 10485
13208 11864
13210 10687
13211 10899
13213 10169
13218 10772
13222 11726
13232 10750
13233 11609
13234 11498
13241 11370
13247 10571
13253 10466
13254 11150
13256 10041
13258 10923
13264 10451
13267 10196
13269 11549
13271 11442
13274 11444
13277 10857
13279 11558
13280 10047
13281 10057
13283 11987
13284 10248
13287 10239
13288 10857
13289 10041
13293 11276
13294 10552
13295 11988
13297 11067
13302 10503
13305 10123
13309 11481
13310 10884
13312 10620
13318 10501
13319 10647
13320 10662
13322 11400
13324 11370
13326 10920
13327 11143
13330 11379
13331 11690
13333 10980
13334 10755
13337 10038
13340 10083
13342 11831
13343 11127
13351 10238
13352 10546
13356 11655
13357 11166
13368 10103
13370 11335
13372 10554
13374 10918
13378 11826
13382 10801
13385 10313
13386 11302
13387 11921
13389 11921
13392 11471
13393 11441
13400 10420
13404 10511
13405 11623
13406 10702
13408 10543
13414 10614
13419 10897
13420 11175
13431 11737
13435 10386
13438 10844
13441 10047
13444 10306
13446 11248
13449 10564
13450 10833
13452 10511
13457 10778
13458 11896
13465 11214
13466 11630
13467 10529
13471 11817
13473 11079
13476 10978
13480 11774
13485 11960
13487 10201
13489 10473
13490 10894
13496 10981
13497 11301
13500 10238
13505 10866
13508 10476
13513 11074
13515 10943
13517 10809
13518 11015
13520 11794
13524 10282
13526 11185
13528 10529
13529 11100
13532 10955
13533 11471
13536 11667
13537 10735
13541 11260
13544 10650
13546 11511
13551 10356
13555 10020
13563 10530
13567 11511
13575 11272
13577 10010
13578 11228
13579 10417
13583 11863
13584 11646
13585 10355
13591 10772
13593 11732
13600 10650
13602 10578
13603 11253
13604 10207
13605 10245
13606 10116
13609 10893
13613 11248
13614 10707
13622 11443
13628 10732
13635 10752
13639 10284
13642 11012
13647 10550
13649 10736
13656 11414
13660 10152
13665 10635
13667 10072
13669 10961
13670 10528
13677 11942
13679 10020
13681 11604
13684 11595
13686 10258
13687 11369
13692 11703
13693 10191
13703 10975
13705 11901
13711 11177
13720 10388
13722 10086
13731 11461
13732 11265
13733 10657
13734 10346
13737 11420
13739 10432
13740 10383
13751 11497
13753 10415
13756 10430
13757 10265
13758 11425
13766 11505
13768 11375
13778 11849
13781 10429
13786 11308
13787 10325
13789 10524
13791 11918
13792 11556
13793 11511
13800 11370
13803 11293
13804 10974
13811 10433
13813 10600
13814 10055
13815 11613
13816 11369
13820 10523
13824 10197
13825 11326
13827 10282
13828 11856
13830 11682
13836 10566
13840 11001
13841 10167
13844 10022
13845 11650
13847 11095
13859 10247
13861 10077
13866 11895
13868 11135
13870 11807
13876 10736
13881 10660
13891 10711
13894 11587
13899 11306
13903 11848
13906 10485
13908 11223
13914 10379
13917 10093
13919 10416
13921 11232
13922 10408
13926 10392
13931 10808
13935 10623
13939 11344
13941 11623
13948 11961
13950 10985
13954 11213
13956 11142
13957 11125
13961 11523
13963 10952
13966 11633
13967 10180
13974 10591
13977 11033
13978 11177
13984 10084
13985 11539
13986 11794
13988 11666
13989 10901
13995 11235
13999 10913
12000 11624
12012 11334
12021 10674
12025 11027
12032 11460
12037 11415
12043 10726
12045 10985
12050 11466
12056 11764
12067 10681
12069 11457
12075 11821
12078 11873
12084 10649
12085 11836
12088 10455
12096 11503
12098 11830
12100 11476
12103 11912
12104 10524
12111 10080
12112 11065
12113 10645
12116 11741
12120 11963
12121 11514
12122 10532
12123 10464
12125 11128
12129 10201
12130 11475
12136 10514
12141 10925
12143 11883
12147 11548
12148 11920
12151 10423
12156 10335
12158 11917
12161 10222
12162 10138
12165 10653
12172 10775
12173 10434
12174 10318
12177 10488
12178 11696
12179 11254
12180 11762
12181 10108
12182 10156
12190 10342
12192 10207
12194 11494
12197 10321
12200 10950
12201 11284
12207 10221
12210 10504
12214 10788
12217 10741
12221 11812
12225 11093
12228 10148
12234 11024
12238 11422
12241 10955
12242 10114
12244 11202
12246 10912
12247 10399
12252 11106
12253 11634
12257 11361
12258 10568
12263 10791
12265 10323
12266 11328
12269 10105
12271 10373
12273 10797
12279 10999
12284 10891
12285 11141
10245 8848
10247 9916
10248 9104
10257 8532
10258 8548
10259 8754
10265 9330
10273 9273
10282 8593
10284 8085
10292 9651
10299 8943
10306 9829
10313 8999
10318 8406
10320 8875
10321 8236
10322 8399
10323 8765
10325 8307
10333 9652
10335 9003
10342 9782
10346 9248
10349 8477
10354 8206
10355 9653
10356 9809
10359 8540
10372 9230
10373 9219
10379 9861
10381 8967
10382 8370
10383 9774
10386 8892
10388 8236
10390 9825
10392 9073
10393 8992
10399 9648
10408 8178
10409 9276
10415 9161
10416 9284
10417 8203
10418 8290
10420 8391
10423 8366
10429 9077
10430 9171
10432 8572
10433 8739
10434 9254
10436 8241
10451 8954
10455 8576
10464 9676
10466 9840
10473 9485
10476 9421
10478 8308
10480 8646
10481 8411
10485 9493
10488 9512
10489 9383
10490 9970
10491 9958
10498 8495
10501 8641
10503 9110
10504 9551
10505 8182
10509 9739
10511 8777
10514 9518
10521 8214
10523 8932
10524 8841
10528 9777
10529 8760
10530 8886
10532 9357
10541 8678
10543 8536
10546 9485
10550 9388
10552 8778
10553 8197
10554 8342
10564 8855
10566 9624
10568 9653
10571 9832
10578 9309
10591 8765
10594 9380
10600 9455
10610 8872
10614 8395
10620 8635
10623 9693
10629 8322
10634 8465
10635 8317
10640 9012
10645 8682
10647 9667
10649 9515
10650 9755
10652 8731
10653 8580
10657 8443
10660 9769
10662 9877
10672 9196
10674 8756
10675 8684
10679 8145
10681 9118
10686 9338
10687 9880
10702 8916
10707 8458
10711 9511
10713 9322
10715 8002
10726 8571
10731 8904
10732 9640
10735 9364
10736 9133
10740 8448
10741 8518
10748 8406
10750 8688
10752 8109
10754 8205
10755 8120
10759 9158
10763 9717
10764 9073
10768 8990
10769 9656
10772 9998
10775 8917
10777 8933
10778 8311
10779 9342
10788 9649
10791 9054
10795 9128
10797 8571
10801 8520
10804 9701
10807 9164
10808 9576
10809 8751
10816 9300
10818 8546
10832 9325
10833 9310
10834 8473
10835 8670
10840 9662
10844 9426
10851 8305
10857 8221
10858 9067
10860 8318
10862 9189
10866 8193
10884 9532
10891 8098
10893 9195
10894 8735
10897 9928
10899 9295
10900 8727
10901 9253
10912 9261
10913 9993
10914 8916
10918 8127
10920 9763
10921 9184
10923 8349
10925 9101
10943 9346
10950 9312
10952 9296
10955 9445
10961 8051
10965 9651
10974 8228
10975 9053
10978 8406
10980 8843
10981 9217
10984 8189
10985 9900
10986 8199
10999 9941
11001 9716
11004 8638
11012 8007
11015 9942
11018 9678
11024 8278
11026 9693
11027 9275
11033 8850
11039 9147
11043 9616
11050 9279
11056 9987
11061 9345
11065 8598
11067 8744
11074 8769
11079 8216
11087 9058
11093 8249
11095 9183
11098 9997
11100 8171
11101 9038
11106 8759
11124 8167
11125 9954
11127 9927
11128 9014
11129 9435
11135 8250
11141 8165
11142 8425
11143 8396
11147 9305
11149 9264
11150 8024
11165 8736
11166 9534
11167 8612
11169 8653
11175 8611
11177 8068
11185 8428
11187 9794
11192 8289
11201 9683
11202 8313
11211 8583
11213 9600
11214 9018
11223 8870
11228 9255
11232 8032
11235 9614
11240 8303
11242 8799
11248 8401
11253 9122
11254 8233
11260 9304
11263 9760
11265 9083
11272 9970
11276 9418
11278 9502
11282 9596
11284 8922
11285 8701
11293 9611
11301 9931
11302 9957
11306 8940
11308 8429
11309 9245
11315 8745
11326 8017
11328 8057
11334 8552
11335 8243
11338 9242
11340 9456
11344 8239
11346 9687
11347 9121
11353 8363
11361 8615
11367 8646
11369 9844
11370 9604
11371 9345
11373 9609
11374 9654
11375 9288
11379 9929
11389 9295
11391 9587
11400 9294
11406 8421
11414 8912
11415 8096
11417 8444
11420 9886
11422 9901
11425 8182
11426 8400
11435 9977
11436 8237
11441 8622
11442 9460
11443 8021
11444 8196
11446 8913
11449 9237
11457 8108
11460 9718
11461 8180
11466 8925
11471 9311
11475 9186
11476 9052
11479 9482
11481 9113
11482 8037
11486 9678
11491 9326
11493 8969
11494 9475
11497 9583
11498 8399
11500 9578
11503 8335
11505 8650
11511 8862
11514 9197
11517 8712
11518 8201
11521 9212
11523 9573
11525 8619
11531 8364
11539 8483
11548 9392
11549 8104
11556 8646
11558 9471
11559 9219
11587 8772
11594 9815
11595 9845
11602 9532
11603 8551
11604 9024
11607 8635
11609 9277
11613 8194
11623 8384
11624 8162
11626 8198
11627 8698
11628 8086
11630 9603
11633 9398
11634 8884
11637 9770
11638 9509
11646 8330
11650 9445
11655 8935
11665 8747
11666 9186
11667 9896
11670 8390
11674 8582
11682 8894
11684 9242
11690 9515
11692 9545
11694 9617
11696 9402
11698 8919
11703 8338
11706 8280
11707 9494
11708 8643
11710 8628
11713 9089
11715 8843
11721 9487
11726 9810
11732 9417
11733 9446
11735 9220
11737 9735
11741 9955
11748 8358
11751 8209
11755 9818
11762 9775
11764 9384
11774 8747
11776 8308
11781 8324
11784 9046
11794 9745
11795 9654
11797 9256
11807 9103
11808 8803
11809 9307
11812 9464
11815 9579
11816 8866
11817 9018
11821 8260
11826 9018
11830 8275
11831 8161
11834 9458
11836 8462
11846 9147
11848 9090
11849 8910
11856 8745
11859 9325
11863 9276
11864 8456
11870 8634
11871 9360
11872 8660
11873 8571
11883 9245
11887 8408
11895 9130
11896 8813
11901 8799
11904 8937
11911 9526
11912 8981
11913 8395
11914 9887
11916 9333
11917 9655
11918 8165
11919 9875
11920 8722
11921 9594
11940 9677
11941 8682
11942 8409
11943 9589
11945 9781
11946 9756
11951 8861
11960 8467
11961 8782
11963 8542
11971 8626
11972 8712
11983 8678
11984 9887
11987 8794
11988 9932
11989 8721
11992 8791
11994 9514
10004 8615
10007 9867
10010 9787
10017 8938
10019 9717
10020 9199
10022 9626
10025 9696
10026 8960
10029 8825
10032 9184
10038 8021
10041 8979
10047 8426
10052 8472
10055 8378
10056 8824
10057 8716
10059 8333
10067 8055
10072 8284
10075 8073
10077 8643
10080 9678
10083 8195
10084 9670
10086 8290
10093 8193
10094 9447
10096 8868
10102 9880
10103 9660
10105 8599
10108 9934
10114 8250
10116 9379
10123 9390
10133 9214
10136 8136
10138 9832
10139 9975
10141 9365
10148 9632
10149 9523
10151 8112
10152 8905
10156 9359
10161 8360
10167 9967
10169 8935
10172 8125
10180 8837
10191 9012
10196 8322
10197 9032
10201 8665
10207 8736
10213 9862
10221 8041
10222 8770
10223 9867
10228 8238
10231 9454
10232 9555
10234 9848
10238 9159
10239 9162
8193 7349
8194 7272
8195 7796
8196 7098
8197 7917
8198 7922
8199 6160
8201 7111
8203 6732
8205 7261
8206 7088
8209 7184
8214 7954
8216 6129
8221 7947
8228 7690
8233 7690
8236 7032
8237 6877
8238 7070
8239 7799
8241 6324
8243 6423
8249 7061
8250 6749
8260 6562
8275 6090
8278 7676
8280 7615
8284 7022
8289 6375
8290 6835
8303 6511
8305 7377
8307 6632
8308 7977
8311 7567
8313 6606
8317 7650
8318 7447
8322 6509
8324 6320
8330 7888
8333 7820
8335 7930
8338 7230
8342 6391
8349 7385
8358 7058
8360 6667
8363 7970
8364 7138
8366 6537
8370 6548
8378 6057
8384 6379
8390 7753
8391 6747
8395 7503
8396 7051
8399 7133
8400 6615
8401 6818
8406 6868
8408 7011
8409 6018
8411 7510
8421 6638
8425 7399
8426 7678
8428 6321
8429 7286
8443 7759
8444 6151
8448 7269
8456 7749
8458 7559
8462 6579
8465 7265
8467 6550
8472 6624
8473 7501
8477 6784
8483 6500
8495 6941
8518 7711
8520 7488
8532 7454
8536 7811
8540 7388
8542 6127
8546 7211
8548 6860
8551 6360
8552 6619
8571 6656
8572 6754
8576 6021
8580 7689
8582 6720
8583 7239
8593 7121
8598 6770
8599 7860
8611 7708
8612 6218
8615 6981
8619 7321
8622 6350
8626 7762
8628 7970
8634 7630
8635 7491
8638 7938
8641 6235
8643 7908
8646 7757
8650 6606
8653 6452
8660 7642
8665 6502
8670 7498
8678 7282
8682 6524
8684 7869
8688 7111
8698 7246
8701 6650
8712 7855
8716 7678
8721 7703
8722 7640
8727 6523
8731 7982
8735 6186
8736 7230
8739 7973
8744 6401
8745 6570
8747 7133
8751 6315
8754 7844
8756 7875
8759 6459
8760 7086
8765 7723
8769 7337
8770 6537
8772 6189
8777 7631
8778 6752
8782 6570
8791 7742
8794 7207
8799 7570
8803 6097
8813 6681
8824 7155
8825 6201
8837 7327
8841 7711
8843 7746
8848 6040
8850 6210
8855 6898
8861 7271
8862 7676
8866 7471
8868 6244
8870 6993
8872 6564
8875 6432
8884 7512
8886 7072
8892 6524
8894 6877
8904 7109
8905 7945
8910 7429
8912 6082
8913 7618
8916 6950
8917 7241
8919 6167
8922 7236
8925 6801
8932 6645
8933 7813
8935 7989
8937 7341
8938 6146
8940 6680
8943 6913
8954 6000
8960 7980
8967 7611
8969 7877
8979 6423
8981 7490
8990 6020
8992 7848
8999 7189
9003 7661
9012 7231
9014 7010
9018 7405
9024 7741
9032 6265
9038 6282
9046 7881
9052 6906
9053 6668
9054 6136
9058 7715
9067 6964
9073 7432
9077 7976
9083 6780
9089 6091
9090 7575
9101 6055
9103 7890
9104 6139
9110 7960
9113 6381
9118 6835
9121 7007
9122 6653
9128 6938
9130 6503
9133 7562
9147 7012
9158 6607
9159 6408
9161 6558
9162 6194
9164 6378
9171 6869
9183 6270
9184 6705
9186 7021
9189 6040
9195 7728
9196 7881
9197 7469
9199 6689
9212 6507
9214 7055
9217 7450
9219 6004
9220 7972
9230 6686
9237 7708
9242 7849
9245 7958
9248 7200
9253 7477
9254 6029
9255 7791
9256 6110
9261 7243
9264 7337
9273 7108
9275 6470
9276 7166
9277 7507
9279 7059
9284 7176
9288 6667
9294 6305
9295 7408
9296 7482
9300 6048
9304 7690
9305 6406
9307 7412
9309 7346
9310 7555
9311 6962
9312 7154
9322 7014
9325 7889
9326 6201
9330 7810
9333 6756
9338 6866
9342 7733
9345 7635
9346 6789
9357 6464
9359 7159
9360 7094
9364 6001
9365 7178
9379 6081
9380 7174
9383 7884
9384 7608
9388 7662
9390 7347
9392 7566
9398 6518
9402 6460
9417 7170
9418 6084
9421 6875
9426 6438
9435 7577
9445 7808
9446 6122
9447 7058
9454 7378
9455 6326
9456 7491
9458 6290
9460 6442
9464 6162
9471 6228
9475 6964
9482 6598
9485 7314
9487 6420
9493 6427
9494 6044
9502 7387
9509 6040
9511 6509
9512 6812
9514 6759
9515 6046
9518 6409
9523 6939
9526 6548
9532 6524
9534 7832
9545 6370
9551 6874
9555 6209
9573 6928
9576 7988
9578 7961
9579 7513
9583 7047
9587 6850
9589 6786
9594 6718
9596 7218
9600 6083
9603 7616
9604 7590
9609 7304
9611 6333
9614 6061
9616 7333
9617 7914
9624 6324
9626 6757
9632 6064
9640 7064
9648 6507
9649 6828
9651 6739
9652 6493
9653 6262
9654 7697
9655 7876
9656 7410
9660 6782
9662 6567
9667 7353
9670 7046
9676 6631
9677 6023
9678 7139
9683 7706
9687 6171
9693 7332
9696 6369
9701 6488
9716 7835
9717 7731
9718 6615
9735 6213
9739 6706
9745 7509
9755 6715
9756 7661
9760 7692
9763 6653
9769 6732
9770 6322
9774 6935
9775 7062
9777 7958
9781 7924
9782 6874
9787 7644
9794 6627
9809 6839
9810 7757
9815 6345
9818 6069
9825 7290
9829 6566
9832 6762
9840 6203
9844 6360
9845 6670
9848 6130
9861 7423
9862 6502
9867 7925
9875 6180
9877 6247
9880 6813
9886 6033
9887 7193
9896 7077
9900 6041
9901 6173
9916 6636
9927 6242
9928 6931
9929 6023
9931 6730
9932 7160
9934 7617
9941 7179
9942 7733
9954 7264
9955 6916
9957 6598
9958 7552
9967 7795
9970 7971
9975 6604
9977 6507
9987 7120
9993 7142
9997 6701
9998 7121
8002 7380
8007 7129
8017 6817
8021 7124
8024 6472
8032 7391
8037 7745
8041 6200
8051 6820
8055 6516
8057 6869
8068 7538
8073 7712
8085 6931
8086 6538
8096 6753
8098 7089
8104 7334
8108 6606
8109 7633
8112 6132
8120 7572
8125 6781
8127 6823
8136 6504
8145 7511
8161 7644
8162 7370
8165 6434
8167 7999
8171 7638
8178 6088
8180 6640
8182 7311
8189 6348
6146 5217
6151 5578
6160 4791
6162 5661
6167 4755
6171 4319
6173 5774
6180 5913
6186 4191
6189 4716
6194 5888
6200 5786
6201 4505
6203 4351
6209 5280
6210 4530
6213 4546
6218 5409
6228 4636
6235 4149
6242 4783
6244 4902
6247 4133
6262 5907
6265 5695
6270 5593
6282 4390
6290 4371
6305 5548
6315 5301
6320 4052
6321 4711
6322 4920
6324 4437
6326 4069
6333 4455
6345 5073
6348 4023
6350 5753
6360 5055
6369 4374
6370 5796
6375 5885
6378 4390
6379 5709
6381 4319
6391 4391
6401 5586
6406 5825
6408 4134
6409 5048
6420 4902
6423 5162
6427 5844
6432 5964
6434 5035
6438 4850
6442 4612
6452 5720
6459 5359
6460 5794
6464 4911
6470 4836
6472 5931
6488 5056
6493 5423
6500 5441
6502 5130
6503 4026
6504 4334
6507 5474
6509 5404
6511 5656
6516 5827
6518 4145
6523 5031
6524 5655
6537 5703
6538 5756
6548 4133
6550 5808
6558 4297
6562 5990
6564 4642
6566 5373
6567 4590
6570 4064
6579 5078
6598 4946
6604 4301
6606 5716
6607 5934
6615 5277
6619 4123
6624 4922
6627 4391
6631 4791
6632 5397
6636 4841
6638 5775
6640 5011
6645 5424
6650 5921
6653 4335
6656 4961
6667 4519
6668 5794
6670 4061
6680 4187
6681 5091
6686 5461
6689 5403
6701 4262
6705 4119
6706 4787
6715 5408
6718 5397
6720 4902
6730 4524
6732 5833
6739 4351
6747 5800
6749 4586
6752 4805
6753 4165
6754 5332
6756 5227
6757 5243
6759 4023
6762 5547
6770 4342
6780 5377
6781 5497
6782 5949
6784 4169
6786 4917
6789 5016
6801 4282
6812 4394
6813 5783
6817 5581
6818 5964
6820 5321
6823 4432
6828 4419
6835 4094
6839 4910
6850 4076
6860 5911
6866 5721
6868 4453
6869 4957
6874 5230
6875 4045
6877 4763
6898 4038
6906 5971
6913 4046
6916 4076
6928 4713
6931 4528
6935 4012
6938 5921
6939 4662
6941 4629
6950 5772
6962 4841
6964 4825
6981 5614
6993 4938
7007 5551
7010 5262
7011 5578
7012 4505
7014 4945
7021 5477
7022 4610
7032 5603
7046 4501
7047 5444
7051 5593
7055 4095
7058 4445
7059 4229
7061 5639
7062 5831
7064 5408
7070 4956
7072 5486
7077 4370
7086 4003
7088 4789
7089 5766
7094 5052
7098 4572
7108 5305
7109 5247
7111 5476
7120 5237
7121 5687
7124 5976
7129 5339
7133 5417
7138 5243
7139 5103
7142 5166
7154 4922
7155 4344
7159 5548
7160 5631
7166 4503
7170 4006
7174 5123
7176 4228
7178 5832
7179 4976
7184 4309
7189 4413
7193 4911
7200 5393
7207 4481
7211 4933
7218 5899
7230 5962
7231 4391
7236 4946
7239 5034
7241 5757
7243 4413
7246 5540
7261 4323
7264 4920
7265 5420
7269 4753
7271 5448
7272 5812
7282 4882
7286 5853
7290 5001
7304 5941
7311 4721
7314 5565
7321 4281
7327 5499
7332 5670
7333 4823
7334 5500
7337 5132
7341 5084
7346 5179
7347 4623
7349 5349
7353 4611
7370 5630
7377 5079
7378 4327
7380 5737
7385 4994
7387 4468
7388 4426
7391 5173
7399 5309
7405 5219
7408 4973
7410 4622
7412 5858
7423 4597
7429 4300
7432 5346
7447 5089
7450 5840
7454 4899
7469 4353
7471 4396
7477 4380
7482 5862
7488 5890
7490 5111
7491 4004
7498 5233
7501 4528
7503 5082
7507 5626
7509 5378
7510 5658
7511 4754
7512 5799
7513 4293
7538 5189
7552 5882
7555 4516
7559 5499
7562 5102
7566 5376
7567 4887
7570 4862
7572 5685
7575 5984
7577 4743
7590 4235
7608 4028
7611 4468
7615 5397
7616 5452
7617 5536
7618 5222
7630 5798
7631 4495
7633 5236
7635 5039
7638 5679
7640 5236
7642 4386
7644 4202
7650 4541
7661 4784
7662 4994
7676 4717
7678 5369
7689 5722
7690 5863
7692 4732
7697 4151
7703 4427
7706 5981
7708 5505
7711 4845
7712 5800
7715 5695
7723 5174
7728 5487
7731 5725
7733 4322
7741 5506
7742 5625
7745 4307
7746 4237
7749 5146
7753 4931
7757 5913
7759 4085
7762 4593
7791 4587
7795 5132
7796 5589
7799 5040
7808 5150
7810 4544
7811 5965
7813 4942
7820 4273
7832 5939
7835 4470
7844 5266
7848 4195
7849 5749
7855 5794
7860 5338
7869 4384
7875 5306
7876 4594
7877 4032
7881 4382
7884 5257
7888 4228
7889 5898
7890 5838
7908 5459
7914 4337
7917 5740
7922 5864
7924 5990
7925 4943
7930 5781
7938 5527
7945 5717
7947 5741
7954 4664
7958 5697
7960 4289
7961 5404
7970 4702
7971 4965
7972 5613
7973 5252
7976 4221
7977 4009
7980 5682
7982 4776
7988 4078
7989 5931
7999 4810
6000 5818
6001 5264
6004 4003
6018 5384
6020 4329
6021 4151
6023 5668
6029 4960
6033 5375
6040 5787
6041 5836
6044 4867
6046 5395
6048 5127
6055 4801
6057 4413
6061 4567
6064 4929
6069 4073
6081 5064
6082 4812
6083 5168
6084 4284
6088 4995
6090 5102
6091 4548
6097 5135
6110 4399
6122 5371
6127 5967
6129 4719
6130 4189
6132 5887
6136 4112
6139 4671
4112 3794
4119 2760
4123 3062
4133 3045
4134 3616
4145 3315
4149 2331
4151 3075
4165 3641
4169 3876
4187 3338
4189 3054
4191 3020
4195 3901
4202 2664
4221 3441
4228 3675
4229 2828
4235 3625
4237 3147
4262 3275
4273 2635
4281 2549
4282 3795
4284 3637
4289 2446
4293 3815
4297 2061
4300 2253
4301 3336
4307 2847
4309 2068
4319 2152
4322 3358
4323 3722
4327 3882
4329 3386
4334 2451
4335 2745
4337 3899
4342 2286
4344 3417
4351 2500
4353 3960
4370 2287
4371 2481
4374 3319
4380 2279
4382 2391
4384 3855
4386 3846
4390 3907
4391 2822
4394 3099
4396 2855
4399 2634
4413 3715
4419 3805
4426 3120
4427 3934
4432 3328
4437 3596
4445 3063
4453 2708
4455 3026
4468 2676
4470 3896
4481 2921
4495 3812
4501 3449
4503 2333
4505 3771
4516 2060
4519 3112
4524 3005
4528 3840
4530 3599
4541 2879
4544 2642
4546 2705
4548 3915
4567 3762
4572 2233
4586 3680
4587 2174
4590 2972
4593 3118
4594 3719
4597 3866
4610 2601
4611 2675
4612 2189
4622 3544
4623 2615
4629 2034
4636 2890
4642 2339
4662 2036
4664 3183
4671 2711
4702 2967
4711 2619
4713 3238
4716 3027
4717 2248
4719 3782
4721 2937
4732 3272
4743 2842
4753 3233
4754 2655
4755 2200
4763 3805
4776 3773
4783 2490
4784 3256
4787 3623
4789 2619
4791 2581
4801 3519
4805 3554
4810 3241
4812 3849
4823 2006
4825 2820
4836 2506
4841 2176
4845 3543
4850 3643
4862 3049
4867 3130
4882 2265
4887 3721
4899 3753
4902 3675
4910 2332
4911 2279
4917 2681
4920 3105
4922 2984
4929 2710
4931 2656
4933 2412
4938 2434
4942 2674
4943 2044
4945 2774
4946 3230
4956 3674
4957 3200
4960 3321
4961 2126
4965 3481
4973 2888
4976 2709
4994 3937
4995 2698
5001 3341
5011 2161
5016 2726
5031 3525
5034 3234
5035 2373
5039 3687
5040 3667
5048 3251
5052 3868
5055 2956
5056 3831
5064 2621
5073 3362
5078 2145
5079 3369
5082 2782
5084 3658
5089 2673
5091 3436
5102 2608
5103 3737
5111 2353
5123 2870
5127 3180
5130 2309
5132 3904
5135 3313
5146 3853
5150 2290
5162 2476
5166 2603
5168 2809
5173 2141
5174 2231
5179 2916
5189 3367
5217 3868
5219 3803
5222 3132
5227 2375
5230 2021
5233 3271
5236 3053
5237 2136
5243 3586
5247 2072
5252 2276
5257 3688
5262 2532
5264 2238
5266 3296
5277 3675
5280 3853
5301 3444
5305 2013
5306 2899
5309 2766
5321 3480
5332 3838
5338 2538
5339 2960
5346 2847
5349 3194
5359 3203
5369 3355
5371 2108
5373 2396
5375 3177
5376 2061
5377 2269
5378 2648
5384 3372
5393 3733
5395 3634
5397 2849
5403 3987
5404 2463
5408 3421
5409 2809
5417 3998
5420 2206
5423 2774
5424 2875
5441 3073
5444 3031
5448 3039
5452 2668
5459 2636
5461 2335
5474 3522
5476 2545
5477 2071
5486 2836
5487 2116
5497 2551
5499 3148
5500 2764
5505 3488
5506 2723
5527 2534
5536 2056
5540 3917
5547 3333
5548 2414
5551 2593
5565 3904
5578 2657
5581 2076
5586 3164
5589 2976
5593 3301
5603 3277
5613 3234
5614 3690
5625 3882
5626 2845
5630 2069
5631 3546
5639 2331
5655 3114
5656 3424
5658 2628
5661 3295
5668 3998
5670 2488
5679 2142
5682 3024
5685 2910
5687 2186
5695 3938
5697 3312
5703 3851
5709 2986
5716 2499
5717 3698
5720 3363
5721 2227
5722 2851
5725 2311
5737 2869
5740 2778
5741 2882
5749 3265
5753 2825
5756 2345
5757 2010
5766 3927
5772 2483
5774 2569
5775 3376
5781 2923
5783 2106
5786 3375
5787 2142
5794 2984
5796 2747
5798 2822
5799 2651
5800 2502
5808 2431
5812 3120
5818 2472
5825 3945
5827 2534
5831 2894
5832 2103
5833 3331
5836 2264
5838 2008
5840 3962
5844 2203
5853 2213
5858 2429
5862 3320
5863 2916
5864 3259
5882 2226
5885 3056
5887 3653
5888 2017
5890 2913
5898 2107
5899 3303
5907 2069
5911 3689
5913 3517
5921 2095
5931 3864
5934 3884
5939 2140
5941 2566
5949 3384
5962 2612
5964 3419
5965 3993
5967 3510
5971 2549
5976 2356
5981 3759
5984 3887
5990 2426
4003 2761
4004 3716
4006 2846
4009 2513
4012 2718
4023 2458
4026 3070
4028 3787
4032 2843
4038 3883
4045 2830
4046 2708
4052 3258
4061 3063
4064 2801
4069 2459
4073 3533
4076 3792
4078 2191
4085 2426
4094 3975
4095 2582
2056 910
2060 1884
2061 1849
2068 395
2069 1250
2071 1994
2072 1342
2076 90
2095 731
2103 489
2106 1823
2107 1093
2108 20
2116 668
2126 708
2136 239
2140 873
2141 897
2142 938
2145 1252
2152 1426
2161 300
2174 1239
2176 1508
2186 754
2189 942
2191 424
2200 986
2203 1576
2206 1146
2213 636
2226 1405
2227 1018
2231 196
2233 1136
2238 1729
2248 82
2253 1827
2264 1315
2265 1106
2269 1880
2276 1839
2279 1155
2286 1749
2287 519
2290 1914
2309 357
2311 867
2331 1392
2332 1053
2333 674
2335 632
2339 1346
2345 1570
2353 1723
2356 1887
2373 1130
2375 944
2391 264
2396 804
2412 917
2414 1688
2426 383
2429 1331
2431 1747
2434 613
2446 1084
2451 870
2458 1185
2459 1035
2463 383
2472 867
2476 1223
2481 1621
2483 1527
2488 71
2490 322
2499 324
2500 749
2502 1619
2506 561
2513 1516
2532 762
2534 931
2538 957
2545 1034
2549 269
2551 1270
2566 476
2569 1306
2581 276
2582 1199
2593 159
2601 149
2603 604
2608 1670
2612 259
2615 463
2619 1021
2621 1995
2628 1130
2634 106
2635 1722
2636 720
2642 498
2648 106
2651 598
2655 1429
2656 1712
2657 1495
2664 547
2668 896
2673 1396
2674 1123
2675 503
2676 1491
2681 87
2698 472
2705 87
2708 1246
2709 1237
2710 1546
2711 182
2718 1895
2723 549
2726 1563
2745 1005
2747 904
2760 159
2761 1259
2764 1754
2766 1138
2774 298
2778 499
2782 1625
2801 1326
2809 100
2820 1767
2822 698
2825 1206
2828 1198
2830 1424
2836 155
2842 104
2843 1050
2845 173
2846 923
2847 1308
2849 1136
2851 1794
2855 1466
2869 56
2870 1687
2875 1824
2879 45
2882 391
2888 1424
2890 74
2894 129
2899 953
2910 688
2913 52
2916 807
2921 341
2923 1461
2937 1271
2956 400
2960 20
2967 95
2972 440
2976 1204
2984 202
2986 276
3005 1332
3020 1162
3024 561
3026 1366
3027 1030
3031 1993
3039 1669
3045 478
3049 874
3053 1814
3054 505
3056 556
3062 1140
3063 1108
3070 1254
3073 48
3075 518
3099 548
3105 1019
3112 1171
3114 720
3118 158
3120 685
3130 1469
3132 1813
3147 1733
3148 429
3164 1349
3177 1218
3180 1722
3183 1226
3194 817
3200 105
3203 517
3230 683
3233 1424
3234 644
3238 1385
3241 1852
3251 1341
3256 1076
3258 1925
3259 343
3265 934
3271 1736
3272 1686
3275 1690
3277 820
3295 423
3296 850
3301 1220
3303 1410
3312 370
3313 1811
3315 959
3319 1093
3320 1239
3321 1460
3328 10
3331 314
3333 1770
3336 1618
3338 478
3341 449
3355 1758
3358 999
3362 1023
3363 77
3367 1650
3369 228
3372 128
3375 59
3376 1450
3384 942
3386 1607
3417 992
3419 523
3421 497
3424 622
3436 1972
3441 1983
3444 1666
3449 462
3480 1699
3481 201
3488 1565
3510 988
3517 1295
3519 1409
3522 1506
3525 1834
3533 1227
3543 1850
3544 893
3546 299
3554 414
3586 442
3596 1984
3599 1350
3616 643
3623 1252
3625 1605
3634 192
3637 1826
3641 1392
3643 900
3653 661
3658 737
3667 1267
3674 431
3675 707
3680 287
3687 1410
3688 1703
3689 1443
3690 1483
3698 251
3715 1990
3716 1429
3719 1784
3721 1430
3722 957
3733 245
3737 1300
3753 403
3759 1946
3762 1177
3771 1614
3773 572
3782 343
3787 292
3792 1503
3794 145
3795 196
3803 1078
3805 1569
3812 1022
3815 1589
3831 1775
3838 604
3840 697
3846 1831
3849 971
3851 454
3853 459
3855 294
3864 1311
3866 1488
3868 1793
3876 1557
3882 544
3883 1639
3884 610
3887 1485
3896 456
3899 951
3901 1591
3904 606
3907 1340
3915 401
3917 1817
3927 167
3934 1543
3937 1426
3938 800
3945 917
3960 1435
3962 930
3975 784
3987 14
3993 1184
3998 1914
2006 1328
2008 1379
2010 466
2013 1366
2017 1589
2021 1760
2034 587
2036 1868
2044 672
