8192 6375
8193 7349
8194 7272
8195 7796
8196 7098
8197 7916
8198 7923
8199 6160
8200 7501
8201 7111
8202 6681
8203 6732
8204 6598
8205 7260
8206 7089
8207 6501
8208 6570
8209 7184
8210 6851
8211 6852
8212 7281
8213 6169
8214 7955
8215 7593
8216 6129
8217 6404
8218 7901
8219 6352
8220 6639
8221 7947
8222 7119
8223 7727
8224 6567
8225 7874
8226 6115
8227 6847
8228 7690
8229 6581
8230 7213
8231 7371
8232 7934
8233 7691
8234 7513
8235 6958
8236 7032
8237 6877
8238 7071
8239 7799
8240 7798
8241 6324
8242 7893
8243 6423
8244 7711
8245 6579
8246 7520
8247 7413
8248 7956
8249 7061
8250 6748
8251 6064
8252 6843
8253 6009
8254 7191
8255 6303
8256 7889
8257 6509
8258 7740
8259 6229
8260 6562
8261 6041
8262 6253
8263 6119
8264 6584
8265 6370
8266 7617
8267 6113
8268 7485
8269 7496
8270 7049
8271 7353
8272 7035
8273 7365
8274 7141
8275 6091
8276 7557
8277 7579
8278 7676
8279 6209
8280 7614
8281 6525
8282 7009
8283 7459
8284 7022
8285 7184
8286 7026
8287 6925
8288 7655
8289 6374
8290 6834
8291 7735
8292 7232
8293 7449
8294 6197
8295 6672
8296 6211
8297 6989
8298 6439
8299 7517
8300 7350
8301 7458
8302 6160
8303 6510
8304 7304
8305 7377
8306 7308
8307 6632
8308 7977
8309 6531
8310 7282
8311 7566
8312 7896
8313 6606
8314 6963
8315 7498
8316 7465
8317 7651
8318 7446
8319 6982
8320 6738
8321 7426
8322 6509
8323 7239
8324 6320
8325 6857
8326 7488
8327 7112
8328 6064
8329 6649
8330 7889
8331 6193
8332 7491
8333 7821
8334 6331
8335 7930
8336 6303
8337 6873
8338 7230
8339 6950
8340 6170
8341 7126
8342 6390
8343 6672
8344 6146
8345 7206
8346 6067
8347 6361
8348 7932
8349 7385
8350 7506
8351 7645
8352 6637
8353 7175
8354 6816
8355 7193
8356 7150
8357 6392
8358 7058
8359 6541
8360 6666
8361 6715
8362 7755
8363 7970
8364 7139
8365 7155
8366 6537
8367 7411
8368 6679
8369 6288
8370 6548
8371 7233
8372 7551
8373 6374
8374 6221
8375 6307
8376 6837
8377 7324
8378 6057
8379 7671
8380 7722
8381 6096
8382 7772
8383 6491
8384 6378
8385 7750
8386 7824
8387 7191
8388 6696
8389 6461
8390 7753
8391 6746
8392 7531
8393 7150
8394 6150
8395 7502
8396 7051
8397 6043
8398 6483
8399 7132
8400 6615
8401 6819
8402 6929
8403 6403
8404 7007
8405 7405
8406 6868
8407 6424
8408 7011
8409 6019
8410 7624
8411 7510
8412 6315
8413 6434
8414 7724
8415 7599
8416 6742
8417 6616
8418 6133
8419 7034
8420 6867
8421 6638
8422 6024
8423 6141
8424 7002
8425 7399
8426 7679
8427 6068
8428 6321
8429 7286
8430 7480
8431 7039
8432 7737
8433 6165
8434 6654
8435 6652
8436 7363
8437 7584
8438 7470
8439 6489
8440 6473
8441 7182
8442 6797
8443 7758
8444 6151
8445 7468
8446 6168
8447 6575
8448 7268
8449 7907
8450 7413
8451 6527
8452 6550
8453 6852
8454 7594
8455 7286
8456 7748
8457 7059
8458 7559
8459 7449
8460 6766
8461 7570
8462 6578
8463 6370
8464 7537
8465 7264
8466 6431
8467 6550
8468 6967
8469 6149
8470 6827
8471 7524
8472 6624
8473 7501
8474 7780
8475 6247
8476 6228
8477 6784
8478 7190
8479 6680
8480 7191
8481 7111
8482 6687
8483 6500
8484 6313
8485 6932
8486 7829
8487 6120
8488 6763
8489 7247
8490 6514
8491 7071
8492 6623
8493 7957
8494 6318
8495 6940
8496 6733
8497 6522
8498 6039
8499 6331
8500 7143
8501 7097
8502 7572
8503 6909
8504 7572
8505 6822
8506 7084
8507 7425
8508 6863
8509 7379
8510 7904
8511 7935
8512 7222
8513 7795
8514 7664
8515 6246
8516 6029
8517 6610
8518 7710
8519 7707
8520 7488
8521 6452
8522 7890
8523 6840
8524 6070
8525 7781
8526 6247
8527 6873
8528 7457
8529 6189
8530 6916
8531 6889
8532 7455
8533 7007
8534 7672
8535 7730
8536 7810
8537 7559
8538 6243
8539 7089
8540 7389
8541 6167
8542 6127
8543 6665
8544 7857
8545 6221
8546 7210
8547 7126
8548 6860
8549 7263
8550 6562
8551 6361
8552 6619
8553 7484
8554 6790
8555 6496
8556 6954
8557 6683
8558 6452
8559 7283
8560 7625
8561 7960
8562 6682
8563 7720
8564 6696
8565 7692
8566 7317
8567 7295
8568 6517
8569 6752
8570 6752
8571 6656
8572 6755
8573 7910
8574 7321
8575 6650
8576 6020
8577 6520
8578 7730
8579 6980
8580 7689
8581 7536
8582 6721
8583 7238
8584 7876
8585 7398
8586 6027
8587 7032
8588 6815
8589 7343
8590 7661
8591 6310
8592 6768
8593 7121
8594 6944
8595 7802
8596 6443
8597 7562
8598 6770
8599 7860
8600 6169
8601 7823
8602 7575
8603 6258
8604 7184
8605 6205
8606 7031
8607 6504
8608 6363
8609 6088
8610 6215
8611 7709
8612 6218
8613 7923
8614 7267
8615 6981
8616 7457
8617 6482
8618 6389
8619 7321
8620 7898
8621 6662
8622 6350
8623 6997
8624 6360
8625 6487
8626 7763
8627 7231
8628 7971
8629 6979
8630 7929
8631 7561
8632 6683
8633 7653
8634 7630
8635 7491
8636 6649
8637 6073
8638 7939
8639 6617
8640 7625
8641 6234
8642 6467
8643 7908
8644 6268
8645 6266
8646 7756
8647 7878
8648 6357
8649 7884
8650 6606
8651 6923
8652 6882
8653 6453
8654 7441
8655 7671
8656 6757
8657 7328
8658 7047
8659 7444
8660 7643
8661 7232
8662 6532
8663 7991
8664 6085
8665 6503
8666 6438
8667 6232
8668 6384
8669 6896
8670 7499
8671 6427
8672 7179
8673 6040
8674 7387
8675 6302
8676 6881
8677 6498
8678 7283
8679 6647
8680 7127
8681 6351
8682 6524
8683 6851
8684 7868
8685 6373
8686 6837
8687 6849
8688 7111
8689 7239
8690 6608
8691 7986
8692 6338
8693 6602
8694 7537
8695 7629
8696 6221
8697 7955
8698 7247
8699 7671
8700 6943
8701 6651
8702 6119
8703 7727
8704 7606
8705 6369
8706 6880
8707 6701
8708 6273
8709 6657
8710 6538
8711 6662
8712 7854
8713 7825
8714 6780
8715 7827
8716 7678
8717 7914
8718 6588
8719 7101
8720 6686
8721 7702
8722 7640
8723 7019
8724 6769
8725 7302
8726 6178
8727 6523
8728 7050
8729 6622
8730 7215
8731 7982
8732 7494
8733 6643
8734 7542
8735 6186
8736 7231
8737 7114
8738 7543
8739 7972
8740 7347
8741 7959
8742 7029
8743 7012
8744 6400
8745 6571
8746 6841
8747 7133
8748 7625
8749 7524
8750 7372
8751 6314
8752 6844
8753 6517
8754 7844
8755 6464
8756 7874
8757 6713
8758 7275
8759 6458
8760 7087
8761 6624
8762 6471
8763 6379
8764 7524
8765 7722
8766 7987
8767 6798
8768 6122
8769 7337
8770 6536
8771 6122
8772 6189
8773 7744
8774 7406
8775 7023
8776 6544
8777 7631
8778 6752
8779 6901
8780 7533
8781 7892
8782 6570
8783 7343
8784 7300
8785 7076
8786 7723
8787 7098
8788 6261
8789 6743
8790 7114
8791 7743
8792 7141
8793 7693
8794 7206
8795 7427
8796 6432
8797 7142
8798 7941
8799 7571
8800 7303
8801 7009
8802 7258
8803 6097
8804 6827
8805 7736
8806 6336
8807 7557
8808 7563
8809 7244
8810 6621
8811 7365
8812 6367
8813 6680
8814 7748
8815 7197
8816 7368
8817 7413
8818 6863
8819 6925
8820 6789
8821 6885
8822 7721
8823 7582
8824 7155
8825 6200
8826 7755
8827 6169
8828 6354
8829 6826
8830 6316
8831 7600
8832 7811
8833 7494
8834 6789
8835 7063
8836 7695
8837 7326
8838 7012
8839 6492
8840 6792
8841 7711
8842 6127
8843 7747
8844 7274
8845 7571
8846 6671
8847 7842
8848 6041
8849 6748
8850 6210
8851 6278
8852 6179
8853 7719
8854 6674
8855 6899
8856 6901
8857 7045
8858 6140
8859 7836
8860 6244
8861 7270
8862 7677
8863 7171
8864 7004
8865 7126
8866 7470
8867 6766
8868 6245
8869 7177
8870 6992
8871 7838
8872 6564
8873 6307
8874 6934
8875 6433
8876 7949
8877 6486
8878 6770
8879 7547
8880 7356
8881 7036
8882 6322
8883 7945
8884 7512
8885 6334
8886 7072
8887 6862
8888 7133
8889 6334
8890 7344
8891 7158
8892 6525
8893 7641
8894 6876
8895 7076
8896 7476
8897 6989
8898 6683
8899 7039
8900 6141
8901 7673
8902 6843
8903 6291
8904 7108
8905 7944
8906 7315
8907 7703
8908 7459
8909 7418
8910 7429
8911 7851
8912 6083
8913 7619
8914 6385
8915 7853
8916 6951
8917 7241
8918 7480
8919 6166
8920 6875
8921 6983
8922 7236
8923 6439
8924 7849
8925 6800
8926 6794
8927 6036
8928 7462
8929 6856
8930 7807
8931 6146
8932 6644
8933 7812
8934 6813
8935 7988
8936 6563
8937 7341
8938 6147
8939 6743
8940 6681
8941 6484
8942 6624
8943 6913
8944 6471
8945 7785
8946 7079
8947 7320
8948 6924
8949 6923
8950 6991
8951 6751
8952 6376
8953 7654
8954 6000
8955 6698
8956 7779
8957 6313
8958 7681
8959 7688
8960 7981
8961 7342
8962 7869
8963 7418
8964 7171
8965 7464
8966 7219
8967 7610
8968 6393
8969 7876
8970 6432
8971 7744
8972 7747
8973 7515
8974 7177
8975 6802
8976 7909
8977 7375
8978 6963
8979 6422
8980 7772
8981 7491
8982 7026
8983 7248
8984 6975
8985 7446
8986 7763
8987 7226
8988 7700
8989 6882
8990 6020
8991 7744
8992 7848
8993 6681
8994 6553
8995 6720
8996 7007
8997 6432
8998 6765
8999 7188
9000 7701
9001 7180
9002 7498
9003 7660
9004 7928
9005 7867
9006 6993
9007 6275
9008 6957
9009 7200
9010 7541
9011 6492
9012 7231
9013 6886
9014 7010
9015 6906
9016 7629
9017 7679
9018 7405
9019 7772
9020 7125
9021 7452
9022 6392
9023 6741
9024 7740
9025 7156
9026 6033
9027 7646
9028 6115
9029 7500
9030 7166
9031 7296
9032 6265
9033 6345
9034 6146
9035 7028
9036 7365
9037 7714
9038 6283
9039 7272
9040 6784
9041 7931
9042 7911
9043 7836
9044 6725
9045 6423
9046 7881
9047 7668
9048 6603
9049 7331
9050 6297
9051 6688
9052 6906
9053 6668
9054 6136
9055 7493
9056 6134
9057 7913
9058 7714
9059 6134
9060 6340
9061 6859
9062 7171
9063 6794
9064 6195
9065 7898
9066 6934
9067 6965
9068 6961
9069 7919
9070 6541
9071 7132
9072 6183
9073 7433
9074 7202
9075 7564
9076 7277
9077 7976
9078 6716
9079 7565
9080 6058
9081 6287
9082 7305
9083 6781
9084 7258
9085 6630
9086 6231
9087 7243
9088 7003
9089 6091
9090 7575
9091 7761
9092 6545
9093 7671
9094 7251
9095 6013
9096 7668
9097 7288
9098 6186
9099 6237
9100 6988
9101 6055
9102 7910
9103 7890
9104 6139
9105 6752
9106 7533
9107 7708
9108 7480
9109 6726
9110 7961
9111 7061
9112 6165
9113 6381
9114 7828
9115 6934
9116 7771
9117 6322
9118 6835
9119 7836
9120 6655
9121 7007
9122 6653
9123 7032
9124 7886
9125 7309
9126 6594
9127 6664
9128 6939
9129 7330
9130 6502
9131 6351
9132 6458
9133 7563
9134 6866
9135 6332
9136 7080
9137 6453
9138 6471
9139 6448
9140 6492
9141 6337
9142 7737
9143 6636
9144 7058
9145 6695
9146 7015
9147 7013
9148 6122
9149 7056
9150 6269
9151 6213
9152 6893
9153 7168
9154 7060
9155 6537
9156 7295
9157 7171
9158 6606
9159 6409
9160 7186
9161 6559
9162 6194
9163 6149
9164 6378
9165 6184
9166 7214
9167 6919
9168 6394
9169 7570
9170 6845
9171 6868
9172 6659
9173 6773
9174 7492
9175 7409
9176 7288
9177 7713
9178 6581
9179 7458
9180 7654
9181 7526
9182 7543
9183 6270
9184 6705
9185 6336
9186 7021
9187 7816
9188 7042
9189 6041
9190 6404
9191 6939
9192 7374
9193 7374
9194 7366
9195 7729
9196 7880
9197 7468
9198 6640
9199 6689
9200 6907
9201 7191
9202 6757
9203 6053
9204 6851
9205 6124
9206 7998
9207 7100
9208 6356
9209 7147
9210 6135
9211 6301
9212 6507
9213 6372
9214 7054
9215 6600
9216 6289
9217 7450
9218 7440
9219 6004
9220 7973
9221 6674
9222 6641
9223 6944
9224 7203
9225 7266
9226 7985
9227 6230
9228 6830
9229 6914
9230 6686
9231 6330
9232 7596
9233 7672
9234 7790
9235 7104
9236 6864
9237 7709
9238 7653
9239 6162
9240 7746
9241 7709
9242 7849
9243 7356
9244 7125
9245 7958
9246 6741
9247 6468
9248 7200
9249 7195
9250 6110
9251 6310
9252 6941
9253 7477
9254 6028
9255 7791
9256 6111
9257 7838
9258 6825
9259 7770
9260 6720
9261 7243
9262 6390
9263 7241
9264 7336
9265 7269
9266 7846
9267 6248
9268 7241
9269 7112
9270 6290
9271 6756
9272 6677
9273 7108
9274 6890
9275 6470
9276 7166
9277 7506
9278 7522
9279 7059
9280 7717
9281 6571
9282 6208
9283 7271
9284 7176
9285 7356
9286 7050
9287 7306
9288 6667
9289 6023
9290 7419
9291 7256
9292 7477
9293 6090
9294 6305
9295 7409
9296 7483
9297 7653
9298 7618
9299 6213
9300 6048
9301 6674
9302 7717
9303 7912
9304 7691
9305 6407
9306 7659
9307 7412
9308 6503
9309 7346
9310 7554
9311 6962
9312 7155
9313 7387
9314 6391
9315 6706
9316 7724
9317 7618
9318 6412
9319 6290
9320 6993
9321 6024
9322 7015
9323 6228
9324 7417
9325 7889
9326 6201
9327 7190
9328 7875
9329 7963
9330 7810
9331 7716
9332 7299
9333 6757
9334 7876
9335 6236
9336 6185
9337 7802
9338 6866
9339 7853
9340 7918
9341 7958
9342 7732
9343 7008
9344 6508
9345 7634
9346 6789
9347 6888
9348 7296
9349 7115
9350 7112
9351 7695
9352 7796
9353 6802
9354 7649
9355 6485
9356 7459
9357 6465
9358 6511
9359 7159
9360 7094
9361 6889
9362 6412
9363 6834
9364 6001
9365 7179
9366 7794
9367 6055
9368 6575
9369 7376
9370 7275
9371 6016
9372 7209
9373 6713
9374 7398
9375 6983
9376 6677
9377 7582
9378 7058
9379 6081
9380 7174
9381 7938
9382 6499
9383 7885
9384 7609
9385 6394
9386 7762
9387 7736
9388 7662
9389 7131
9390 7347
9391 7404
9392 7567
9393 6411
9394 7547
9395 7120
9396 7411
9397 7279
9398 6518
9399 6062
9400 7094
9401 7600
9402 6460
9403 6755
9404 7236
9405 6367
9406 7468
9407 6027
9408 6009
9409 7587
9410 7533
9411 7758
9412 6085
9413 7576
9414 7689
9415 6403
9416 6741
9417 7170
9418 6085
9419 7783
9420 6450
9421 6875
9422 7058
9423 6722
9424 6470
9425 6743
9426 6439
9427 7241
9428 6609
9429 6848
9430 6216
9431 6061
9432 7822
9433 6584
9434 6601
9435 7576
9436 6667
9437 7440
9438 6926
9439 6829
9440 7545
9441 6820
9442 6860
9443 7072
9444 6243
9445 7809
9446 6122
9447 7058
9448 7767
9449 7676
9450 6038
9451 6441
9452 7509
9453 6021
9454 7379
9455 6326
9456 7490
9457 7390
9458 6290
9459 6054
9460 6443
9461 7130
9462 7395
9463 7522
9464 6163
9465 7392
9466 7680
9467 6173
9468 7985
9469 7212
9470 7503
9471 6228
9472 7360
9473 7047
9474 6260
9475 6964
9476 6177
9477 6831
9478 7988
9479 7749
9480 7207
9481 7515
9482 6599
9483 7940
9484 6022
9485 7314
9486 6458
9487 6420
9488 7022
9489 6273
9490 6232
9491 6455
9492 6181
9493 6427
9494 6045
9495 6827
9496 7354
9497 6550
9498 6372
9499 7837
9500 6313
9501 7311
9502 7387
9503 7432
9504 7544
9505 7532
9506 7923
9507 6793
9508 6321
9509 6041
9510 6585
9511 6508
9512 6812
9513 7764
9514 6758
9515 6046
9516 6995
9517 6336
9518 6409
9519 6633
9520 7864
9521 7897
9522 7608
9523 6938
9524 6649
9525 7956
9526 6548
9527 7990
9528 6897
9529 6434
9530 6371
9531 7985
9532 6524
9533 6111
9534 7833
9535 7399
9536 7696
9537 6228
9538 6285
9539 6019
9540 7489
9541 6633
9542 6979
9543 6635
9544 6969
9545 6370
9546 6941
9547 6632
9548 6504
9549 7730
9550 7254
9551 6874
9552 6353
9553 6777
9554 7105
9555 6208
9556 6192
9557 7664
9558 7421
9559 7773
9560 6775
9561 7560
9562 7864
9563 6704
9564 7972
9565 6299
9566 6556
9567 7788
9568 7421
9569 7998
9570 7964
9571 7163
9572 7066
9573 6929
9574 6384
9575 6291
9576 7989
9577 6175
9578 7961
9579 7513
9580 7232
9581 6257
9582 7293
9583 7047
9584 6998
9585 7912
9586 7695
9587 6850
9588 7271
9589 6787
9590 6963
9591 6097
9592 7870
9593 7859
9594 6718
9595 6681
9596 7218
9597 6842
9598 6096
9599 6383
9600 6082
9601 7502
9602 6568
9603 7617
9604 7591
9605 6621
9606 7193
9607 7017
9608 6025
9609 7305
9610 7294
9611 6333
9612 7590
9613 6522
9614 6061
9615 7421
9616 7333
9617 7914
9618 7828
9619 7811
9620 6115
9621 6020
9622 7514
9623 7984
9624 6324
9625 6340
9626 6756
9627 7501
9628 6790
9629 6470
9630 6293
9631 6258
9632 6065
9633 7527
9634 6339
9635 6772
9636 7790
9637 7141
9638 6844
9639 7783
9640 7065
9641 6094
9642 7388
9643 7157
9644 7944
9645 6432
9646 6670
9647 6265
9648 6506
9649 6828
9650 7397
9651 6738
9652 6493
9653 6263
9654 7696
9655 7876
9656 7411
9657 6102
9658 7137
9659 7371
9660 6783
9661 6789
9662 6566
9663 6054
9664 6679
9665 6129
9666 7379
9667 7352
9668 7954
9669 7899
9670 7047
9671 6151
9672 6204
9673 7709
9674 7805
9675 7846
9676 6631
9677 6022
9678 7138
9679 7618
9680 6095
9681 6073
9682 6485
9683 7707
9684 7028
9685 6119
9686 7831
9687 6171
9688 7161
9689 7872
9690 7947
9691 6324
9692 6792
9693 7333
9694 7782
9695 6687
9696 6368
9697 6645
9698 7253
9699 6872
9700 6841
9701 6489
9702 7332
9703 6278
9704 6911
9705 7294
9706 6816
9707 6467
9708 7285
9709 7823
9710 6127
9711 6838
9712 6003
9713 6312
9714 7051
9715 7601
9716 7835
9717 7731
9718 6614
9719 6986
9720 7893
9721 6873
9722 6277
9723 6868
9724 6160
9725 7016
9726 6943
9727 6101
9728 7188
9729 7370
9730 7441
9731 6230
9732 7919
9733 7895
9734 6516
9735 6212
9736 7284
9737 6718
9738 7764
9739 6706
9740 7181
9741 7242
9742 6582
9743 7642
9744 7598
9745 7508
9746 7551
9747 7613
9748 7089
9749 7860
9750 6275
9751 6348
9752 6497
9753 6958
9754 7704
9755 6715
9756 7661
9757 7365
9758 7808
9759 6255
9760 7692
9761 7401
9762 6357
9763 6652
9764 7977
9765 6381
9766 6924
9767 6169
9768 6418
9769 6732
9770 6323
9771 7790
9772 7714
9773 7633
9774 6935
9775 7063
9776 6289
9777 7959
9778 7543
9779 7692
9780 6623
9781 7924
9782 6874
9783 7937
9784 7697
9785 7763
9786 7717
9787 7644
9788 6941
9789 6447
9790 6161
9791 7944
9792 6937
9793 7854
9794 6626
9795 6436
9796 7741
9797 7709
9798 7864
9799 6475
9800 6037
9801 6609
9802 6286
9803 7634
9804 7733
9805 7285
9806 6443
9807 6597
9808 7014
9809 6839
9810 7757
9811 6903
9812 6118
9813 7770
9814 7471
9815 6345
9816 7308
9817 6335
9818 6069
9819 7722
9820 6997
9821 7446
9822 7740
9823 7188
9824 7395
9825 7291
9826 7063
9827 6744
9828 6571
9829 6567
9830 7284
9831 6391
9832 6763
9833 7220
9834 7662
9835 6341
9836 6675
9837 7538
9838 7450
9839 6811
9840 6203
9841 7902
9842 6301
9843 6644
9844 6361
9845 6671
9846 7499
9847 7379
9848 6130
9849 6354
9850 7158
9851 7925
9852 6410
9853 6956
9854 6359
9855 7610
9856 6157
9857 7657
9858 7776
9859 7289
9860 6184
9861 7422
9862 6502
9863 6607
9864 6249
9865 6060
9866 7857
9867 7924
9868 7443
9869 6771
9870 6324
9871 6151
9872 6079
9873 6228
9874 6272
9875 6181
9876 7440
9877 6246
9878 6948
9879 7347
9880 6812
9881 6944
9882 6426
9883 7286
9884 7369
9885 7983
9886 6032
9887 7193
9888 7183
9889 6158
9890 7556
9891 7270
9892 6222
9893 6856
9894 6318
9895 7869
9896 7076
9897 6454
9898 6744
9899 6628
9900 6040
9901 6173
9902 7237
9903 6137
9904 6128
9905 7517
9906 6561
9907 6649
9908 7559
9909 6910
9910 6374
9911 6792
9912 7413
9913 7933
9914 7918
9915 6049
9916 6636
9917 7672
9918 7190
9919 7727
9920 6645
9921 7924
9922 6888
9923 6557
9924 7247
9925 6310
9926 7738
9927 6242
9928 6930
9929 6023
9930 6598
9931 6731
9932 7160
9933 7868
9934 7617
9935 7560
9936 7695
9937 6027
9938 6838
9939 6780
9940 7386
9941 7178
9942 7733
9943 7493
9944 6306
9945 6373
9946 7303
9947 7650
9948 7288
9949 6879
9950 7390
9951 6814
9952 6156
9953 6469
9954 7264
9955 6916
9956 7331
9957 6599
9958 7553
9959 7247
9960 7598
9961 7039
9962 7372
9963 6604
9964 7229
9965 6429
9966 6802
9967 7794
9968 6758
9969 7110
9970 7971
9971 7897
9972 7148
9973 6352
9974 7195
9975 6605
9976 7454
9977 6507
9978 6908
9979 6156
9980 6493
9981 7078
9982 7996
9983 7876
9984 7985
9985 7758
9986 6326
9987 7121
9988 6866
9989 6847
9990 6418
9991 7118
9992 7418
9993 7143
9994 7091
9995 6506
9996 6796
9997 6700
9998 7121
9999 7771
8000 6773
8001 6147
8002 7381
8003 6248
8004 6656
8005 7949
8006 7643
8007 7129
8008 7721
8009 7846
8010 6592
8011 6291
8012 7474
8013 6110
8014 6686
8015 7552
8016 7024
8017 6816
8018 7271
8019 6296
8020 7156
8021 7124
8022 6450
8023 6338
8024 6473
8025 6442
8026 7420
8027 7528
8028 7653
8029 7399
8030 7986
8031 7994
8032 7391
8033 6591
8034 6809
8035 7100
8036 6626
8037 7744
8038 6797
8039 7422
8040 7336
8041 6201
8042 7031
8043 6792
8044 7020
8045 6708
8046 7612
8047 6148
8048 6336
8049 6650
8050 7007
8051 6820
8052 6692
8053 6950
8054 6613
8055 6516
8056 6234
8057 6869
8058 7378
8059 7132
8060 7085
8061 7738
8062 6211
8063 7978
8064 6122
8065 6277
8066 6059
8067 7773
8068 7539
8069 7354
8070 6020
8071 7140
8072 7901
8073 7713
8074 6670
8075 6495
8076 7823
8077 6130
8078 6013
8079 7617
8080 6759
8081 7014
8082 6219
8083 7747
8084 6230
8085 6930
8086 6539
8087 7851
8088 6018
8089 7897
8090 7928
8091 6200
8092 6191
8093 7921
8094 6349
8095 6334
8096 6753
8097 7220
8098 7089
8099 7229
8100 7284
8101 6579
8102 6532
8103 6390
8104 7335
8105 7989
8106 7906
8107 7370
8108 6606
8109 7633
8110 7111
8111 7502
8112 6132
8113 7755
8114 6429
8115 6360
8116 7606
8117 7387
8118 6008
8119 7040
8120 7572
8121 6960
8122 7510
8123 7013
8124 6238
8125 6780
8126 6080
8127 6822
8128 7374
8129 7352
8130 7249
8131 7930
8132 6460
8133 7930
8134 7743
8135 6822
8136 6504
8137 6035
8138 6246
8139 7872
8140 6267
8141 7147
8142 6133
8143 7914
8144 7057
8145 7511
8146 6344
8147 6912
8148 7084
8149 7799
8150 7147
8151 7394
8152 7554
8153 6554
8154 6588
8155 6469
8156 6177
8157 6808
8158 6948
8159 6696
8160 6054
8161 7645
8162 7370
8163 6714
8164 6670
8165 6435
8166 7104
8167 7998
8168 7147
8169 7795
8170 6281
8171 7638
8172 6853
8173 6523
8174 7053
8175 7386
8176 7828
8177 7137
8178 6089
8179 6717
8180 6641
8181 7676
8182 7311
8183 7331
8184 6153
8185 7553
8186 7474
8187 6008
8188 6594
8189 6348
8190 7089
8191 7590
6000 5818
6001 5264
6003 4163
6004 4003
6008 5348
6009 4771
6013 4534
6016 5161
6018 5384
6019 4635
6020 4329
6021 4150
6022 4623
6023 5669
6024 4491
6025 4871
6027 4754
6028 5925
6029 4960
6032 4032
6033 5375
6035 5102
6036 4804
6037 4811
6038 4820
6039 5558
6040 5786
6041 5837
6043 4957
6045 5480
6046 5394
6048 5126
6049 4483
6053 4780
6054 5164
6055 4801
6057 4412
6058 4783
6059 4161
6060 4384
6061 4567
6062 5279
6064 4928
6065 5927
6067 4289
6068 4100
6069 4072
6070 5385
6073 5391
6079 5308
6080 5387
6081 5065
6082 4812
6083 5169
6085 4351
6088 4994
6089 4474
6090 5102
6091 4549
6094 5801
6095 5797
6096 4306
6097 5135
6101 5058
6102 4576
6110 4398
6111 5197
6113 4155
6115 4799
6118 5279
6119 4148
6120 5487
6122 5371
6124 5037
6127 5967
6128 5617
6129 4719
6130 4188
6132 5886
6133 4587
6134 5421
6135 4386
6136 4112
6137 4531
6139 4670
6140 4197
6141 5411
6146 5216
6147 4048
6148 4408
6149 5277
6150 5755
6151 5579
6153 4640
6156 5556
6157 5911
6158 4910
6160 4790
6161 4903
6162 5661
6163 5474
6165 4428
6166 4179
6167 4755
6168 5513
6169 4269
6170 4121
6171 4319
6173 5774
6175 4377
6177 5908
6178 4049
6179 4273
6181 4480
6183 5166
6184 4768
6185 5420
6186 4191
6189 4716
6191 5729
6192 5716
6193 4914
6194 5888
6195 5053
6197 4560
6200 5787
6201 4504
6203 4351
6204 5017
6205 4289
6208 4440
6209 5281
6210 4531
6211 5732
6212 4335
6213 4547
6215 5724
6216 4247
6218 5409
6219 4569
6221 4565
6222 5594
6228 4636
6229 5198
6230 5134
6231 5067
6232 5776
6234 4326
6236 4489
6237 4824
6238 5086
6242 4783
6243 5422
6244 4903
6245 5242
6246 5504
6247 4133
6248 4218
6249 4566
6253 4625
6255 5348
6257 5383
6258 4239
6260 4466
6261 5752
6263 4432
6265 5695
6266 4957
6267 4213
6268 5412
6269 4800
6270 5593
6272 5489
6273 4823
6275 5829
6277 4942
6278 4759
6281 4529
6283 4209
6285 5283
6286 4811
6287 4527
6288 4206
6289 4971
6290 4371
6291 4141
6293 4210
6296 5979
6297 4795
6299 5808
6301 4350
6302 4614
6303 5826
6305 5548
6306 4094
6307 5329
6310 5002
6312 5528
6313 5202
6314 4466
6315 5301
6316 4918
6318 4522
6320 4052
6321 4711
6322 4921
6323 5696
6324 4436
6326 4068
6330 5342
6331 5489
6332 5670
6333 4454
6334 5196
6335 4528
6336 5631
6337 5103
6338 4246
6339 4541
6340 5027
6341 4026
6344 5378
6345 5072
6348 4022
6349 5193
6350 5752
6351 4113
6352 5350
6353 4185
6354 5455
6356 4114
6357 4518
6359 5011
6360 5054
6361 5513
6363 5672
6367 5653
6368 4346
6369 4374
6370 5797
6371 5905
6372 5135
6373 5781
6374 4841
6375 5884
6376 5016
6378 4391
6379 5709
6381 4319
6383 5100
6384 4242
6385 4411
6389 4247
6390 5176
6391 4391
6392 4974
6393 4764
6394 4151
6400 5188
6403 5434
6404 5905
6407 5197
6409 5048
6410 5103
6411 5676
6412 4901
6418 4620
6420 4903
6422 5207
6423 5162
6424 5390
6426 4045
6427 5845
6429 5646
6431 4661
6432 5965
6433 4036
6434 5034
6435 4235
6436 5919
6438 4851
6439 4096
6441 5646
6442 4613
6443 4912
6447 4974
6448 5196
6450 5153
6452 5720
6453 5671
6454 5435
6455 5733
6458 4735
6460 5795
6461 5093
6464 4911
6465 5768
6467 4146
6468 4828
6469 4549
6470 4837
6471 4356
6473 5595
6475 4039
6482 5040
6483 5419
6484 4339
6485 4796
6486 5086
6487 5688
6489 4935
6491 4480
6492 4428
6493 5423
6495 4474
6496 5555
6497 4014
6498 5015
6499 4842
6500 5440
6501 5981
6502 5130
6503 4026
6504 4335
6506 4716
6507 5475
6508 5570
6509 5404
6510 4823
6511 5657
6514 5159
6516 5826
6517 4326
6518 4145
6520 4348
6522 4766
6523 5030
6524 5655
6525 4499
6527 4598
6531 5860
6532 4097
6536 4644
6537 5702
6538 5756
6539 5847
6541 4106
6544 4522
6545 5363
6548 4133
6550 5808
6553 5219
6554 5295
6556 4422
6557 4956
6559 4707
6561 5921
6562 5991
6563 5941
6564 4642
6566 5373
6567 4591
6568 4993
6570 4065
6571 4995
6575 5434
6578 5034
6579 5078
6581 5015
6582 5398
6584 4592
6585 4063
6588 5940
6591 5917
6592 5815
6594 4340
6597 5070
6598 4947
6599 4045
6600 5365
6601 4263
6602 5214
6603 4539
6604 4301
6605 5839
6606 5716
6607 5934
6608 4455
6609 4975
6610 4435
6613 5352
6614 5205
6615 5276
6616 5025
6617 5968
6619 4123
6621 4941
6622 4274
6623 4999
6624 4922
6626 4056
6628 4570
6630 4139
6631 4791
6632 5396
6633 5760
6635 5840
6636 4840
6637 4923
6638 5774
6639 5808
6640 5011
6641 5877
6643 4889
6644 4650
6645 5425
6647 4642
6649 5311
6650 5921
6651 4070
6652 4248
6653 4334
6654 4446
6655 5673
6656 4961
6657 4259
6659 4192
6662 5407
6664 5589
6665 4885
6666 4155
6667 4518
6668 5794
6670 4061
6671 5122
6672 4340
6674 5864
6675 5641
6677 5293
6679 4902
6680 4186
6681 5091
6682 5660
6683 5701
6686 5460
6687 5817
6688 5024
6689 5403
6692 4271
6695 5121
6696 5588
6698 4743
6700 5058
6701 4262
6704 4170
6705 4118
6706 4786
6708 5106
6713 5669
6714 4749
6715 5409
6716 5072
6717 4035
6718 5397
6720 4902
6721 5880
6722 5832
6725 5747
6726 5472
6731 5842
6732 5833
6733 5723
6738 5576
6741 4640
6742 4445
6743 4926
6744 5872
6746 4844
6748 4809
6751 5078
6752 4805
6753 4164
6755 4692
6756 5227
6757 5242
6758 4634
6759 4022
6763 5012
6765 5306
6766 4336
6768 4140
6769 4909
6770 4342
6771 4044
6772 4028
6773 4940
6775 4016
6777 5623
6780 5376
6781 5496
6783 4709
6784 4168
6787 5013
6789 5016
6790 5988
6792 4680
6793 5509
6794 5250
6796 4122
6797 5477
6798 5051
6800 5777
6802 5171
6808 5378
6809 5846
6811 4207
6812 4395
6813 5783
6814 4764
6815 4184
6816 4649
6819 5459
6820 5321
6822 4944
6825 5844
6826 5872
6827 4818
6828 4418
6829 5346
6830 5313
6831 4223
6834 5507
6835 4094
6837 5819
6838 5458
6839 4910
6840 4589
6841 4556
6842 5432
6843 4090
6844 4833
6845 4099
6847 5591
6848 5631
6849 4512
6850 4076
6851 5164
6852 5690
6853 5596
6856 4008
6857 4009
6859 4313
6860 5911
6862 5784
6863 5311
6864 4930
6866 5720
6867 4735
6868 4452
6869 4956
6872 5271
6873 4027
6874 5230
6875 4044
6876 4024
6877 4763
6879 5319
6880 5081
6881 4370
6882 5459
6885 4012
6886 4848
6888 5594
6889 5571
6890 4444
6893 4512
6896 4658
6897 4534
6899 4974
6901 5034
6903 5223
6906 5971
6907 4198
6908 5398
6909 5193
6910 4079
6911 4018
6912 4543
6913 4046
6914 5072
6916 4077
6919 4395
6923 4841
6924 5855
6925 4654
6926 5266
6929 4680
6930 4219
6932 4977
6934 5687
6935 4013
6937 4706
6938 5921
6939 4662
6940 4465
6941 4629
6943 4195
6944 5645
6948 5351
6950 5772
6951 4606
6954 5223
6956 4437
6957 4727
6958 4824
6960 5781
6961 4551
6962 4841
6963 4382
6964 4825
6965 4169
6967 5518
6969 4455
6975 4990
6979 4162
6980 4529
6981 5615
6982 5454
6983 5728
6986 4972
6988 4187
6989 5091
6991 4407
6992 5035
6993 4939
6995 4964
6997 4108
6998 4195
7002 5616
7003 5651
7004 4395
7007 5550
7008 5291
7009 4633
7010 5262
7011 5579
7012 4505
7013 4955
7014 4944
7015 5248
7016 4581
7017 4823
7019 5884
7020 5214
7021 5477
7022 4611
7023 4238
7024 4356
7026 5274
7028 5117
7029 4727
7031 4959
7032 5602
7034 5540
7035 4071
7036 5466
7039 5181
7040 5354
7042 5272
7045 5406
7047 5445
7049 4694
7050 4493
7051 5592
7053 4995
7054 5439
7056 5908
7057 5922
7058 4445
7059 4229
7060 4389
7061 5639
7063 4879
7065 4610
7066 4641
7071 4910
7072 5487
7076 5603
7078 5672
7079 5982
7080 4200
7084 4007
7085 4022
7087 5325
7089 5766
7091 5383
7094 5053
7097 4470
7098 4572
7100 4118
7101 5177
7104 4703
7105 5457
7108 5305
7110 4790
7111 5477
7112 4268
7114 5262
7115 4965
7118 5866
7119 5366
7120 5237
7121 5687
7124 5976
7125 4633
7126 5048
7127 4733
7129 5339
7130 5039
7131 4599
7132 5035
7133 5416
7137 4374
7138 5242
7139 5103
7140 4572
7141 4230
7142 5167
7143 5055
7147 4011
7148 4037
7150 5211
7155 4345
7156 4383
7157 4059
7158 5906
7159 5548
7160 5631
7161 5705
7163 5631
7166 4503
7168 4392
7170 4007
7171 4423
7174 5122
7175 4223
7176 4229
7177 5191
7178 5833
7179 4977
7180 5690
7181 5058
7182 4071
7183 4004
7184 4308
7186 5618
7188 4795
7190 5137
7191 4694
7193 4910
7195 4897
7197 5269
7200 5393
7202 5719
7203 4165
7206 5412
7207 4480
7209 4291
7210 5198
7212 4706
7213 5404
7214 4870
7215 5210
7218 5899
7219 5950
7220 5321
7222 4266
7226 5500
7229 4752
7230 5963
7231 4390
7232 5826
7233 4552
7236 4946
7237 5395
7238 4131
7239 5035
7241 5757
7242 4165
7243 4412
7244 5862
7247 5029
7248 4088
7249 4250
7251 5101
7253 5748
7254 4061
7256 4302
7258 4989
7260 4383
7263 5582
7264 4920
7266 4187
7267 4847
7268 5313
7269 4752
7270 4998
7271 5448
7272 5813
7274 5250
7275 5658
7277 5140
7279 4156
7281 5503
7282 4882
7283 4011
7284 5910
7285 5620
7286 5852
7288 5016
7289 4983
7291 5581
7293 5713
7294 4119
7295 5469
7296 5871
7299 5644
7300 5363
7302 4525
7303 4305
7304 5941
7305 4560
7306 5852
7308 4554
7309 4534
7311 4720
7314 5564
7315 5225
7317 5994
7320 5100
7321 4281
7324 4457
7326 5870
7328 4489
7330 5166
7331 5171
7332 5670
7333 4822
7335 5837
7336 5244
7337 5132
7341 5084
7342 4803
7343 4966
7344 4882
7346 5178
7347 4622
7349 5348
7350 4694
7352 5648
7353 4610
7354 4270
7356 4228
7360 4163
7363 4252
7365 5107
7366 4587
7368 5622
7369 5909
7370 5631
7371 4296
7372 4819
7374 5235
7375 5656
7376 5280
7377 5078
7378 4327
7379 5598
7381 5323
7385 4995
7386 4409
7387 4469
7388 4427
7389 4363
7390 4857
7391 5173
7392 5414
7394 5334
7395 4653
7397 5978
7398 5509
7399 5309
7401 4624
7404 4103
7405 5219
7406 4400
7409 5682
7411 5594
7412 5859
7413 5235
7417 4756
7418 5184
7419 5174
7420 4085
7421 5219
7422 4529
7425 5716
7426 4051
7427 5718
7429 4301
7432 5346
7433 4696
7440 4441
7441 5981
7443 5690
7444 5052
7446 5550
7449 4315
7450 5840
7452 5752
7454 4899
7455 4535
7457 5889
7458 5796
7459 4232
7462 5799
7464 5393
7465 4792
7468 4874
7470 5103
7471 4396
7474 5099
7476 5840
7477 4380
7480 4709
7483 5239
7484 5729
7485 5055
7488 5890
7489 5559
7490 5111
7491 4005
7492 5797
7493 4304
7494 5061
7496 5322
7498 5233
7499 4189
7500 4917
7501 4528
7502 4969
7503 5083
7506 5628
7508 5144
7509 5378
7510 5658
7511 4754
7512 5798
7513 4292
7514 4581
7515 4345
7517 4714
7520 4856
7522 4045
7524 5028
7526 4665
7527 5616
7528 4152
7531 5061
7532 5190
7533 5906
7536 4130
7537 4156
7538 5188
7539 4052
7541 5084
7542 4468
7543 5562
7544 4763
7545 5588
7547 4924
7551 4416
7552 5883
7553 5383
7554 4638
7556 4100
7557 5831
7559 5498
7560 4481
7561 5467
7562 5103
7563 5962
7564 4799
7565 5982
7566 5377
7567 4886
7570 4862
7571 5020
7572 5685
7575 5984
7576 4869
7579 5722
7582 5712
7584 5667
7587 5325
7590 4234
7591 4089
7593 4928
7594 5986
7596 5827
7598 4043
7599 5678
7600 4158
7601 4362
7606 5598
7608 4028
7609 5500
7610 5237
7612 5281
7613 5293
7614 4755
7617 5536
7618 5222
7619 4043
7624 4318
7625 4536
7629 4226
7630 5799
7631 4495
7633 5237
7634 5872
7638 5678
7640 5237
7641 5661
7642 4386
7643 4276
7644 4202
7645 5888
7646 5528
7649 5185
7650 4540
7651 4709
7653 4172
7654 5245
7655 5611
7657 4908
7659 5117
7660 4624
7661 4785
7662 4994
7664 5997
7668 5541
7671 4679
7672 5323
7673 5089
7676 4716
7677 4495
7678 5369
7679 4411
7680 5081
7681 4307
7688 5029
7689 5722
7690 5863
7691 4460
7692 4733
7693 5718
7695 4781
7696 4663
7697 4151
7700 4111
7701 5490
7702 4803
7703 4427
7704 5696
7707 4411
7708 5505
7709 5218
7710 4116
7711 4845
7713 5554
7714 5980
7716 4490
7717 4306
7719 5509
7720 5162
7721 5990
7722 4714
7723 5175
7724 5820
7727 5357
7729 5741
7730 4897
7731 5725
7732 5690
7733 4322
7735 4769
7736 5115
7737 5607
7738 4937
7740 4802
7741 5507
7743 4487
7744 4047
7746 4237
7747 4370
7748 5545
7749 5146
7750 5631
7753 4931
7755 5680
7756 4419
7757 5913
7758 4349
7761 5656
7762 4593
7763 5863
7764 4754
7767 4472
7770 4437
7771 4666
7772 5875
7773 5224
7776 4017
7779 5143
7780 4264
7781 5737
7782 4244
7783 4814
7785 5329
7788 4708
7790 4878
7791 4587
7794 4934
7795 5132
7796 5589
7798 5328
7799 5040
7802 4938
7805 4186
7807 5592
7808 5151
7809 4728
7810 4545
7811 5964
7812 5627
7816 5789
7821 4663
7822 5980
7823 5396
7824 5272
7825 5188
7827 4463
7828 5535
7829 4466
7831 4973
7833 4110
7835 4470
7836 5720
7837 5679
7838 4252
7842 5618
7844 5266
7846 4426
7848 4195
7849 5749
7851 4157
7853 5132
7854 5987
7857 4308
7859 5658
7860 5339
7864 5741
7867 4398
7868 4072
7869 4384
7870 5034
7872 4529
7874 5591
7875 5306
7876 4594
7878 5510
7880 5327
7881 4382
7884 5257
7885 5777
7886 5152
7889 5899
7890 5838
7892 4007
7893 4590
7895 5997
7896 5978
7897 5764
7898 4590
7899 4357
7901 5551
7902 4958
7904 4579
7906 5859
7907 5494
7908 5459
7909 5630
7910 4755
7911 5554
7912 4023
7913 4748
7914 4337
7916 5521
7918 4034
7919 5635
7921 4317
7923 4557
7924 5991
7925 4943
7928 4566
7929 4541
7930 5780
7931 5939
7932 5190
7933 4502
7934 4884
7935 5656
7937 5617
7938 5526
7939 5988
7940 4005
7941 4766
7944 4745
7945 5717
7947 5741
7949 5473
7954 4664
7955 4635
7956 4351
7957 4182
7958 5696
7959 4121
7960 4288
7961 5404
7963 5990
7964 4623
7970 4703
7971 4965
7972 5613
7973 5253
7976 4221
7977 4009
7978 4483
7981 5670
7982 4776
7983 5189
7984 5651
7985 4825
7986 5206
7987 4495
7988 4079
7989 5930
7990 4591
7991 4671
7994 4786
7996 5764
7998 5238
4096 3350
4097 2276
4099 3320
4100 2136
4103 2825
4106 2604
4108 3352
4110 3911
4111 2503
4112 3794
4113 3658
4114 3491
4116 3420
4118 2149
4119 2761
4121 2014
4122 3587
4123 3062
4130 3276
4131 2528
4133 3044
4139 3020
4140 2140
4141 3813
4145 3315
4146 3484
4148 3618
4150 2426
4151 3075
4152 2948
4155 3289
4156 3220
4157 2070
4158 2981
4161 3753
4162 2131
4163 3518
4164 3355
4165 3641
4168 3111
4169 3876
4170 3967
4172 2959
4179 2710
4182 2241
4184 3697
4185 3277
4186 3552
4187 3339
4188 2889
4189 3055
4191 3020
4192 3408
4195 3900
4197 3138
4198 2877
4200 2282
4202 2665
4206 2116
4207 2198
4209 3553
4210 2460
4213 3264
4218 2856
4219 2211
4221 3440
4223 3208
4226 3071
4228 3675
4229 2828
4230 2583
4232 3109
4234 3024
4235 3625
4237 3146
4238 2227
4239 3286
4242 2672
4244 2189
4246 3064
4247 3941
4248 2960
4250 3841
4252 2007
4259 2761
4262 3275
4263 2746
4264 2506
4266 2602
4268 3017
4269 2450
4270 2221
4271 2359
4273 2634
4274 3387
4276 2662
4281 2549
4288 3544
4289 2446
4291 3639
4292 2764
4296 2707
4301 3336
4302 2510
4304 3750
4305 2170
4306 2850
4307 2846
4308 3811
4313 3110
4315 3310
4317 3148
4318 3079
4319 2152
4322 3358
4326 3174
4327 3883
4329 3386
4334 2450
4335 2745
4336 3721
4337 3899
4339 2083
4340 2658
4342 2286
4345 2335
4346 2905
4348 2467
4349 2884
4350 3606
4351 2501
4356 3050
4357 2815
4362 2051
4363 2386
4370 2286
4371 2481
4374 3318
4377 2251
4380 2278
4382 2391
4383 3755
4384 3854
4386 3846
4389 3168
4390 3906
4391 2823
4392 3259
4395 2670
4396 2855
4398 3031
4400 3807
4407 2569
4408 3593
4409 3823
4411 3192
4412 2102
4416 3928
4418 3985
4419 3805
4422 3178
4423 2473
4426 3120
4427 3934
4428 3503
4432 3329
4435 3667
4436 3444
4437 3596
4440 2036
4441 3103
4444 2782
4445 3062
4446 3072
4452 3677
4454 3322
4455 3026
4457 3150
4460 3048
4463 2594
4465 2644
4466 2207
4468 2676
4469 2065
4470 3896
4472 2869
4474 3735
4480 2258
4481 2921
4483 2135
4487 3713
4489 3760
4490 3762
4491 2742
4493 2679
4495 3812
4499 2581
4502 2411
4503 2333
4504 3197
4505 3770
4512 2602
4518 3801
4522 3690
4525 3595
4527 2959
4528 3840
4529 2859
4531 2256
4534 3987
4535 3284
4536 3929
4539 3429
4540 2576
4541 2878
4543 2359
4545 3224
4547 3918
4549 2359
4551 3960
4552 2805
4554 3319
4556 2096
4557 3954
4560 2566
4565 2463
4566 3600
4567 3762
4569 2867
4570 2217
4572 2232
4576 2431
4579 2348
4581 3822
4587 2174
4589 3020
4590 2972
4591 3173
4592 3138
4593 3119
4594 3719
4598 2372
4599 2559
4606 2987
4610 2601
4611 2674
4613 3415
4614 3964
4620 3620
4622 3544
4623 2615
4624 2423
4625 2320
4629 2034
4633 2387
4634 2767
4635 3040
4636 2891
4638 2217
4640 3011
4641 2445
4642 2338
4644 3085
4649 2354
4650 3527
4653 2215
4654 2993
4658 3257
4661 3287
4662 2036
4663 3403
4664 3183
4665 2896
4666 3783
4670 2622
4671 2710
4679 2771
4680 2129
4692 3516
4694 3862
4696 3374
4703 3678
4706 2779
4707 3421
4708 3572
4709 3161
4711 2619
4714 3245
4716 3027
4719 3783
4720 3487
4727 2474
4728 2991
4733 2847
4735 2516
4743 2843
4745 2072
4748 3917
4749 3438
4752 2854
4754 2654
4755 2200
4756 3403
4759 3866
4763 3804
4764 3066
4766 3595
4768 3193
4769 2391
4771 3417
4776 3773
4780 3799
4781 3972
4783 2491
4785 3247
4786 2301
4790 2230
4791 2581
4792 3313
4795 2686
4796 3672
4799 3883
4800 3105
4801 3519
4802 3456
4803 2572
4804 3782
4805 3554
4809 3465
4811 2258
4812 3849
4814 3270
4818 3341
4819 3722
4820 3887
4822 3847
4823 2007
4824 3142
4825 2821
4828 3121
4833 3115
4837 2343
4840 2366
4841 2177
4842 2049
4844 2473
4845 3542
4847 2495
4848 3254
4851 2848
4856 2684
4857 2668
4862 3048
4869 2505
4870 2604
4871 3557
4874 3666
4878 3630
4879 2628
4882 2265
4884 2251
4885 3581
4886 3748
4889 2857
4897 3410
4899 3752
4901 3360
4902 3674
4903 3452
4908 3542
4909 3889
4910 2332
4911 2279
4912 2247
4914 2642
4917 2681
4918 3338
4920 3104
4921 2359
4922 2985
4923 2941
4924 3041
4926 3661
4928 3619
4930 3711
4931 2657
4934 3662
4935 2274
4937 2367
4938 2435
4939 2994
4940 3813
4941 2523
4942 2674
4943 2045
4944 3357
4946 3230
4947 3900
4955 2959
4956 3674
4957 3200
4958 3963
4959 2616
4960 3320
4961 2126
4964 3777
4965 3480
4966 3262
4969 3436
4971 2523
4972 3324
4973 2888
4974 2193
4975 3651
4977 2370
4983 2777
4989 2221
4990 3640
4993 2561
4994 3937
4995 2698
4998 2161
4999 2532
5002 3673
5011 2161
5012 3561
5013 3277
5015 3869
5016 2726
5017 2851
5020 2541
5024 3824
5025 3573
5027 2352
5028 3222
5029 3379
5030 3602
5034 3234
5035 2373
5037 2452
5039 3686
5040 3666
5048 3251
5051 2214
5052 3868
5053 2326
5054 3350
5055 2957
5058 2670
5061 3723
5065 3634
5067 2977
5070 2191
5072 2831
5078 2144
5081 2147
5083 3358
5084 3659
5086 3881
5089 2672
5091 3436
5093 2651
5099 3860
5100 3132
5101 2217
5102 2608
5103 3736
5106 2631
5107 2218
5111 2352
5115 2090
5117 2797
5121 2591
5122 2894
5126 2005
5130 2309
5132 3904
5134 3985
5135 3312
5137 3493
5140 2364
5143 3576
5144 2168
5146 3853
5151 2159
5152 2642
5153 2432
5159 2190
5161 2123
5162 2477
5164 3903
5166 2603
5167 2958
5169 2916
5171 3405
5173 2141
5174 2231
5175 2108
5176 2036
5177 3852
5178 2476
5181 3941
5184 3364
5185 3984
5188 2606
5189 3367
5190 3942
5191 2667
5193 3760
5196 2220
5197 2688
5198 2000
5202 3275
5205 3366
5206 3534
5207 3301
5210 2849
5211 2992
5214 2921
5216 3785
5218 2139
5219 3803
5222 3133
5223 2256
5224 3070
5225 3966
5227 2374
5230 2021
5233 3271
5235 2017
5237 2136
5238 3339
5239 3524
5242 2173
5244 3483
5245 2600
5248 2413
5250 2283
5253 3674
5257 3689
5262 2533
5264 2238
5266 3296
5269 3117
5271 3189
5272 3467
5274 3257
5276 3751
5277 3675
5279 2332
5280 3852
5281 2751
5283 2590
5291 2915
5293 2017
5295 3354
5301 3445
5305 2012
5306 2899
5308 2975
5309 2767
5311 3529
5313 2324
5319 3485
5321 3481
5322 3829
5323 3025
5325 3696
5327 2217
5328 2930
5329 3519
5334 2434
5339 2960
5342 3299
5346 2846
5348 2219
5350 2320
5351 2563
5352 2734
5354 3305
5357 3956
5363 2534
5365 3910
5366 2654
5369 3355
5371 2108
5373 2397
5375 3177
5376 2060
5377 2269
5378 2649
5383 3810
5384 3372
5385 2098
5387 2034
5390 2879
5391 2193
5393 3732
5394 2703
5395 3634
5396 3854
5397 2848
5398 2035
5403 3987
5404 2462
5406 2131
5407 2035
5409 2809
5411 2843
5412 2545
5414 2200
5416 3278
5419 3512
5420 2207
5421 3128
5422 2614
5423 2775
5425 3133
5432 3599
5434 2979
5435 2145
5439 2631
5440 2323
5445 3105
5448 3038
5454 2984
5455 2882
5457 3416
5458 2338
5459 2637
5460 2065
5466 3642
5467 3836
5469 3589
5472 2933
5473 2920
5474 3523
5475 3246
5477 2071
5480 2234
5487 2117
5489 3905
5490 3717
5494 2904
5496 2276
5498 2165
5500 2764
5503 2855
5504 2412
5505 3488
5507 3271
5509 2782
5510 3810
5513 3463
5518 3585
5521 3957
5526 3581
5528 2139
5535 2483
5536 2056
5540 3916
5541 2248
5545 2837
5548 2414
5550 2086
5551 2593
5554 2674
5555 2907
5556 2552
5558 3005
5559 2777
5562 2158
5564 2296
5570 2300
5571 3090
5576 3499
5579 3035
5581 2077
5582 3008
5588 3834
5589 2976
5591 2656
5592 3416
5593 3301
5594 3033
5595 2575
5596 3345
5598 3041
5602 2408
5603 3277
5607 3796
5611 3505
5613 3235
5615 3256
5616 2311
5617 3489
5618 3872
5620 2319
5622 3015
5623 3982
5627 3615
5628 3480
5630 2068
5631 3546
5635 3864
5639 2331
5641 2428
5644 3907
5645 2508
5646 3841
5648 3116
5651 2475
5653 2421
5655 3115
5656 3424
5657 2227
5658 2629
5660 3118
5661 3294
5667 2445
5669 2861
5670 2489
5671 3815
5672 2192
5673 3678
5676 2125
5678 3387
5679 2142
5680 3590
5682 3025
5685 2910
5687 2186
5688 3852
5690 3214
5695 3939
5696 2646
5701 2677
5702 3166
5705 3169
5709 2987
5712 3806
5713 3316
5716 2499
5717 3699
5718 3115
5719 2348
5720 3362
5722 2851
5723 3241
5724 2184
5725 2311
5728 3546
5729 2794
5732 3790
5733 2617
5737 2868
5741 2883
5747 2283
5748 3964
5749 3264
5752 2705
5755 3261
5756 2345
5757 2011
5760 2145
5764 3232
5766 3927
5768 2040
5772 2482
5774 2569
5776 3508
5777 2516
5780 3066
5781 2923
5783 2106
5784 3694
5786 3374
5787 2143
5789 2343
5794 2984
5795 3720
5796 2747
5797 2340
5798 2823
5799 2650
5801 3850
5808 2430
5813 2975
5815 2335
5817 3253
5818 2472
5819 2947
5820 3856
5826 3032
5827 2534
5829 2777
5831 2894
5832 2102
5833 3330
5837 3561
5838 2009
5839 3145
5840 3962
5842 2112
5844 2202
5845 3561
5846 2364
5847 2210
5852 3222
5855 3544
5859 2772
5860 2790
5862 3320
5863 2916
5864 3259
5866 3341
5870 2257
5871 2077
5872 2722
5875 2047
5877 3364
5880 3467
5883 2644
5884 3443
5886 2400
5888 2016
5889 2367
5890 2912
5899 3303
5905 3588
5906 2945
5908 2266
5909 2219
5910 3067
5911 3689
5913 3516
5917 3920
5919 3039
5921 2094
5922 3627
5925 3760
5927 2204
5930 3704
5934 3884
5939 2140
5940 2726
5941 2566
5950 2276
5962 2612
5963 2814
5964 3419
5965 3992
5967 3511
5968 3066
5971 2548
5976 2356
5978 2874
5979 2437
5980 3915
5981 3759
5982 3936
5984 3886
5986 2184
5987 2178
5988 3342
5990 2426
5991 3204
5994 3725
5997 3124
4003 2760
4004 3716
4005 3526
4007 3832
4008 2816
4009 2512
4011 2943
4012 2718
4013 3708
4014 3733
4016 2645
4017 2199
4018 3439
4022 2294
4023 2458
4024 2222
4026 3070
4027 3157
4028 3786
4032 2842
4034 2592
4035 3490
4036 2275
4037 2014
4039 2186
4043 3360
4044 2769
4045 2830
4046 2709
4047 3186
4048 2399
4049 3663
4051 2044
4052 3258
4056 2113
4059 2656
4061 3063
4063 3997
4065 2707
4068 3594
4070 2587
4071 3963
4072 2572
4076 3793
4077 3708
4079 2952
4085 2426
4088 2357
4089 2071
4090 3166
4094 3975
2049 1922
2051 742
2056 911
2060 1885
2065 232
2068 394
2070 1982
2071 1995
2072 1342
2077 1057
2083 1905
2086 1973
2090 36
2094 1610
2096 1613
2098 1992
2102 1119
2106 1822
2108 20
2112 206
2113 690
2116 669
2117 1327
2123 1235
2125 1267
2126 708
2129 835
2131 755
2135 392
2136 238
2139 500
2140 873
2141 896
2142 938
2143 744
2144 1746
2145 1253
2147 2
2149 1542
2152 1427
2158 1783
2159 1992
2161 301
2165 1368
2168 1980
2170 1054
2173 801
2174 1239
2177 1182
2178 390
2184 1201
2186 755
2189 943
2190 730
2191 425
2192 583
2193 1573
2198 416
2199 1040
2200 986
2202 30
2204 1569
2207 1763
2210 422
2211 626
2214 1906
2215 423
2217 686
2218 466
2219 1862
2220 329
2221 1193
2222 634
2227 1018
2230 1613
2231 197
2232 1842
2234 975
2238 1728
2241 1711
2247 1062
2248 82
2251 1998
2256 420
2257 758
2258 331
2265 1107
2266 606
2269 1880
2274 690
2275 215
2276 1838
2278 1489
2279 1155
2282 1948
2283 1161
2286 1749
2294 1818
2296 96
2300 1863
2301 1906
2309 356
2311 866
2319 1116
2320 1213
2323 1150
2324 168
2326 1446
2331 1392
2332 1052
2333 674
2335 632
2338 82
2340 1675
2343 1754
2345 1571
2348 260
2352 228
2354 1308
2356 1886
2357 406
2359 1339
2364 1570
2366 1016
2367 1727
2370 988
2372 837
2373 1131
2374 1714
2386 1516
2387 1549
2391 265
2397 1889
2399 288
2400 1989
2408 1400
2411 943
2412 917
2413 1014
2414 1689
2421 1889
2423 1699
2426 383
2428 1054
2430 937
2431 1746
2432 819
2434 613
2435 220
2437 1704
2445 165
2446 1084
2450 1926
2452 1867
2458 1184
2460 1645
2462 1461
2463 382
2467 1090
2472 866
2473 1628
2474 1391
2475 204
2476 1223
2477 1575
2481 1621
2482 608
2483 1527
2489 92
2491 1016
2495 860
2499 325
2501 397
2503 1845
2505 1711
2506 561
2508 1048
2510 515
2512 358
2516 1893
2523 86
2528 1084
2532 762
2533 583
2534 930
2541 1150
2545 1035
2548 798
2549 269
2552 717
2559 1620
2561 1462
2563 1777
2566 477
2569 1306
2572 1431
2575 600
2576 176
2581 276
2583 1786
2587 30
2590 1099
2591 1133
2592 1430
2593 159
2594 1137
2600 869
2601 148
2602 1410
2603 604
2604 643
2606 929
2608 1670
2612 259
2614 902
2615 462
2616 7
2617 1243
2619 1020
2622 1940
2628 1131
2629 606
2631 537
2634 107
2637 82
2642 499
2644 1512
2645 521
2646 1977
2649 1309
2650 951
2651 599
2654 1420
2656 1713
2657 1495
2658 527
2662 766
2665 1402
2667 1390
2668 896
2670 1769
2672 1773
2674 1123
2676 1491
2677 953
2679 706
2681 86
2684 1632
2686 1475
2688 6
2698 472
2703 1996
2705 86
2707 1782
2709 1237
2710 1547
2718 1894
2722 1966
2726 1562
2734 1056
2742 289
2745 1005
2746 666
2747 905
2751 1502
2760 158
2761 1259
2764 1754
2767 26
2769 1183
2771 1259
2772 780
2775 1251
2777 833
2779 485
2782 1624
2790 196
2794 203
2797 1546
2805 1606
2809 100
2814 459
2815 1302
2816 1943
2821 1979
2823 159
2825 1207
2828 1198
2830 1424
2831 1983
2837 1555
2842 105
2843 1050
2846 922
2847 1308
2848 1895
2849 1136
2850 663
2851 1794
2854 418
2855 1467
2856 1053
2857 1497
2859 484
2861 1192
2867 1238
2868 1239
2869 57
2874 1279
2877 151
2878 40
2879 44
2882 391
2883 1936
2884 373
2888 1424
2889 539
2891 782
2894 129
2896 784
2899 952
2904 1444
2905 637
2907 141
2910 689
2912 684
2915 1633
2916 806
2920 407
2921 341
2923 1461
2930 432
2933 1399
2941 1112
2943 1366
2945 476
2947 557
2948 38
2952 1638
2957 1194
2958 389
2959 552
2960 20
2972 440
2975 1704
2976 1204
2977 1883
2979 910
2981 1787
2984 203
2985 375
2987 817
2991 304
2992 993
2993 1291
2994 327
3005 1332
3008 540
3011 478
3015 352
3017 1950
3020 1163
3024 560
3025 1956
3026 1366
3027 1030
3031 1992
3032 262
3033 744
3035 1024
3038 334
3039 1668
3040 1916
3041 1809
3044 906
3048 1270
3050 1659
3055 1661
3062 1140
3063 1108
3064 900
3066 992
3067 130
3070 1254
3071 1879
3072 219
3075 518
3079 1162
3085 1195
3090 75
3103 1183
3104 262
3105 1019
3109 370
3110 821
3111 858
3115 97
3116 112
3117 1624
3118 159
3119 1197
3120 684
3121 1795
3124 1035
3128 1018
3132 1812
3133 135
3138 230
3142 1776
3145 1887
3146 1254
3148 429
3150 1143
3157 480
3161 641
3166 253
3168 98
3169 1213
3173 409
3174 1189
3177 1219
3178 1931
3183 1227
3186 902
3189 803
3192 1666
3193 579
3197 1067
3200 105
3204 681
3208 1225
3214 628
3220 1506
3222 546
3224 833
3230 682
3232 1312
3234 645
3235 1124
3241 1853
3245 1638
3246 1844
3247 584
3251 1340
3253 997
3254 1113
3256 1076
3257 1036
3258 1924
3259 342
3261 61
3262 1811
3264 1865
3270 326
3271 1736
3275 1690
3276 1957
3277 821
3278 310
3284 961
3286 693
3287 621
3289 653
3294 1398
3296 851
3299 1745
3301 1221
3303 1410
3305 473
3310 1559
3312 370
3313 1811
3315 959
3316 78
3318 1938
3319 1093
3320 1238
3322 807
3324 1164
3329 1658
3330 177
3336 1619
3338 479
3339 1566
3341 449
3342 760
3345 1863
3350 1659
3352 1988
3354 731
3355 1759
3357 1952
3358 999
3360 801
3362 1022
3364 1551
3366 687
3367 1650
3372 129
3374 19
3379 564
3386 1606
3387 918
3403 1069
3405 1935
3408 275
3410 905
3415 1779
3416 1166
3417 992
3419 523
3420 1606
3421 496
3424 623
3429 383
3436 1972
3438 872
3439 1697
3440 1301
3443 1948
3444 1666
3445 558
3452 1565
3456 805
3463 1496
3465 398
3467 357
3480 1698
3481 201
3483 1641
3484 1139
3485 1979
3487 1761
3488 1564
3489 803
3490 1108
3491 1906
3493 1511
3499 847
3503 232
3505 1909
3508 1703
3511 735
3512 389
3516 846
3518 666
3519 1409
3523 1800
3524 1036
3526 1437
3527 587
3529 1434
3534 453
3542 1149
3544 892
3546 299
3552 943
3553 1837
3554 414
3557 1038
3561 789
3572 1349
3573 774
3576 1297
3581 1808
3585 411
3587 1519
3588 1465
3589 1861
3590 944
3593 1555
3594 6
3595 288
3596 1985
3599 1351
3600 1058
3602 1143
3606 1281
3615 1240
3618 208
3619 1219
3620 1019
3625 1605
3627 1933
3630 149
3634 193
3639 1431
3640 1639
3641 1392
3642 581
3651 1859
3658 737
3659 776
3661 570
3662 1578
3663 1878
3666 1629
3667 1267
3672 301
3673 916
3674 430
3675 707
3677 857
3678 854
3686 1270
3689 1442
3690 1483
3694 1126
3696 292
3697 1281
3699 1630
3704 1849
3708 861
3711 1749
3713 1277
3716 1428
3717 1754
3719 1784
3720 199
3721 1430
3722 956
3723 1373
3725 1761
3732 237
3733 244
3735 1545
3736 584
3748 1924
3750 1501
3751 999
3752 207
3753 403
3755 179
3759 1947
3760 935
3762 1177
3770 1676
3773 573
3777 166
3782 343
3783 1328
3785 690
3786 86
3790 59
3793 1739
3794 144
3796 1804
3799 1399
3801 378
3803 1079
3804 1993
3805 1569
3806 323
3807 1104
3810 1776
3811 1869
3812 1023
3813 408
3815 1589
3822 586
3823 1683
3824 1704
3829 1055
3832 348
3834 66
3836 1632
3840 697
3841 753
3846 1831
3847 780
3849 971
3850 1089
3852 1886
3853 458
3854 1699
3856 1233
3860 838
3862 837
3864 1310
3866 1489
3868 1793
3869 1711
3872 1761
3876 1557
3881 502
3883 1638
3884 611
3886 1978
3887 1484
3889 1073
3896 457
3899 951
3900 223
3903 656
3904 606
3905 719
3906 130
3907 1341
3910 15
3911 1966
3915 401
3916 1891
3917 1816
3918 1122
3920 434
3927 167
3928 650
3929 1657
3934 1542
3936 693
3937 1426
3939 390
3941 687
3942 150
3954 1384
3956 342
3957 1025
3960 1435
3962 930
3963 1487
3964 242
3966 1607
3967 1031
3972 611
3975 785
3982 698
3984 1656
3985 867
3987 14
3992 1812
3997 1643
2000 1631
2005 744
2007 1310
2009 559
2011 308
2012 61
2014 316
2016 1785
2017 1589
2021 1760
2034 586
2035 1605
2036 1868
2040 279
2044 672
2045 6
2047 551
