4000 2009
4001 3592
4002 3103
4003 2761
4004 3716
4005 3527
4006 2847
4007 3833
4008 2816
4009 2512
4010 2443
4011 2943
4012 2719
4013 3709
4014 3733
4015 2862
4016 2645
4017 2198
4018 3438
4019 2891
4020 2959
4021 3285
4022 2295
4023 2458
4024 2223
4025 2957
4026 3070
4027 3157
4028 3787
4029 2806
4030 3719
4031 2206
4032 2842
4033 3935
4034 2593
4035 3491
4036 2274
4037 2014
4038 3882
4039 2186
4040 3545
4041 3394
4042 2695
4043 3361
4044 2768
4045 2831
4046 2709
4047 3187
4048 2398
4049 3662
4050 3562
4051 2044
4052 3258
4053 3347
4054 3116
4055 2496
4056 2112
4057 3399
4058 2898
4059 2656
4060 3453
4061 3062
4062 3099
4063 3996
4064 2801
4065 2707
4066 3669
4067 2373
4068 3595
4069 2458
4070 2587
4071 3962
4072 2573
4073 3532
4074 2397
4075 2384
4076 3793
4077 3708
4078 2190
4079 2952
4080 3208
4081 3157
4082 3120
4083 2987
4084 3150
4085 2427
4086 2539
4087 2860
4088 2357
4089 2070
4090 3167
4091 2205
4092 3037
4093 3396
4094 3974
4095 2582
4096 3350
4097 2277
4098 2574
4099 3320
4100 2136
4101 3121
4102 2687
4103 2824
4104 2663
4105 3254
4106 2604
4107 3639
4108 3353
4109 3229
4110 3911
4111 2503
4112 3795
4113 3658
4114 3490
4115 3385
4116 3420
4117 2599
4118 2149
4119 2760
4120 2113
4121 2014
4122 3586
4123 3062
4124 3723
4125 3024
4126 3975
4127 2488
4128 2160
4129 3331
4130 3276
4131 2529
4132 2820
4133 3045
4134 3616
4135 3864
4136 3297
4137 2117
4138 2702
4139 3021
4140 2140
4141 3813
4142 2307
4143 3867
4144 3275
4145 3314
4146 3485
4147 3349
4148 3619
4149 2330
4150 2427
4151 3074
4152 2948
4153 2624
4154 3605
4155 3289
4156 3221
4157 2071
4158 2980
4159 2067
4160 2618
4161 3752
4162 2130
4163 3519
4164 3355
4165 3641
4166 2527
4167 3004
4168 3111
4169 3877
4170 3966
4171 3566
4172 2959
4173 3110
4174 2013
4175 2299
4176 3246
4177 2560
4178 2020
4179 2711
4180 3652
4181 2359
4182 2241
4183 2351
4184 3696
4185 3277
4186 3552
4187 3338
4188 2888
4189 3054
4190 2771
4191 3020
4192 3409
4193 2241
4194 3910
4195 3900
4196 2378
4197 3138
4198 2876
4199 3634
4200 2283
4201 2659
4202 2665
4203 3694
4204 3451
4205 3402
4206 2117
4207 2198
4208 3820
4209 3553
4210 2461
4211 3953
4212 3091
4213 3265
4214 2117
4215 2115
4216 3403
4217 2916
4218 2856
4219 2210
4220 2423
4221 3441
4222 3879
4223 3209
4224 3238
4225 2523
4226 3070
4227 3256
4228 3674
4229 2829
4230 2582
4231 2140
4232 3108
4233 3409
4234 3024
4235 3625
4236 3128
4237 3147
4238 2227
4239 3286
4240 2985
4241 3598
4242 2672
4243 3462
4244 2188
4245 3486
4246 3064
4247 3941
4248 2960
4249 2624
4250 3840
4251 3150
4252 2006
4253 2446
4254 3485
4255 2160
4256 2604
4257 2034
4258 2150
4259 2760
4260 2988
4261 2886
4262 3275
4263 2746
4264 2507
4265 3926
4266 2603
4267 2491
4268 3016
4269 2450
4270 2220
4271 2358
4272 2603
4273 2634
4274 3386
4275 2974
4276 2662
4277 3225
4278 2019
4279 3804
4280 3324
4281 2549
4282 3795
4283 2651
4284 3636
4285 2093
4286 3176
4287 3306
4288 3545
4289 2446
4290 3191
4291 3639
4292 2764
4293 3814
4294 3486
4295 2614
4296 2706
4297 2060
4298 2504
4299 3064
4300 2253
4301 3336
4302 2511
4303 2937
4304 3750
4305 2171
4306 2851
4307 2847
4308 3811
4309 2068
4310 3829
4311 2206
4312 2083
4313 3111
4314 3663
4315 3311
4316 2010
4317 3149
4318 3079
4319 2153
4320 2705
4321 3733
4322 3358
4323 3722
4324 3584
4325 3183
4326 3174
4327 3883
4328 3695
4329 3387
4330 3993
4331 3342
4332 2560
4333 2117
4334 2450
4335 2745
4336 3720
4337 3899
4338 2338
4339 2082
4340 2659
4341 2220
4342 2286
4343 3183
4344 3416
4345 2335
4346 2905
4347 3532
4348 2467
4349 2884
4350 3607
4351 2501
4352 3202
4353 3960
4354 2482
4355 2088
4356 3051
4357 2814
4358 2698
4359 3485
4360 2425
4361 2939
4362 2051
4363 2386
4364 2434
4365 2406
4366 2492
4367 3817
4368 2329
4369 3356
4370 2287
4371 2481
4372 2178
4373 3282
4374 3318
4375 3262
4376 2637
4377 2251
4378 3242
4379 3683
4380 2279
4381 2425
4382 2390
4383 3755
4384 3854
4385 2030
4386 3847
4387 3744
4388 2881
4389 3169
4390 3907
4391 2822
4392 3259
4393 2692
4394 3099
4395 2671
4396 2855
4397 2315
4398 3031
4399 2635
4400 3806
4401 2172
4402 2842
4403 2600
4404 2130
4405 3601
4406 3338
4407 2569
4408 3592
4409 3823
4410 2050
4411 3193
4412 2103
4413 3714
4414 3254
4415 2166
4416 3928
4417 3087
4418 3984
4419 3804
4420 2855
4421 2688
4422 3178
4423 2473
4424 2036
4425 3302
4426 3120
4427 3934
4428 3503
4429 2877
4430 3628
4431 3594
4432 3328
4433 3998
4434 3256
4435 3666
4436 3445
4437 3597
4438 2014
4439 2513
4440 2036
4441 3103
4442 2827
4443 3721
4444 2782
4445 3063
4446 3073
4447 3599
4448 2957
4449 3888
4450 3403
4451 3498
4452 3676
4453 2708
4454 3322
4455 3026
4456 2988
4457 3150
4458 3458
4459 3763
4460 3048
4461 2543
4462 3565
4463 2594
4464 3264
4465 2645
4466 2207
4467 2885
4468 2677
4469 2064
4470 3897
4471 3937
4472 2869
4473 3988
4474 3735
4475 2134
4476 3370
4477 2776
4478 2798
4479 2144
4480 2258
4481 2921
4482 3895
4483 2135
4484 3196
4485 2786
4486 2593
4487 3713
4488 2302
4489 3761
4490 3763
4491 2742
4492 2861
4493 2678
4494 2751
4495 3812
4496 3667
4497 2877
4498 2495
4499 2580
4500 3941
4501 3448
4502 2410
4503 2332
4504 3196
4505 3771
4506 2914
4507 3640
4508 2746
4509 2858
4510 2725
4511 3702
4512 2602
4513 2476
4514 3076
4515 3482
4516 2060
4517 3757
4518 3801
4519 3112
4520 2397
4521 3102
4522 3690
4523 2840
4524 3005
4525 3594
4526 2212
4527 2958
4528 3840
4529 2859
4530 3599
4531 2257
4532 2578
4533 3859
4534 3987
4535 3285
4536 3928
4537 3160
4538 3337
4539 3429
4540 2576
4541 2878
4542 3726
4543 2359
4544 2643
4545 3225
4546 2705
4547 3918
4548 3914
4549 2359
4550 3917
4551 3961
4552 2805
4553 3628
4554 3318
4555 2746
4556 2097
4557 3954
4558 3516
4559 2192
4560 2566
4561 3181
4562 2363
4563 3592
4564 2312
4565 2462
4566 3600
4567 3763
4568 2474
4569 2866
4570 2216
4571 2085
4572 2232
4573 2898
4574 3644
4575 2729
4576 2431
4577 2933
4578 2392
4579 2348
4580 2183
4581 3822
4582 2721
4583 3429
4584 2681
4585 3758
4586 3681
4587 2175
4588 3506
4589 3021
4590 2973
4591 3172
4592 3138
4593 3118
4594 3719
4595 2327
4596 2212
4597 3867
4598 2372
4599 2559
4600 3916
4601 3212
4602 3184
4603 2576
4604 3851
4605 3157
4606 2986
4607 3822
4608 2080
4609 2085
4610 2601
4611 2674
4612 2189
4613 3414
4614 3965
4615 3490
4616 2499
4617 3333
4618 3121
4619 2893
4620 3621
4621 2010
4622 3544
4623 2615
4624 2422
4625 2321
4626 2808
4627 3369
4628 3656
4629 2034
4630 2161
4631 2999
4632 2212
4633 2387
4634 2766
4635 3040
4636 2890
4637 2106
4638 2217
4639 2825
4640 3011
4641 2445
4642 2338
4643 2255
4644 3085
4645 2516
4646 2991
4647 3868
4648 2132
4649 2355
4650 3527
4651 2788
4652 2444
4653 2215
4654 2992
4655 2870
4656 3933
4657 2232
4658 3257
4659 3899
4660 2525
4661 3286
4662 2036
4663 3403
4664 3182
4665 2896
4666 3782
4667 3324
4668 3025
4669 2181
4670 2623
4671 2710
4672 2419
4673 2433
4674 2756
4675 2651
4676 3590
4677 2803
4678 3029
4679 2771
4680 2129
4681 2011
4682 3768
4683 3430
4684 3332
4685 2608
4686 3042
4687 2874
4688 2245
4689 3447
4690 2892
4691 3866
4692 3516
4693 2247
4694 3862
4695 3393
4696 3374
4697 2802
4698 3947
4699 2347
4700 2032
4701 3340
4702 2966
4703 3678
4704 2653
4705 3624
4706 2778
4707 3420
4708 3572
4709 3161
4710 3866
4711 2618
4712 2615
4713 3238
4714 3244
4715 2177
4716 3026
4717 2248
4718 3974
4719 3783
4720 3487
4721 2936
4722 2467
4723 3456
4724 3502
4725 2520
4726 3725
4727 2475
4728 2991
4729 2574
4730 2978
4731 3562
4732 3273
4733 2847
4734 3440
4735 2517
4736 3753
4737 2138
4738 3402
4739 3114
4740 3118
4741 3782
4742 2946
4743 2843
4744 2877
4745 2072
4746 3454
4747 3559
4748 3916
4749 3438
4750 3504
4751 3471
4752 2854
4753 3232
4754 2655
4755 2201
4756 3402
4757 3124
4758 2773
4759 3867
4760 3475
4761 3426
4762 2661
4763 3804
4764 3067
4765 3129
4766 3595
4767 2462
4768 3192
4769 2390
4770 3533
4771 3416
4772 2715
4773 3821
4774 2268
4775 2523
4776 3773
4777 3170
4778 2986
4779 3820
4780 3799
4781 3972
4782 3919
4783 2491
4784 3256
4785 3247
4786 2301
4787 3622
4788 2013
4789 2618
4790 2230
4791 2581
4792 3313
4793 3112
4794 2459
4795 2686
4796 3672
4797 2366
4798 2887
4799 3883
4800 3104
4801 3518
4802 3457
4803 2572
4804 3783
4805 3555
4806 2530
4807 2708
4808 2615
4809 3465
4810 3241
4811 2258
4812 3849
4813 2891
4814 3270
4815 2976
4816 3206
4817 3727
4818 3340
4819 3723
4820 3887
4821 3515
4822 3847
4823 2007
4824 3142
4825 2821
4826 2744
4827 3449
4828 3120
4829 3400
4830 3341
4831 3745
4832 3787
4833 3115
4834 2649
4835 2445
4836 2506
4837 2342
4838 3622
4839 2444
4840 2367
4841 2177
4842 2049
4843 3376
4844 2472
4845 3543
4846 3692
4847 2494
4848 3255
4849 2647
4850 3642
4851 2849
4852 3121
4853 2018
4854 3939
4855 2696
4856 2684
4857 2669
4858 2549
4859 3785
4860 2459
4861 3527
4862 3049
4863 2992
4864 2176
4865 3146
4866 2528
4867 3130
4868 2024
4869 2504
4870 2605
4871 3557
4872 3775
4873 2556
4874 3667
4875 3449
4876 3058
4877 3402
4878 3630
4879 2628
4880 3513
4881 3177
4882 2264
4883 2114
4884 2251
4885 3580
4886 3749
4887 3721
4888 3002
4889 2856
4890 3826
4891 3716
4892 3062
4893 3984
4894 2733
4895 2798
4896 3631
4897 3410
4898 2886
4899 3753
4900 2227
4901 3361
4902 3674
4903 3453
4904 3772
4905 2984
4906 3251
4907 3234
4908 3543
4909 3888
4910 2332
4911 2279
4912 2246
4913 2777
4914 2642
4915 2553
4916 3995
4917 2680
4918 3338
4919 3326
4920 3104
4921 2358
4922 2985
4923 2941
4924 3041
4925 2521
4926 3660
4927 3872
4928 3619
4929 2710
4930 3711
4931 2657
4932 2543
4933 2412
4934 3662
4935 2275
4936 2831
4937 2366
4938 2435
4939 2994
4940 3812
4941 2523
4942 2675
4943 2044
4944 3357
4945 2775
4946 3230
4947 3900
4948 3331
4949 2697
4950 3379
4951 3240
4952 2137
4953 2063
4954 3845
4955 2959
4956 3674
4957 3201
4958 3963
4959 2617
4960 3320
4961 2127
4962 3423
4963 3606
4964 3777
4965 3480
4966 3263
4967 3610
4968 3367
4969 3437
4970 2194
4971 2522
4972 3324
4973 2889
4974 2193
4975 3650
4976 2708
4977 2371
4978 3650
4979 3802
4980 3417
4981 2739
4982 2323
4983 2777
4984 3102
4985 2342
4986 3206
4987 3585
4988 3112
4989 2221
4990 3640
4991 2920
4992 3220
4993 2561
4994 3937
4995 2698
4996 2130
4997 3352
4998 2160
4999 2533
5000 3845
5001 3341
5002 3673
5003 3404
5004 3451
5005 3239
5006 3479
5007 2510
5008 3156
5009 3554
5010 2235
5011 2160
5012 3561
5013 3277
5014 2585
5015 3869
5016 2727
5017 2851
5018 3645
5019 3238
5020 2541
5021 2882
5022 3883
5023 3559
5024 3824
5025 3572
5026 3725
5027 2352
5028 3223
5029 3379
5030 3603
5031 3525
5032 2137
5033 2619
5034 3234
5035 2372
5036 2984
5037 2453
5038 3111
5039 3687
5040 3666
5041 2374
5042 3897
5043 2316
5044 3384
5045 3070
5046 3381
5047 2430
5048 3251
5049 3387
5050 3494
5051 2214
5052 3869
5053 2326
5054 3350
5055 2957
5056 3831
5057 3496
5058 2671
5059 3001
5060 2437
5061 3723
5062 3845
5063 3951
5064 2620
5065 3634
5066 3139
5067 2976
5068 2776
5069 3890
5070 2190
5071 3006
5072 2831
5073 3363
5074 2089
5075 3525
5076 2837
5077 2771
5078 2145
5079 3369
5080 3108
5081 2147
5082 2782
5083 3358
5084 3659
5085 3544
5086 3881
5087 2714
5088 2726
5089 2672
5090 2327
5091 3437
5092 2612
5093 2650
5094 2392
5095 3170
5096 2980
5097 3792
5098 3427
5099 3861
5100 3132
5101 2217
5102 2608
5103 3737
5104 2177
5105 2859
5106 2630
5107 2219
5108 2322
5109 2243
5110 2920
5111 2352
5112 3470
5113 3023
5114 3343
5115 2091
5116 3356
5117 2797
5118 2003
5119 2817
5120 2991
5121 2590
5122 2895
5123 2870
5124 3417
5125 3944
5126 2005
5127 3180
5128 2843
5129 3461
5130 2309
5131 2668
5132 3905
5133 2819
5134 3984
5135 3312
5136 3197
5137 3492
5138 3378
5139 3949
5140 2364
5141 3863
5142 2381
5143 3577
5144 2169
5145 3055
5146 3852
5147 2047
5148 3634
5149 3668
5150 2290
5151 2158
5152 2642
5153 2433
5154 3697
5155 2451
5156 3659
5157 3951
5158 2167
5159 2190
5160 3006
5161 2122
5162 2477
5163 3801
5164 3902
5165 3980
5166 2602
5167 2958
5168 2808
5169 2917
5170 2483
5171 3405
5172 2476
5173 2140
5174 2231
5175 2108
5176 2036
5177 3852
5178 2476
5179 2917
5180 2789
5181 3941
5182 2861
5183 3741
5184 3364
5185 3985
5186 2439
5187 3124
5188 2607
5189 3367
5190 3943
5191 2666
5192 3826
5193 3760
5194 3725
5195 3028
5196 2220
5197 2689
5198 2001
5199 2015
5200 3960
5201 2461
5202 3274
5203 3692
5204 2953
5205 3367
5206 3534
5207 3300
5208 2114
5209 3864
5210 2848
5211 2992
5212 2258
5213 3464
5214 2920
5215 3272
5216 3785
5217 3868
5218 2139
5219 3803
5220 3920
5221 2369
5222 3132
5223 2257
5224 3071
5225 3967
5226 3913
5227 2375
5228 2638
5229 2623
5230 2020
5231 3884
5232 2541
5233 3270
5234 2510
5235 2016
5236 3052
5237 2136
5238 3339
5239 3525
5240 2592
5241 2201
5242 2172
5243 3586
5244 3483
5245 2601
5246 3817
5247 2073
5248 2412
5249 3827
5250 2283
5251 3427
5252 2277
5253 3674
5254 3258
5255 2220
5256 2753
5257 3689
5258 3340
5259 3950
5260 3378
5261 2684
5262 2533
5263 2006
5264 2238
5265 2996
5266 3297
5267 2860
5268 2295
5269 3117
5270 3489
5271 3189
5272 3467
5273 3002
5274 3256
5275 3205
5276 3750
5277 3674
5278 2231
5279 2332
5280 3852
5281 2750
5282 3431
5283 2591
5284 2479
5285 2003
5286 3969
5287 3243
5288 2800
5289 2117
5290 3973
5291 2915
5292 2391
5293 2017
5294 3985
5295 3355
5296 3162
5297 3126
5298 2144
5299 3448
5300 2893
5301 3444
5302 2479
5303 3571
5304 3082
5305 2013
5306 2899
5307 3374
5308 2974
5309 2767
5310 2310
5311 3528
5312 2554
5313 2324
5314 3815
5315 3511
5316 2135
5317 2430
5318 2897
5319 3485
5320 2160
5321 3480
5322 3829
5323 3025
5324 2371
5325 3696
5326 3949
5327 2217
5328 2931
5329 3519
5330 2779
5331 2415
5332 3839
5333 3151
5334 2435
5335 2775
5336 3327
5337 2234
5338 2539
5339 2961
5340 3285
5341 2283
5342 3298
5343 2152
5344 3571
5345 3278
5346 2846
5347 3402
5348 2218
5349 3195
5350 2321
5351 2562
5352 2735
5353 2404
5354 3305
5355 2261
5356 2997
5357 3956
5358 2481
5359 3202
5360 2863
5361 2273
5362 2028
5363 2534
5364 2115
5365 3910
5366 2654
5367 2966
5368 2869
5369 3354
5370 2704
5371 2109
5372 3554
5373 2397
5374 3237
5375 3177
5376 2060
5377 2269
5378 2648
5379 3506
5380 2530
5381 2660
5382 3076
5383 3811
5384 3372
5385 2098
5386 2386
5387 2035
5388 3986
5389 2665
5390 2878
5391 2192
5392 3240
5393 3732
5394 2702
5395 3634
5396 3854
5397 2849
5398 2035
5399 2313
5400 2531
5401 2173
5402 2418
5403 3986
5404 2462
5405 3706
5406 2131
5407 2035
5408 3421
5409 2809
5410 2264
5411 2842
5412 2545
5413 2354
5414 2201
5415 2522
5416 3278
5417 3999
5418 3517
5419 3513
5420 2206
5421 3129
5422 2615
5423 2775
5424 2875
5425 3133
5426 2066
5427 3224
5428 3611
5429 3865
5430 2031
5431 3360
5432 3599
5433 2251
5434 2979
5435 2144
5436 2741
5437 3198
5438 2822
5439 2630
5440 2323
5441 3073
5442 2400
5443 2628
5444 3031
5445 3104
5446 2598
5447 2312
5448 3039
5449 2352
5450 2977
5451 2964
5452 2669
5453 3683
5454 2985
5455 2882
5456 2218
5457 3416
5458 2338
5459 2637
5460 2065
5461 2335
5462 2360
5463 3216
5464 3339
5465 2715
5466 3642
5467 3836
5468 2607
5469 3588
5470 3501
5471 2948
5472 2933
5473 2920
5474 3522
5475 3246
5476 2545
5477 2071
5478 3875
5479 2409
5480 2235
5481 2544
5482 2518
5483 2295
5484 2024
5485 3295
5486 2837
5487 2117
5488 2749
5489 3904
5490 3716
5491 3235
5492 3849
5493 2902
5494 2904
5495 2209
5496 2277
5497 2551
5498 2164
5499 3148
5500 2765
5501 3816
5502 2952
5503 2854
5504 2413
5505 3488
5506 2722
5507 3270
5508 3029
5509 2782
5510 3810
5511 2594
5512 2564
5513 3463
5514 3359
5515 2491
5516 3745
5517 3231
5518 3585
5519 2801
5520 2283
5521 3956
5522 2928
5523 3764
5524 2339
5525 3364
5526 3581
5527 2535
5528 2138
5529 2212
5530 3497
5531 3836
5532 3651
5533 2369
5534 2662
5535 2483
5536 2057
5537 3887
5538 2869
5539 2373
5540 3916
5541 2248
5542 3911
5543 3769
5544 3249
5545 2837
5546 3965
5547 3333
5548 2415
5549 3599
5550 2086
5551 2593
5552 2031
5553 3913
5554 2674
5555 2907
5556 2553
5557 2399
5558 3004
5559 2776
5560 2319
5561 3247
5562 2159
5563 2190
5564 2296
5565 3905
5566 3879
5567 3371
5568 2406
5569 2804
5570 2300
5571 3091
5572 2356
5573 2018
5574 2283
5575 2098
5576 3499
5577 3981
5578 2657
5579 3035
5580 3582
5581 2077
5582 3009
5583 3189
5584 2699
5585 3995
5586 3165
5587 3385
5588 3834
5589 2977
5590 3002
5591 2656
5592 3417
5593 3300
5594 3032
5595 2574
5596 3345
5597 3084
5598 3041
5599 3755
5600 2307
5601 3529
5602 2409
5603 3277
5604 3567
5605 3900
5606 2291
5607 3797
5608 3382
5609 3492
5610 2043
5611 3504
5612 3313
5613 3235
5614 3690
5615 3256
5616 2311
5617 3489
5618 3873
5619 2198
5620 2318
5621 2185
5622 3015
5623 3982
5624 3262
5625 3882
5626 2845
5627 3615
5628 3480
5629 2694
5630 2069
5631 3547
5632 3661
5633 3368
5634 2774
5635 3864
5636 3311
5637 2021
5638 3346
5639 2331
5640 3979
5641 2428
5642 2869
5643 2733
5644 3906
5645 2508
5646 3841
5647 3322
5648 3116
5649 2800
5650 3883
5651 2475
5652 2664
5653 2421
5654 2954
5655 3115
5656 3425
5657 2226
5658 2629
5659 3064
5660 3118
5661 3295
5662 3992
5663 3697
5664 3206
5665 2103
5666 3924
5667 2445
5668 3999
5669 2860
5670 2489
5671 3815
5672 2192
5673 3678
5674 3074
5675 3587
5676 2125
5677 2345
5678 3386
5679 2143
5680 3590
5681 3197
5682 3024
5683 3267
5684 2588
5685 2910
5686 2985
5687 2186
5688 3853
5689 3001
5690 3214
5691 2715
5692 3212
5693 3637
5694 2922
5695 3938
5696 2647
5697 3313
5698 2479
5699 3790
5700 2112
5701 2677
5702 3167
5703 3851
5704 2952
5705 3169
5706 3240
5707 3700
5708 2639
5709 2986
5710 2778
5711 2198
5712 3807
5713 3316
5714 3210
5715 2485
5716 2499
5717 3699
5718 3114
5719 2349
5720 3363
5721 2227
5722 2850
5723 3240
5724 2185
5725 2311
5726 2495
5727 2453
5728 3546
5729 2795
5730 3309
5731 2899
5732 3790
5733 2617
5734 2332
5735 2677
5736 2293
5737 2869
5738 2193
5739 2702
5740 2779
5741 2882
5742 2704
5743 2917
5744 3733
5745 3583
5746 3435
5747 2282
5748 3965
5749 3265
5750 3248
5751 3757
5752 2704
5753 2825
5754 3810
5755 3260
5756 2344
5757 2011
5758 2278
5759 2690
5760 2144
5761 3692
5762 3028
5763 2952
5764 3233
5765 2048
5766 3927
5767 3752
5768 2041
5769 2292
5770 3323
5771 2775
5772 2482
5773 3742
5774 2568
5775 3376
5776 3509
5777 2517
5778 2864
5779 3602
5780 3066
5781 2923
5782 2879
5783 2107
5784 3695
5785 3113
5786 3375
5787 2142
5788 2460
5789 2343
5790 2366
5791 3867
5792 3061
5793 2145
5794 2985
5795 3720
5796 2746
5797 2341
5798 2823
5799 2651
5800 2502
5801 3850
5802 2350
5803 2416
5804 3196
5805 2389
5806 2835
5807 2597
5808 2430
5809 2444
5810 2322
5811 3827
5812 3121
5813 2975
5814 2450
5815 2335
5816 3987
5817 3252
5818 2472
5819 2947
5820 3856
5821 2639
5822 2681
5823 2600
5824 2912
5825 3945
5826 3032
5827 2535
5828 2414
5829 2776
5830 2538
5831 2895
5832 2102
5833 3330
5834 2846
5835 3623
5836 2264
5837 3560
5838 2009
5839 3144
5840 3962
5841 3218
5842 2112
5843 2901
5844 2203
5845 3561
5846 2364
5847 2210
5848 3021
5849 3019
5850 3555
5851 3388
5852 3223
5853 2212
5854 2862
5855 3545
5856 2746
5857 3426
5858 2429
5859 2773
5860 2790
5861 3634
5862 3321
5863 2916
5864 3259
5865 3422
5866 3341
5867 2737
5868 2145
5869 2576
5870 2256
5871 2077
5872 2722
5873 2268
5874 3647
5875 2046
5876 3840
5877 3364
5878 2506
5879 3091
5880 3467
5881 2168
5882 2226
5883 2645
5884 3442
5885 3057
5886 2400
5887 3653
5888 2017
5889 2367
5890 2913
5891 3133
5892 3430
5893 3001
5894 2552
5895 3460
5896 2221
5897 2916
5898 2106
5899 3303
5900 3859
5901 2112
5902 3411
5903 3146
5904 2904
5905 3589
5906 2945
5907 2068
5908 2266
5909 2219
5910 3066
5911 3688
5912 3965
5913 3517
5914 2104
5915 3858
5916 3050
5917 3921
5918 2040
5919 3039
5920 2122
5921 2094
5922 3627
5923 2545
5924 3338
5925 3761
5926 3220
5927 2205
5928 2068
5929 3773
5930 3704
5931 3865
5932 3524
5933 3081
5934 3884
5935 2915
5936 3817
5937 2750
5938 3136
5939 2140
5940 2726
5941 2566
5942 2837
5943 3889
5944 3699
5945 2208
5946 2649
5947 2085
5948 2465
5949 3385
5950 2276
5951 2366
5952 2591
5953 3480
5954 3473
5955 3623
5956 2583
5957 3520
5958 3135
5959 2109
5960 2169
5961 2428
5962 2612
5963 2815
5964 3419
5965 3993
5966 2427
5967 3510
5968 3066
5969 3421
5970 3614
5971 2549
5972 2419
5973 3612
5974 3752
5975 3320
5976 2357
5977 3011
5978 2874
5979 2437
5980 3915
5981 3759
5982 3936
5983 2058
5984 3887
5985 3014
5986 2184
5987 2178
5988 3342
5989 2470
5990 2427
5991 3204
5992 3878
5993 2066
5994 3725
5995 3586
5996 2548
5997 3124
5998 3581
5999 3242
2001 1446
2003 106
2005 744
2006 1328
2007 1310
2009 558
2010 466
2011 309
2013 1367
2014 316
2015 1496
2016 1784
2017 1588
2018 749
2019 885
2020 241
2021 1761
2024 672
2028 1020
2030 1125
2031 1505
2032 1526
2034 587
2035 1605
2036 1868
2040 278
2041 1280
2043 1686
2044 672
2046 516
2047 551
2048 1816
2049 1922
2050 918
2051 742
2057 1657
2058 980
2060 1885
2063 1711
2064 1563
2065 233
2066 1216
2067 1817
2068 395
2069 1250
2070 1982
2071 1995
2072 1343
2073 1523
2077 1057
2080 881
2082 1677
2083 1904
2085 1880
2086 1973
2088 607
2089 1378
2091 1195
2093 965
2094 1610
2097 271
2098 1993
2102 1118
2103 488
2104 749
2106 1822
2107 1092
2108 20
2109 569
2112 207
2113 691
2114 623
2115 470
2117 1327
2122 680
2125 1266
2127 1522
2129 834
2130 1764
2131 754
2132 994
2134 1935
2135 392
2136 239
2137 1999
2138 931
2139 500
2140 872
2142 939
2143 744
2144 1747
2145 1253
2147 2
2149 1543
2150 1596
2152 1426
2153 1755
2158 1782
2159 1992
2160 1665
2161 300
2164 272
2166 1507
2167 1840
2168 1980
2169 1491
2171 1681
2172 1797
2173 800
2175 260
2176 1508
2177 1183
2178 390
2181 1651
2183 584
2184 1201
2185 1346
2186 754
2188 1029
2189 943
2190 731
2192 582
2193 1572
2194 665
2198 416
2201 151
2203 1577
2205 896
2206 1146
2207 1763
2208 1729
2209 1277
2210 422
2212 1123
2214 1907
2215 423
2216 1334
2217 687
2218 466
2219 1862
2220 329
2221 1192
2223 1080
2226 1405
2227 1018
2230 1612
2231 196
2232 1842
2234 974
2235 816
2238 1728
2241 1711
2243 1499
2245 300
2246 859
2247 1062
2248 83
2251 1999
2253 1827
2255 1911
2256 421
2257 758
2258 330
2261 1101
2264 1314
2266 607
2268 1878
2269 1880
2273 1588
2274 690
2275 214
2276 1839
2277 1284
2278 1489
2279 1154
2282 1948
2283 1161
2286 1749
2287 518
2290 1915
2291 894
2292 65
2293 1775
2295 625
2296 96
2299 700
2300 1863
2301 1907
2302 633
2307 1299
2309 357
2310 1638
2311 866
2312 212
2313 1423
2315 521
2316 7
2318 1200
2319 1116
2321 1018
2322 862
2323 1151
2324 169
2326 1447
2327 760
2329 1680
2330 895
2331 1393
2332 1052
2335 632
2338 82
2339 1347
2341 1457
2342 1150
2343 1754
2344 1256
2345 1570
2347 2
2348 261
2349 1383
2350 666
2351 1384
2352 229
2354 1308
2355 474
2356 1886
2357 407
2358 387
2359 1339
2360 1042
2363 1893
2364 1570
2366 1016
2367 1727
2369 1941
2371 1815
2372 837
2373 1131
2374 1715
2375 944
2378 1983
2381 47
2384 449
2386 1516
2387 1548
2389 924
2390 1906
2391 264
2392 1629
2397 1888
2398 1870
2399 288
2400 1989
2404 849
2406 1882
2409 1576
2410 1231
2412 916
2413 1015
2414 1688
2415 1653
2416 768
2418 1827
2419 354
2421 1889
2422 160
2423 1698
2425 1727
2427 1122
2428 1055
2429 1330
2430 936
2431 1747
2433 650
2434 613
2435 220
2437 1705
2439 93
2443 1414
2444 1354
2445 164
2446 1084
2450 1926
2451 871
2453 1801
2458 1184
2459 1035
2460 1644
2461 1518
2462 1461
2465 1689
2467 1091
2470 203
2472 867
2473 1629
2474 1390
2475 205
2476 1223
2477 1574
2479 728
2481 1621
2482 609
2483 1527
2485 180
2488 70
2489 93
2491 1017
2492 76
2494 1415
2495 861
2496 1653
2499 324
2501 396
2502 1619
2503 1844
2504 21
2506 561
2507 915
2508 1049
2510 514
2511 1723
2512 359
2513 1516
2516 1892
2517 859
2518 1096
2520 1714
2521 1254
2522 1628
2523 87
2525 1489
2527 1834
2528 1085
2529 925
2530 195
2531 1396
2533 582
2534 930
2535 1127
2538 956
2539 1796
2541 1151
2543 446
2544 38
2545 1034
2548 799
2549 269
2551 1271
2552 716
2553 204
2554 936
2556 1696
2559 1620
2560 52
2561 1463
2562 962
2564 1213
2566 477
2568 344
2569 1306
2572 1431
2573 612
2574 1724
2576 176
2578 664
2580 211
2581 276
2582 1199
2583 1787
2585 1656
2587 30
2588 1852
2590 1098
2591 1132
2592 1431
2593 159
2594 1137
2597 914
2598 1731
2599 1490
2600 869
2601 148
2602 1411
2603 605
2604 643
2605 523
2607 260
2608 1671
2612 259
2614 902
2615 463
2617 1243
2618 459
2619 1021
2620 1923
2623 1241
2624 1069
2628 1130
2629 606
2630 1921
2634 107
2635 1722
2637 82
2638 434
2639 431
2642 498
2643 1053
2645 521
2647 578
2648 107
2649 1309
2650 951
2651 599
2653 136
2654 1420
2655 1429
2656 1713
2657 1495
2659 467
2660 1119
2661 168
2662 767
2663 569
2664 546
2665 1402
2666 783
2668 896
2669 1502
2671 62
2672 1773
2674 1122
2675 503
2677 952
2678 1079
2680 1596
2681 86
2684 1633
2686 1475
2687 31
2688 6
2689 52
2690 1166
2692 1744
2694 1787
2695 1695
2696 903
2697 1124
2698 473
2699 740
2702 354
2704 1882
2705 86
2706 1414
2707 1782
2708 1247
2709 1237
2710 1547
2711 183
2714 665
2715 1641
2719 370
2721 1650
2722 1967
2725 302
2726 1562
2727 119
2729 1332
2733 1994
2735 745
2737 499
2739 1219
2741 1441
2742 289
2744 861
2745 1005
2746 667
2749 1064
2750 1271
2751 1503
2753 1494
2756 109
2760 159
2761 1259
2764 1754
2765 591
2766 1138
2767 26
2768 1795
2771 1259
2773 759
2774 298
2775 1250
2776 1933
2777 832
2778 498
2779 485
2782 1625
2786 93
2788 365
2789 1580
2790 197
2795 472
2797 1547
2798 1680
2800 1389
2801 1326
2802 1445
2803 1533
2804 1405
2805 1607
2806 1682
2808 1518
2809 100
2814 459
2815 1303
2816 1942
2817 1139
2819 1090
2820 1767
2821 1979
2822 699
2823 159
2824 1488
2825 1207
2827 1552
2829 1958
2831 1983
2835 1120
2837 1554
2840 1142
2842 105
2843 1050
2845 173
2846 923
2847 1308
2848 1894
2849 1137
2850 663
2851 1794
2854 418
2855 1467
2856 1052
2858 307
2859 485
2860 1214
2861 1192
2862 647
2863 1766
2864 146
2866 840
2869 56
2870 1686
2874 1279
2875 1824
2876 1386
2877 150
2878 41
2879 45
2881 365
2882 390
2884 373
2885 118
2886 1136
2887 504
2888 1424
2889 539
2890 74
2891 783
2892 786
2893 1427
2895 463
2896 784
2897 73
2898 28
2899 953
2901 1518
2902 618
2904 1444
2905 637
2907 140
2910 689
2912 685
2913 53
2914 317
2915 1633
2916 807
2917 1806
2920 406
2921 341
2922 427
2923 1460
2928 729
2931 1483
2933 1398
2936 1890
2937 1271
2939 1023
2941 1113
2943 1367
2945 477
2946 389
2947 557
2948 39
2952 1638
2953 278
2954 1022
2957 1195
2958 388
2959 553
2960 21
2961 379
2964 683
2966 1318
2973 1955
2974 1028
2975 1704
2976 1205
2977 1883
2978 314
2979 911
2980 613
2984 203
2985 374
2986 276
2987 817
2988 1225
2991 305
2992 992
2994 327
2996 1626
2997 902
2999 1644
3001 1475
3002 629
3004 838
3005 1332
3006 931
3009 1382
3011 479
3014 1615
3015 353
3016 915
3019 1585
3020 1162
3021 277
3023 326
3024 560
3025 1957
3026 1367
3028 666
3029 850
3031 1993
3032 263
3035 1024
3037 1882
3039 1668
3040 1916
3041 1808
3042 107
3045 478
3048 1270
3049 875
3050 1658
3051 1139
3052 576
3054 504
3055 1660
3057 1550
3058 1143
3061 492
3062 1140
3063 1109
3064 901
3066 992
3067 130
3070 1254
3071 1878
3073 49
3074 679
3076 997
3079 1163
3081 607
3082 1117
3084 534
3085 1195
3087 388
3091 25
3099 549
3102 319
3103 1182
3104 262
3108 1918
3110 821
3111 858
3112 1170
3113 1681
3114 721
3115 96
3116 113
3117 1624
3118 159
3120 684
3121 1795
3124 1035
3126 682
3128 1019
3129 1298
3130 1468
3132 1813
3133 134
3135 16
3136 1786
3138 231
3139 1632
3142 1776
3144 1126
3146 1254
3147 1732
3148 429
3149 901
3150 1142
3151 150
3156 855
3157 480
3160 18
3161 640
3162 1321
3165 1332
3167 399
3169 1212
3170 1476
3172 1435
3174 1188
3176 1111
3177 1219
3178 1930
3180 1723
3181 1306
3182 1650
3183 1226
3184 670
3187 1311
3189 802
3191 922
3192 1666
3193 578
3195 317
3196 1319
3197 1067
3198 328
3201 1598
3202 1113
3204 681
3205 1877
3206 1835
3208 1224
3209 1764
3210 1836
3212 1550
3214 629
3216 262
3218 1330
3220 1507
3221 232
3223 1242
3224 832
3225 1903
3229 1757
3230 683
3231 1848
3232 1312
3233 1425
3234 645
3235 1125
3237 587
3238 1385
3239 1588
3240 1299
3241 1852
3242 1944
3243 1290
3244 1639
3246 1845
3247 585
3248 1804
3249 1969
3251 1341
3252 1957
3254 1112
3255 609
3256 1077
3257 1036
3258 1925
3259 342
3260 944
3262 1811
3263 1253
3264 1865
3265 934
3267 488
3270 327
3272 1686
3273 165
3274 786
3275 1690
3276 1956
3277 820
3278 310
3282 272
3285 1025
3286 693
3289 652
3295 422
3297 878
3298 986
3300 344
3302 786
3303 1411
3305 472
3306 1185
3309 209
3311 1640
3312 371
3313 1811
3314 1260
3316 78
3318 1939
3320 1239
3321 1461
3322 806
3323 1306
3324 1165
3326 328
3327 1908
3328 11
3330 176
3331 314
3332 1915
3333 1770
3336 1619
3337 1731
3338 479
3339 1566
3340 852
3341 448
3342 761
3343 1932
3345 1862
3346 1461
3347 969
3349 1744
3350 1658
3352 1988
3353 112
3354 731
3355 1758
3356 30
3357 1952
3358 999
3359 754
3360 800
3361 1484
3363 76
3364 1550
3367 1651
3368 1893
3369 229
3370 802
3371 1047
3372 128
3374 18
3375 59
3376 1451
3378 1686
3379 565
3381 1825
3382 1235
3384 943
3385 1451
3386 1606
3387 918
3388 756
3393 1100
3394 727
3396 1962
3399 223
3400 1211
3402 1011
3403 1068
3404 135
3405 1934
3409 937
3410 904
3411 1181
3414 1472
3416 1166
3417 992
3419 523
3420 1606
3421 497
3422 1266
3423 1666
3425 289
3426 1197
3427 1567
3429 382
3430 1529
3431 661
3435 1294
3437 1611
3438 873
3440 1300
3441 1983
3442 450
3444 1666
3445 558
3447 1045
3448 4
3449 462
3451 1005
3453 1939
3454 594
3456 804
3457 1955
3458 765
3460 542
3461 1296
3462 723
3463 1496
3464 160
3465 398
3467 356
3470 1812
3471 187
3473 1334
3475 1491
3479 1153
3480 1699
3482 1309
3483 1641
3485 1978
3486 408
3487 1761
3488 1565
3489 803
3490 1108
3491 1906
3492 851
3494 565
3496 674
3497 375
3498 1656
3499 847
3501 116
3502 528
3503 233
3504 535
3506 1007
3509 757
3510 988
3511 735
3513 784
3515 104
3516 846
3517 1295
3518 667
3519 1409
3520 1979
3522 1507
3524 1037
3525 1834
3527 586
3528 923
3529 1435
3532 224
3533 1227
3534 452
3543 1851
3544 892
3545 1190
3546 299
3547 878
3552 943
3553 1837
3554 414
3555 78
3557 1038
3559 878
3560 1389
3561 788
3562 1408
3565 1752
3566 940
3567 1034
3571 257
3572 1349
3577 892
3580 803
3581 1809
3582 1011
3583 259
3584 1879
3585 410
3586 443
3587 1518
3588 1464
3589 1861
3590 945
3592 939
3594 7
3595 288
3597 421
3598 1589
3599 1351
3600 1058
3601 588
3602 1142
3603 561
3605 1327
3606 1281
3607 1571
3610 910
3611 93
3612 501
3614 536
3615 1241
3616 642
3619 1219
3621 1843
3622 608
3623 1252
3624 1772
3625 1604
3627 1932
3628 647
3630 149
3631 1344
3634 193
3636 35
3637 1827
3639 1431
3640 1638
3641 1393
3642 581
3644 651
3645 1576
3647 1849
3650 1109
3651 1858
3652 1415
3653 660
3656 1590
3658 737
3659 776
3660 1051
3661 571
3662 1578
3663 1879
3666 1629
3667 1267
3668 73
3669 75
3672 300
3673 917
3674 431
3676 1783
3678 855
3681 1406
3683 11
3687 1410
3688 1703
3689 1443
3690 1483
3692 1536
3694 1126
3695 1085
3696 292
3697 1280
3699 1631
3700 1259
3702 336
3704 1848
3706 609
3708 860
3709 1902
3711 1748
3713 1277
3714 588
3716 1429
3719 1784
3720 198
3721 1431
3722 957
3723 1373
3725 1760
3726 595
3727 1262
3732 237
3733 245
3735 1544
3737 1300
3741 423
3742 1221
3744 1920
3745 1824
3749 254
3750 1501
3752 207
3753 402
3755 179
3757 1567
3758 1571
3759 1947
3760 935
3761 1493
3763 55
3764 101
3768 293
3769 1954
3771 1614
3772 257
3773 573
3775 824
3777 166
3782 342
3783 1329
3785 690
3787 293
3790 58
3792 1502
3793 1738
3795 196
3797 352
3799 1399
3801 379
3802 266
3803 1079
3804 1993
3806 322
3807 1105
3810 1776
3811 1868
3812 1023
3813 409
3814 19
3815 1589
3816 1771
3817 1258
3820 1424
3821 1374
3822 587
3823 1683
3824 1704
3826 81
3827 904
3829 1055
3831 1774
3833 1940
3834 67
3836 1632
3839 1868
3840 696
3841 753
3845 121
3847 780
3849 970
3850 1089
3851 454
3852 1887
3853 458
3854 1698
3856 1233
3858 1487
3859 1223
3861 825
3862 837
3863 1398
3864 1310
3865 777
3866 1488
3867 1009
3868 1792
3869 1710
3872 1761
3873 1264
3875 200
3877 477
3878 292
3879 39
3881 503
3882 545
3883 1639
3884 610
3887 1485
3888 399
3889 1073
3890 1865
3895 886
3897 1121
3899 950
3900 222
3902 1267
3904 606
3905 718
3906 130
3907 1340
3910 15
3911 1967
3913 343
3914 1327
3915 400
3916 1890
3917 1816
3918 1123
3919 1435
3920 435
3921 1466
3924 1363
3926 63
3927 167
3928 651
3933 143
3934 1542
3935 989
3936 692
3937 1426
3938 801
3939 391
3941 687
3943 960
3944 1571
3945 916
3947 241
3949 1223
3950 27
3951 1162
3953 1154
3954 1385
3956 343
3960 1435
3961 989
3962 930
3963 1487
3965 1391
3966 1607
3967 1030
3969 515
3972 610
3973 618
3974 652
3975 785
3979 164
3980 96
3981 397
3982 698
3984 1656
3985 867
3986 1079
3987 15
3988 277
3992 1812
3993 1184
3995 826
3996 1398
3998 1914
3999 1526
