4000 2008
4001 3593
4002 3103
4003 2760
4004 3717
4005 3527
4006 2847
4007 3832
4008 2817
4009 2512
4010 2443
4011 2942
4012 2718
4013 3709
4014 3733
4015 2862
4016 2645
4017 2199
4018 3439
4019 2891
4020 2959
4021 3285
4022 2295
4023 2458
4024 2223
4025 2956
4026 3070
4027 3157
4028 3787
4029 2806
4030 3719
4031 2207
4032 2843
4033 3934
4034 2592
4035 3490
4036 2274
4037 2014
4038 3882
4039 2186
4040 3544
4041 3395
4042 2694
4043 3360
4044 2769
4045 2830
4046 2709
4047 3187
4048 2399
4049 3662
4050 3563
4051 2044
4052 3258
4053 3346
4054 3117
4055 2497
4056 2112
4057 3399
4058 2898
4059 2657
4060 3452
4061 3062
4062 3099
4063 3996
4064 2800
4065 2707
4066 3668
4067 2372
4068 3594
4069 2458
4070 2587
4071 3963
4072 2573
4073 3533
4074 2397
4075 2384
4076 3793
4077 3709
4078 2191
4079 2952
4080 3209
4081 3157
4082 3120
4083 2986
4084 3151
4085 2427
4086 2539
4087 2860
4088 2357
4089 2070
4090 3166
4091 2204
4092 3036
4093 3397
4094 3975
4095 2582
4096 3350
4097 2276
4098 2574
4099 3320
4100 2137
4101 3120
4102 2687
4103 2825
4104 2663
4105 3254
4106 2605
4107 3638
4108 3352
4109 3229
4110 3911
4111 2502
4112 3795
4113 3658
4114 3490
4115 3384
4116 3421
4117 2598
4118 2148
4119 2760
4120 2113
4121 2014
4122 3586
4123 3062
4124 3722
4125 3024
4126 3975
4127 2489
4128 2160
4129 3331
4130 3277
4131 2529
4132 2821
4133 3044
4134 3617
4135 3865
4136 3296
4137 2116
4138 2703
4139 3021
4140 2140
4141 3813
4142 2306
4143 3866
4144 3274
4145 3314
4146 3484
4147 3348
4148 3619
4149 2331
4150 2427
4151 3075
4152 2948
4153 2624
4154 3604
4155 3288
4156 3221
4157 2070
4158 2980
4159 2066
4160 2619
4161 3753
4162 2130
4163 3518
4164 3354
4165 3641
4166 2527
4167 3005
4168 3111
4169 3876
4170 3967
4171 3567
4172 2958
4173 3110
4174 2012
4175 2299
4176 3246
4177 2560
4178 2021
4179 2710
4180 3653
4181 2359
4182 2241
4183 2351
4184 3697
4185 3277
4186 3552
4187 3338
4188 2889
4189 3054
4190 2770
4191 3021
4192 3408
4193 2240
4194 3910
4195 3900
4196 2379
4197 3139
4198 2876
4199 3635
4200 2282
4201 2659
4202 2665
4203 3695
4204 3451
4205 3402
4206 2116
4207 2199
4208 3821
4209 3553
4210 2460
4211 3952
4212 3090
4213 3265
4214 2116
4215 2114
4216 3402
4217 2916
4218 2857
4219 2211
4220 2422
4221 3441
4222 3879
4223 3208
4224 3239
4225 2523
4226 3070
4227 3257
4228 3674
4229 2828
4230 2583
4231 2140
4232 3108
4233 3408
4234 3024
4235 3624
4236 3128
4237 3146
4238 2227
4239 3287
4240 2985
4241 3598
4242 2672
4243 3462
4244 2189
4245 3486
4246 3065
4247 3941
4248 2961
4249 2625
4250 3840
4251 3150
4252 2007
4253 2447
4254 3485
4255 2161
4256 2605
4257 2035
4258 2151
4259 2761
4260 2988
4261 2886
4262 3275
4263 2747
4264 2507
4265 3927
4266 2603
4267 2491
4268 3017
4269 2451
4270 2221
4271 2359
4272 2602
4273 2635
4274 3386
4275 2974
4276 2663
4277 3225
4278 2019
4279 3804
4280 3325
4281 2549
4282 3795
4283 2650
4284 3637
4285 2092
4286 3177
4287 3306
4288 3544
4289 2447
4290 3190
4291 3638
4292 2764
4293 3815
4294 3486
4295 2615
4296 2707
4297 2060
4298 2504
4299 3065
4300 2252
4301 3336
4302 2510
4303 2936
4304 3751
4305 2171
4306 2851
4307 2846
4308 3811
4309 2069
4310 3829
4311 2206
4312 2082
4313 3110
4314 3663
4315 3311
4316 2011
4317 3148
4318 3079
4319 2152
4320 2705
4321 3732
4322 3358
4323 3722
4324 3585
4325 3182
4326 3174
4327 3883
4328 3695
4329 3387
4330 3992
4331 3342
4332 2561
4333 2116
4334 2451
4335 2745
4336 3720
4337 3899
4338 2338
4339 2082
4340 2659
4341 2221
4342 2286
4343 3182
4344 3416
4345 2334
4346 2905
4347 3533
4348 2466
4349 2884
4350 3607
4351 2501
4352 3202
4353 3960
4354 2483
4355 2089
4356 3050
4357 2815
4358 2698
4359 3484
4360 2425
4361 2939
4362 2051
4363 2386
4364 2434
4365 2406
4366 2492
4367 3816
4368 2329
4369 3356
4370 2287
4371 2480
4372 2179
4373 3282
4374 3318
4375 3263
4376 2636
4377 2251
4378 3242
4379 3683
4380 2279
4381 2424
4382 2390
4383 3754
4384 3855
4385 2030
4386 3846
4387 3745
4388 2880
4389 3169
4390 3907
4391 2822
4392 3258
4393 2693
4394 3098
4395 2671
4396 2855
4397 2315
4398 3030
4399 2634
4400 3806
4401 2172
4402 2842
4403 2600
4404 2131
4405 3600
4406 3339
4407 2569
4408 3593
4409 3822
4410 2051
4411 3192
4412 2103
4413 3715
4414 3254
4415 2167
4416 3928
4417 3086
4418 3984
4419 3804
4420 2855
4421 2689
4422 3179
4423 2473
4424 2037
4425 3303
4426 3120
4427 3934
4428 3503
4429 2876
4430 3629
4431 3595
4432 3329
4433 3999
4434 3256
4435 3667
4436 3444
4437 3596
4438 2014
4439 2513
4440 2037
4441 3103
4442 2826
4443 3720
4444 2783
4445 3062
4446 3072
4447 3598
4448 2957
4449 3888
4450 3403
4451 3499
4452 3676
4453 2709
4454 3322
4455 3027
4456 2988
4457 3151
4458 3458
4459 3763
4460 3049
4461 2543
4462 3565
4463 2595
4464 3265
4465 2645
4466 2207
4467 2885
4468 2677
4469 2065
4470 3897
4471 3936
4472 2869
4473 3988
4474 3734
4475 2134
4476 3371
4477 2777
4478 2798
4479 2144
4480 2259
4481 2920
4482 3894
4483 2135
4484 3197
4485 2786
4486 2592
4487 3713
4488 2302
4489 3760
4490 3762
4491 2742
4492 2860
4493 2678
4494 2750
4495 3813
4496 3667
4497 2877
4498 2494
4499 2581
4500 3940
4501 3449
4502 2411
4503 2333
4504 3197
4505 3771
4506 2915
4507 3640
4508 2747
4509 2858
4510 2725
4511 3703
4512 2603
4513 2476
4514 3076
4515 3482
4516 2061
4517 3756
4518 3800
4519 3112
4520 2396
4521 3103
4522 3690
4523 2840
4524 3004
4525 3594
4526 2212
4527 2959
4528 3840
4529 2859
4530 3599
4531 2257
4532 2578
4533 3858
4534 3986
4535 3285
4536 3929
4537 3161
4538 3337
4539 3428
4540 2577
4541 2878
4542 3727
4543 2359
4544 2643
4545 3225
4546 2705
4547 3918
4548 3915
4549 2359
4550 3916
4551 3960
4552 2804
4553 3629
4554 3319
4555 2747
4556 2097
4557 3954
4558 3517
4559 2193
4560 2566
4561 3180
4562 2363
4563 3593
4564 2313
4565 2462
4566 3600
4567 3763
4568 2475
4569 2866
4570 2216
4571 2085
4572 2233
4573 2898
4574 3645
4575 2728
4576 2430
4577 2932
4578 2393
4579 2349
4580 2182
4581 3823
4582 2721
4583 3429
4584 2680
4585 3758
4586 3681
4587 2175
4588 3506
4589 3021
4590 2973
4591 3172
4592 3139
4593 3118
4594 3719
4595 2326
4596 2213
4597 3866
4598 2372
4599 2558
4600 3916
4601 3212
4602 3184
4603 2577
4604 3850
4605 3156
4606 2986
4607 3823
4608 2081
4609 2084
4610 2600
4611 2675
4612 2188
4613 3415
4614 3964
4615 3490
4616 2499
4617 3332
4618 3120
4619 2892
4620 3621
4621 2010
4622 3544
4623 2614
4624 2422
4625 2320
4626 2808
4627 3368
4628 3656
4629 2035
4630 2160
4631 2998
4632 2212
4633 2387
4634 2766
4635 3040
4636 2890
4637 2106
4638 2217
4639 2825
4640 3010
4641 2444
4642 2339
4643 2254
4644 3085
4645 2516
4646 2991
4647 3868
4648 2132
4649 2355
4650 3526
4651 2788
4652 2444
4653 2215
4654 2992
4655 2870
4656 3932
4657 2232
4658 3256
4659 3898
4660 2525
4661 3286
4662 2036
4663 3402
4664 3182
4665 2897
4666 3782
4667 3324
4668 3025
4669 2180
4670 2623
4671 2710
4672 2419
4673 2432
4674 2756
4675 2650
4676 3590
4677 2803
4678 3028
4679 2770
4680 2129
4681 2011
4682 3769
4683 3431
4684 3332
4685 2609
4686 3043
4687 2874
4688 2245
4689 3446
4690 2893
4691 3866
4692 3517
4693 2247
4694 3863
4695 3393
4696 3375
4697 2803
4698 3947
4699 2347
4700 2032
4701 3341
4702 2966
4703 3678
4704 2653
4705 3624
4706 2778
4707 3421
4708 3573
4709 3160
4710 3866
4711 2618
4712 2615
4713 3239
4714 3245
4715 2176
4716 3027
4717 2248
4718 3975
4719 3782
4720 3486
4721 2937
4722 2467
4723 3456
4724 3503
4725 2520
4726 3725
4727 2474
4728 2990
4729 2575
4730 2979
4731 3562
4732 3273
4733 2847
4734 3440
4735 2516
4736 3753
4737 2139
4738 3403
4739 3114
4740 3119
4741 3782
4742 2947
4743 2842
4744 2877
4745 2072
4746 3455
4747 3559
4748 3916
4749 3439
4750 3504
4751 3470
4752 2855
4753 3233
4754 2655
4755 2200
4756 3402
4757 3125
4758 2773
4759 3866
4760 3475
4761 3426
4762 2661
4763 3805
4764 3066
4765 3128
4766 3595
4767 2463
4768 3193
4769 2391
4770 3533
4771 3416
4772 2714
4773 3821
4774 2269
4775 2523
4776 3773
4777 3171
4778 2987
4779 3820
4780 3799
4781 3973
4782 3919
4783 2491
4784 3256
4785 3247
4786 2301
4787 3622
4788 2013
4789 2619
4790 2231
4791 2581
4792 3313
4793 3113
4794 2459
4795 2687
4796 3673
4797 2366
4798 2886
4799 3882
4800 3104
4801 3518
4802 3456
4803 2572
4804 3782
4805 3554
4806 2530
4807 2709
4808 2615
4809 3465
4810 3241
4811 2259
4812 3848
4813 2890
4814 3270
4815 2976
4816 3206
4817 3727
4818 3340
4819 3723
4820 3887
4821 3515
4822 3847
4823 2007
4824 3142
4825 2821
4826 2745
4827 3448
4828 3120
4829 3401
4830 3341
4831 3744
4832 3787
4833 3114
4834 2648
4835 2445
4836 2507
4837 2343
4838 3622
4839 2445
4840 2367
4841 2176
4842 2048
4843 3377
4844 2473
4845 3542
4846 3692
4847 2495
4848 3255
4849 2646
4850 3642
4851 2848
4852 3121
4853 2018
4854 3939
4855 2697
4856 2684
4857 2668
4858 2549
4859 3785
4860 2459
4861 3526
4862 3049
4863 2993
4864 2177
4865 3147
4866 2528
4867 3131
4868 2025
4869 2505
4870 2604
4871 3557
4872 3774
4873 2556
4874 3666
4875 3448
4876 3058
4877 3403
4878 3631
4879 2628
4880 3512
4881 3176
4882 2264
4883 2114
4884 2251
4885 3581
4886 3748
4887 3720
4888 3003
4889 2856
4890 3826
4891 3716
4892 3062
4893 3984
4894 2733
4895 2798
4896 3631
4897 3410
4898 2886
4899 3752
4900 2227
4901 3360
4902 3674
4903 3452
4904 3773
4905 2984
4906 3251
4907 3235
4908 3542
4909 3889
4910 2333
4911 2279
4912 2247
4913 2777
4914 2642
4915 2553
4916 3994
4917 2680
4918 3339
4919 3326
4920 3105
4921 2358
4922 2984
4923 2940
4924 3041
4925 2521
4926 3660
4927 3873
4928 3618
4929 2710
4930 3711
4931 2657
4932 2542
4933 2413
4934 3662
4935 2275
4936 2831
4937 2367
4938 2435
4939 2995
4940 3812
4941 2523
4942 2674
4943 2044
4944 3356
4945 2774
4946 3231
4947 3900
4948 3330
4949 2697
4950 3379
4951 3240
4952 2136
4953 2062
4954 3844
4955 2958
4956 3674
4957 3201
4958 3963
4959 2617
4960 3321
4961 2127
4962 3422
4963 3607
4964 3777
4965 3480
4966 3263
4967 3610
4968 3366
4969 3436
4970 2195
4971 2522
4972 3324
4973 2888
4974 2193
4975 3650
4976 2709
4977 2370
4978 3651
4979 3803
4980 3416
4981 2738
4982 2323
4983 2777
4984 3103
4985 2343
4986 3207
4987 3585
4988 3113
4989 2221
4990 3640
4991 2921
4992 3221
4993 2560
4994 3936
4995 2698
4996 2131
4997 3352
4998 2161
4999 2533
5000 3845
5001 3341
5002 3672
5003 3404
5004 3451
5005 3238
5006 3479
5007 2511
5008 3157
5009 3554
5010 2235
5011 2161
5012 3560
5013 3277
5014 2584
5015 3868
5016 2726
5017 2851
5018 3645
5019 3239
5020 2540
5021 2883
5022 3882
5023 3559
5024 3824
5025 3573
5026 3725
5027 2353
5028 3222
5029 3379
5030 3602
5031 3524
5032 2137
5033 2618
5034 3235
5035 2372
5036 2985
5037 2453
5038 3111
5039 3687
5040 3667
5041 2375
5042 3897
5043 2317
5044 3384
5045 3071
5046 3381
5047 2430
5048 3250
5049 3387
5050 3495
5051 2215
5052 3868
5053 2327
5054 3351
5055 2957
5056 3831
5057 3497
5058 2670
5059 3000
5060 2437
5061 3722
5062 3844
5063 3951
5064 2620
5065 3635
5066 3139
5067 2976
5068 2776
5069 3891
5070 2191
5071 3007
5072 2831
5073 3362
5074 2089
5075 3525
5076 2837
5077 2770
5078 2144
5079 3368
5080 3109
5081 2146
5082 2783
5083 3358
5084 3658
5085 3544
5086 3881
5087 2714
5088 2726
5089 2672
5090 2326
5091 3436
5092 2612
5093 2651
5094 2392
5095 3170
5096 2981
5097 3793
5098 3427
5099 3860
5100 3132
5101 2216
5102 2608
5103 3736
5104 2177
5105 2858
5106 2631
5107 2218
5108 2323
5109 2243
5110 2920
5111 2353
5112 3471
5113 3023
5114 3342
5115 2091
5116 3356
5117 2796
5118 2002
5119 2817
5120 2991
5121 2590
5122 2894
5123 2871
5124 3416
5125 3944
5126 2004
5127 3181
5128 2843
5129 3460
5130 2309
5131 2669
5132 3904
5133 2818
5134 3985
5135 3312
5136 3197
5137 3492
5138 3379
5139 3948
5140 2364
5141 3863
5142 2381
5143 3577
5144 2169
5145 3054
5146 3853
5147 2047
5148 3635
5149 3669
5150 2291
5151 2158
5152 2642
5153 2432
5154 3697
5155 2450
5156 3658
5157 3951
5158 2167
5159 2190
5160 3007
5161 2123
5162 2476
5163 3800
5164 3902
5165 3980
5166 2602
5167 2958
5168 2809
5169 2917
5170 2483
5171 3405
5172 2477
5173 2140
5174 2231
5175 2108
5176 2036
5177 3853
5178 2476
5179 2917
5180 2788
5181 3940
5182 2861
5183 3740
5184 3364
5185 3984
5186 2438
5187 3125
5188 2607
5189 3367
5190 3942
5191 2666
5192 3826
5193 3760
5194 3725
5195 3029
5196 2221
5197 2688
5198 2001
5199 2015
5200 3960
5201 2461
5202 3275
5203 3693
5204 2953
5205 3366
5206 3535
5207 3300
5208 2114
5209 3865
5210 2848
5211 2992
5212 2259
5213 3465
5214 2920
5215 3272
5216 3784
5217 3869
5218 2138
5219 3803
5220 3920
5221 2369
5222 3132
5223 2257
5224 3070
5225 3967
5226 3912
5227 2375
5228 2639
5229 2622
5230 2020
5231 3884
5232 2540
5233 3270
5234 2510
5235 2016
5236 3052
5237 2137
5238 3339
5239 3524
5240 2592
5241 2200
5242 2172
5243 3587
5244 3482
5245 2601
5246 3817
5247 2072
5248 2412
5249 3826
5250 2282
5251 3426
5252 2277
5253 3674
5254 3259
5255 2221
5256 2753
5257 3688
5258 3341
5259 3950
5260 3378
5261 2684
5262 2532
5263 2007
5264 2238
5265 2997
5266 3297
5267 2861
5268 2295
5269 3116
5270 3489
5271 3188
5272 3466
5273 3003
5274 3256
5275 3205
5276 3751
5277 3675
5278 2230
5279 2332
5280 3853
5281 2751
5282 3431
5283 2590
5284 2479
5285 2002
5286 3969
5287 3242
5288 2800
5289 2116
5290 3972
5291 2914
5292 2391
5293 2016
5294 3985
5295 3354
5296 3162
5297 3126
5298 2144
5299 3448
5300 2892
5301 3444
5302 2478
5303 3570
5304 3083
5305 2012
5306 2899
5307 3375
5308 2975
5309 2767
5310 2311
5311 3528
5312 2554
5313 2325
5314 3815
5315 3510
5316 2134
5317 2431
5318 2897
5319 3484
5320 2160
5321 3481
5322 3829
5323 3025
5324 2370
5325 3697
5326 3948
5327 2216
5328 2930
5329 3518
5330 2778
5331 2414
5332 3839
5333 3151
5334 2434
5335 2775
5336 3326
5337 2235
5338 2538
5339 2961
5340 3284
5341 2282
5342 3298
5343 2152
5344 3570
5345 3278
5346 2846
5347 3403
5348 2219
5349 3195
5350 2320
5351 2563
5352 2735
5353 2405
5354 3305
5355 2260
5356 2996
5357 3957
5358 2481
5359 3202
5360 2862
5361 2272
5362 2029
5363 2534
5364 2114
5365 3910
5366 2654
5367 2967
5368 2869
5369 3355
5370 2704
5371 2109
5372 3555
5373 2396
5374 3236
5375 3176
5376 2061
5377 2268
5378 2648
5379 3507
5380 2530
5381 2660
5382 3076
5383 3810
5384 3373
5385 2098
5386 2386
5387 2035
5388 3987
5389 2665
5390 2879
5391 2193
5392 3241
5393 3733
5394 2703
5395 3634
5396 3854
5397 2848
5398 2034
5399 2312
5400 2531
5401 2173
5402 2418
5403 3987
5404 2463
5405 3706
5406 2130
5407 2035
5408 3421
5409 2808
5410 2265
5411 2842
5412 2545
5413 2354
5414 2200
5415 2523
5416 3279
5417 3998
5418 3516
5419 3513
5420 2207
5421 3128
5422 2615
5423 2775
5424 2874
5425 3132
5426 2067
5427 3224
5428 3610
5429 3865
5430 2030
5431 3360
5432 3598
5433 2250
5434 2979
5435 2145
5436 2740
5437 3198
5438 2822
5439 2630
5440 2323
5441 3072
5442 2400
5443 2628
5444 3030
5445 3105
5446 2599
5447 2313
5448 3038
5449 2353
5450 2976
5451 2964
5452 2668
5453 3682
5454 2985
5455 2883
5456 2218
5457 3417
5458 2339
5459 2636
5460 2065
5461 2335
5462 2360
5463 3217
5464 3339
5465 2715
5466 3642
5467 3836
5468 2606
5469 3588
5470 3500
5471 2949
5472 2933
5473 2920
5474 3523
5475 3246
5476 2544
5477 2071
5478 3875
5479 2409
5480 2235
5481 2544
5482 2518
5483 2294
5484 2025
5485 3294
5486 2837
5487 2117
5488 2748
5489 3904
5490 3716
5491 3234
5492 3849
5493 2903
5494 2904
5495 2208
5496 2277
5497 2550
5498 2164
5499 3149
5500 2765
5501 3817
5502 2952
5503 2855
5504 2413
5505 3488
5506 2722
5507 3270
5508 3029
5509 2782
5510 3810
5511 2595
5512 2565
5513 3463
5514 3358
5515 2491
5516 3745
5517 3230
5518 3585
5519 2801
5520 2282
5521 3956
5522 2928
5523 3764
5524 2339
5525 3365
5526 3581
5527 2534
5528 2138
5529 2213
5530 3497
5531 3836
5532 3650
5533 2368
5534 2662
5535 2483
5536 2057
5537 3886
5538 2868
5539 2372
5540 3917
5541 2248
5542 3910
5543 3768
5544 3249
5545 2837
5546 3965
5547 3333
5548 2415
5549 3599
5550 2087
5551 2592
5552 2031
5553 3913
5554 2674
5555 2907
5556 2552
5557 2399
5558 3005
5559 2776
5560 2319
5561 3247
5562 2158
5563 2190
5564 2296
5565 3905
5566 3879
5567 3370
5568 2406
5569 2805
5570 2301
5571 3091
5572 2357
5573 2019
5574 2282
5575 2099
5576 3499
5577 3980
5578 2657
5579 3035
5580 3582
5581 2076
5582 3008
5583 3188
5584 2699
5585 3995
5586 3164
5587 3385
5588 3835
5589 2977
5590 3002
5591 2657
5592 3416
5593 3300
5594 3033
5595 2575
5596 3345
5597 3084
5598 3040
5599 3754
5600 2306
5601 3529
5602 2408
5603 3276
5604 3567
5605 3900
5606 2291
5607 3797
5608 3382
5609 3493
5610 2043
5611 3505
5612 3312
5613 3235
5614 3690
5615 3257
5616 2311
5617 3489
5618 3872
5619 2199
5620 2319
5621 2185
5622 3014
5623 3983
5624 3262
5625 3882
5626 2845
5627 3614
5628 3480
5629 2695
5630 2068
5631 3547
5632 3660
5633 3368
5634 2775
5635 3865
5636 3310
5637 2020
5638 3347
5639 2331
5640 3978
5641 2428
5642 2869
5643 2732
5644 3907
5645 2509
5646 3841
5647 3322
5648 3117
5649 2801
5650 3883
5651 2475
5652 2664
5653 2421
5654 2955
5655 3114
5656 3425
5657 2227
5658 2628
5659 3065
5660 3119
5661 3294
5662 3992
5663 3697
5664 3207
5665 2102
5666 3925
5667 2445
5668 3999
5669 2861
5670 2489
5671 3815
5672 2193
5673 3679
5674 3075
5675 3586
5676 2125
5677 2344
5678 3386
5679 2142
5680 3591
5681 3197
5682 3024
5683 3266
5684 2588
5685 2911
5686 2984
5687 2186
5688 3853
5689 3001
5690 3214
5691 2715
5692 3212
5693 3637
5694 2922
5695 3939
5696 2646
5697 3313
5698 2478
5699 3791
5700 2113
5701 2677
5702 3167
5703 3851
5704 2953
5705 3168
5706 3241
5707 3701
5708 2639
5709 2986
5710 2778
5711 2199
5712 3807
5713 3316
5714 3211
5715 2485
5716 2499
5717 3699
5718 3115
5719 2349
5720 3362
5721 2227
5722 2850
5723 3240
5724 2185
5725 2310
5726 2495
5727 2452
5728 3547
5729 2794
5730 3308
5731 2899
5732 3791
5733 2617
5734 2333
5735 2676
5736 2292
5737 2869
5738 2193
5739 2702
5740 2779
5741 2882
5742 2704
5743 2917
5744 3733
5745 3583
5746 3434
5747 2282
5748 3964
5749 3265
5750 3249
5751 3756
5752 2704
5753 2825
5754 3811
5755 3261
5756 2345
5757 2010
5758 2278
5759 2691
5760 2145
5761 3692
5762 3029
5763 2953
5764 3232
5765 2049
5766 3926
5767 3753
5768 2041
5769 2293
5770 3323
5771 2774
5772 2483
5773 3742
5774 2568
5775 3377
5776 3508
5777 2517
5778 2865
5779 3603
5780 3066
5781 2923
5782 2879
5783 2107
5784 3694
5785 3113
5786 3374
5787 2142
5788 2461
5789 2342
5790 2366
5791 3866
5792 3060
5793 2145
5794 2984
5795 3721
5796 2747
5797 2341
5798 2823
5799 2650
5800 2502
5801 3850
5802 2351
5803 2417
5804 3196
5805 2389
5806 2835
5807 2596
5808 2430
5809 2445
5810 2322
5811 3826
5812 3121
5813 2974
5814 2451
5815 2334
5816 3986
5817 3252
5818 2473
5819 2946
5820 3856
5821 2639
5822 2681
5823 2600
5824 2912
5825 3945
5826 3033
5827 2534
5828 2415
5829 2777
5830 2538
5831 2894
5832 2103
5833 3331
5834 2847
5835 3622
5836 2264
5837 3560
5838 2008
5839 3144
5840 3963
5841 3219
5842 2112
5843 2901
5844 2203
5845 3561
5846 2365
5847 2210
5848 3020
5849 3019
5850 3554
5851 3389
5852 3222
5853 2213
5854 2862
5855 3545
5856 2746
5857 3427
5858 2429
5859 2773
5860 2790
5861 3634
5862 3320
5863 2916
5864 3259
5865 3423
5866 3341
5867 2736
5868 2144
5869 2577
5870 2257
5871 2076
5872 2722
5873 2268
5874 3646
5875 2047
5876 3841
5877 3364
5878 2507
5879 3090
5880 3466
5881 2168
5882 2227
5883 2645
5884 3443
5885 3057
5886 2401
5887 3653
5888 2016
5889 2367
5890 2913
5891 3132
5892 3431
5893 3000
5894 2552
5895 3461
5896 2221
5897 2917
5898 2107
5899 3303
5900 3859
5901 2112
5902 3411
5903 3146
5904 2905
5905 3588
5906 2945
5907 2068
5908 2267
5909 2218
5910 3066
5911 3689
5912 3965
5913 3517
5914 2105
5915 3858
5916 3051
5917 3921
5918 2041
5919 3039
5920 2123
5921 2094
5922 3626
5923 2544
5924 3338
5925 3761
5926 3220
5927 2205
5928 2069
5929 3773
5930 3705
5931 3864
5932 3525
5933 3080
5934 3885
5935 2914
5936 3816
5937 2751
5938 3136
5939 2140
5940 2727
5941 2566
5942 2836
5943 3888
5944 3699
5945 2208
5946 2648
5947 2084
5948 2464
5949 3385
5950 2277
5951 2367
5952 2590
5953 3480
5954 3472
5955 3623
5956 2582
5957 3520
5958 3134
5959 2108
5960 2168
5961 2428
5962 2613
5963 2814
5964 3418
5965 3993
5966 2426
5967 3511
5968 3066
5969 3420
5970 3615
5971 2548
5972 2419
5973 3612
5974 3753
5975 3320
5976 2356
5977 3010
5978 2874
5979 2436
5980 3914
5981 3759
5982 3937
5983 2058
5984 3887
5985 3015
5986 2184
5987 2179
5988 3342
5989 2470
5990 2426
5991 3205
5992 3878
5993 2066
5994 3724
5995 3587
5996 2549
5997 3124
5998 3580
5999 3243
2001 1447
2002 589
2004 408
2007 1311
2008 1379
2010 467
2011 309
2012 60
2013 1366
2014 317
2015 1496
2016 1785
2018 748
2019 884
2020 241
2021 1761
2025 1939
2029 862
2030 1124
2031 1504
2032 1526
2034 587
2035 1604
2036 1868
2037 1012
2041 1280
2043 1687
2044 672
2047 551
2048 1817
2049 1923
2051 743
2057 1656
2058 981
2060 1884
2061 1849
2062 162
2065 232
2066 1216
2067 1816
2068 394
2069 1251
2070 1982
2071 1995
2072 1343
2076 90
2081 473
2082 1677
2084 173
2085 1880
2087 1958
2089 1379
2091 1195
2092 1372
2094 1611
2097 271
2098 1993
2099 1414
2102 1118
2103 488
2105 1375
2106 1823
2107 1092
2108 21
2109 568
2112 207
2113 691
2114 623
2116 668
2117 1327
2123 1234
2125 1266
2127 1522
2129 834
2130 1764
2131 755
2132 994
2134 1935
2135 392
2136 238
2137 1998
2138 930
2139 500
2140 872
2142 938
2144 1746
2145 1253
2146 850
2148 285
2151 792
2152 1427
2158 1783
2160 1664
2161 301
2164 272
2167 1840
2168 1981
2169 1490
2171 1680
2172 1797
2173 800
2175 260
2176 1508
2177 1183
2179 92
2180 965
2182 879
2184 1201
2185 1347
2186 754
2188 1028
2189 942
2190 731
2191 424
2193 1572
2195 1931
2199 1040
2200 986
2203 1577
2204 1568
2205 897
2206 1146
2207 1762
2208 1728
2210 422
2211 626
2212 1123
2213 636
2215 422
2216 1335
2217 686
2218 466
2219 1862
2221 1193
2223 1080
2227 1019
2230 1612
2231 196
2232 1842
2233 1137
2235 816
2238 1728
2240 607
2241 1710
2243 1499
2245 300
2247 1062
2248 82
2250 1864
2251 1998
2252 1102
2254 591
2257 758
2259 197
2260 175
2264 1315
2265 1106
2267 1318
2268 1879
2269 1881
2272 808
2274 691
2275 215
2276 1838
2277 1285
2278 1489
2279 1155
2282 1948
2286 1748
2287 518
2291 895
2292 65
2293 1774
2294 1819
2295 625
2296 96
2299 701
2301 1906
2302 633
2306 1514
2309 357
2310 1638
2311 866
2312 213
2313 1422
2315 521
2317 254
2319 1116
2320 1213
2322 862
2323 1151
2325 11
2326 1446
2327 760
2329 1680
2331 1392
2332 1052
2333 674
2334 1479
2335 632
2338 83
2339 1347
2341 1457
2342 1150
2343 1755
2344 1257
2345 1571
2347 3
2349 1382
2351 1385
2353 1722
2354 1308
2355 475
2356 1886
2357 407
2358 386
2359 1339
2360 1043
2363 1892
2364 1570
2365 63
2366 1016
2367 1726
2368 762
2369 1941
2370 989
2372 837
2375 944
2379 878
2381 46
2384 448
2386 1516
2387 1549
2389 925
2390 1906
2391 264
2392 1629
2393 919
2396 805
2397 1889
2399 288
2400 1988
2401 1168
2405 487
2406 1883
2408 1400
2409 1576
2411 942
2412 917
2413 1014
2414 1689
2415 1653
2417 1108
2418 1827
2419 354
2421 1889
2422 161
2424 920
2425 1727
2426 383
2427 1123
2428 1054
2429 1330
2430 937
2431 1746
2432 819
2434 612
2435 220
2436 1310
2437 1705
2438 1435
2443 1414
2444 1354
2445 165
2447 1332
2450 1926
2451 871
2452 1866
2453 1800
2458 1185
2459 1034
2460 1645
2461 1518
2462 1461
2463 382
2464 422
2466 280
2467 1090
2470 203
2473 1629
2474 1391
2475 204
2476 1222
2477 1575
2478 1886
2479 729
2480 504
2481 1620
2483 1527
2485 181
2489 93
2491 1017
2492 76
2494 1415
2495 860
2497 1866
2499 325
2501 396
2502 1619
2504 21
2505 1711
2507 914
2509 1400
2510 514
2511 1722
2512 359
2513 1517
2516 1892
2517 858
2518 1097
2520 1714
2521 1254
2522 1628
2523 87
2525 1488
2527 1835
2528 1084
2529 925
2530 194
2531 1397
2532 763
2533 583
2534 930
2538 957
2539 1796
2540 859
2542 1
2543 446
2544 39
2545 1035
2548 799
2549 269
2550 1150
2552 717
2553 205
2554 936
2556 1697
2558 425
2560 53
2561 1463
2563 1777
2565 426
2566 476
2568 344
2569 1307
2572 1430
2573 613
2574 1724
2575 601
2577 148
2578 665
2581 277
2582 1199
2583 1786
2584 1135
2587 31
2588 1852
2590 1098
2592 1431
2595 13
2596 619
2598 1730
2599 1491
2600 868
2601 148
2602 1410
2603 604
2604 642
2605 522
2606 928
2607 261
2608 1671
2609 894
2612 258
2613 507
2614 902
2615 463
2617 1242
2618 459
2619 1020
2620 1922
2622 1941
2623 1240
2624 1069
2625 1715
2628 1130
2630 1920
2631 536
2634 106
2635 1723
2636 721
2639 431
2642 499
2643 1052
2645 521
2646 1977
2648 107
2650 950
2651 598
2653 137
2654 1421
2655 1428
2657 1494
2659 467
2660 1119
2661 168
2662 766
2663 568
2664 546
2665 1403
2666 783
2668 896
2669 1503
2670 1769
2671 63
2672 1772
2674 1122
2675 502
2676 1491
2677 953
2678 1078
2680 1597
2681 86
2684 1633
2687 31
2688 6
2689 52
2691 677
2693 1886
2694 1786
2695 1695
2697 1124
2698 473
2699 740
2702 354
2703 1996
2704 1882
2705 86
2707 1783
2709 1237
2710 1546
2714 665
2715 1640
2718 1895
2721 1651
2722 1967
2725 302
2726 1562
2727 119
2728 1949
2732 593
2733 1995
2735 745
2736 288
2738 1670
2740 447
2742 288
2745 1004
2746 667
2747 904
2748 422
2750 1271
2751 1503
2753 1494
2756 109
2760 158
2761 1259
2764 1754
2765 591
2766 1139
2767 27
2769 1182
2770 1496
2773 758
2774 298
2775 1251
2776 1932
2777 832
2778 499
2779 485
2782 1625
2783 1251
2786 93
2788 364
2790 197
2794 203
2796 1387
2798 1681
2800 1389
2801 1327
2803 1533
2804 1404
2805 1606
2806 1682
2808 1519
2809 100
2814 459
2815 1303
2817 1138
2818 1924
2821 1979
2822 699
2823 158
2825 1206
2826 231
2828 1199
2830 1425
2831 1982
2835 1121
2836 155
2837 1555
2840 1143
2842 104
2843 1051
2845 173
2846 923
2847 1309
2848 1894
2850 662
2851 1794
2855 1466
2856 1052
2857 1497
2858 306
2859 485
2860 1214
2861 1192
2862 646
2865 1949
2866 840
2868 1239
2869 57
2870 1686
2871 1765
2874 1278
2876 1387
2877 150
2878 40
2879 44
2880 1229
2882 391
2883 1936
2884 372
2885 119
2886 1136
2888 1424
2889 538
2890 75
2891 783
2892 786
2893 1426
2894 129
2897 72
2898 29
2899 952
2901 1519
2903 242
2904 1445
2905 636
2907 140
2911 290
2912 685
2913 53
2914 317
2915 1632
2916 806
2917 1807
2920 406
2921 341
2922 427
2923 1461
2928 729
2930 432
2932 1718
2933 1399
2936 1890
2937 1271
2939 1022
2940 978
2942 1385
2945 477
2946 389
2947 557
2948 39
2949 277
2952 1639
2953 278
2955 1060
2956 400
2957 1195
2958 388
2959 553
2961 379
2964 682
2966 1319
2967 94
2973 1955
2974 1029
2975 1704
2976 1205
2977 1883
2979 911
2980 613
2981 1786
2984 203
2985 374
2986 277
2987 817
2988 1224
2990 1163
2991 305
2992 992
2993 1290
2995 843
2996 1627
2997 902
2998 1803
3000 195
3001 1474
3002 629
3003 253
3004 839
3005 1333
3007 1454
3008 541
3010 168
3014 1615
3015 353
3017 1950
3019 1585
3020 1162
3021 277
3023 326
3024 560
3025 1956
3027 1031
3028 667
3029 851
3030 1025
3033 745
3035 1025
3036 965
3038 335
3039 1668
3040 1916
3041 1809
3043 486
3044 906
3049 874
3050 1658
3051 1139
3052 577
3054 504
3057 1551
3058 1142
3060 524
3062 1141
3065 1221
3066 992
3070 1254
3071 1878
3072 218
3075 519
3076 997
3079 1162
3080 1225
3083 307
3084 534
3085 1194
3086 594
3090 75
3091 24
3098 764
3099 549
3103 1183
3104 262
3105 1018
3108 1919
3109 371
3110 820
3111 858
3112 1170
3113 1680
3114 721
3115 96
3116 113
3117 1625
3118 159
3119 1196
3120 685
3121 1794
3124 1034
3125 1464
3126 683
3128 1019
3131 439
3132 1812
3134 1596
3136 1786
3139 1633
3142 1777
3144 1127
3146 1255
3147 1733
3148 428
3149 901
3150 1142
3151 151
3156 855
3157 480
3160 19
3161 640
3162 1320
3164 1348
3166 253
3167 399
3168 98
3169 1213
3170 1477
3171 1208
3172 1434
3174 1189
3176 1110
3177 1219
3179 1471
3180 1722
3181 1307
3182 1651
3184 671
3187 1311
3188 14
3190 352
3192 1666
3193 579
3195 316
3196 1318
3197 1067
3198 329
3201 1598
3202 1113
3205 1876
3206 1835
3207 1740
3208 1225
3209 1765
3211 3
3212 1550
3214 629
3217 566
3219 1512
3220 1507
3221 232
3222 546
3224 832
3225 1902
3229 1757
3230 682
3231 1849
3232 1313
3233 1424
3234 645
3235 1124
3236 189
3238 1384
3239 1589
3240 1298
3241 1853
3242 1944
3243 1290
3245 1638
3246 1844
3247 584
3249 1969
3250 1992
3251 1341
3252 1956
3254 1112
3255 608
3256 1077
3257 1037
3258 1924
3259 342
3261 60
3262 1811
3263 1253
3265 934
3266 1032
3270 327
3272 1686
3273 165
3274 786
3275 1691
3276 1956
3277 821
3278 311
3279 534
3282 272
3284 961
3285 1024
3286 692
3287 621
3288 446
3294 1399
3296 851
3297 878
3298 987
3300 344
3303 1411
3305 473
3306 1185
3308 422
3310 1559
3311 1641
3312 371
3313 1811
3314 1260
3316 78
3318 1939
3319 1093
3320 1238
3321 1461
3322 806
3323 1306
3324 1165
3325 1685
3326 328
3329 1658
3330 177
3331 314
3332 1914
3333 1770
3336 1618
3337 1730
3338 479
3339 1566
3340 853
3341 448
3342 761
3345 1863
3346 1461
3347 968
3348 866
3350 1658
3351 1947
3352 1988
3354 730
3355 1758
3356 31
3358 999
3360 800
3362 1022
3364 1551
3365 126
3366 686
3367 1651
3368 1892
3370 802
3371 1047
3373 310
3374 18
3375 58
3377 1019
3378 1686
3379 564
3381 1825
3382 1234
3384 942
3385 1450
3386 1606
3387 919
3389 1150
3393 1100
3395 617
3397 182
3399 223
3401 899
3402 1010
3403 1068
3404 135
3405 1934
3408 275
3410 905
3411 1180
3415 1778
3416 1166
3417 992
3418 1663
3420 1606
3421 496
3422 1266
3423 1667
3425 288
3426 1197
3427 1567
3428 1649
3429 382
3431 661
3434 931
3436 1973
3439 1697
3440 1301
3441 1983
3443 1948
3444 1666
3446 81
3448 4
3449 463
3451 1005
3452 1564
3455 412
3456 804
3458 765
3460 543
3461 1297
3462 723
3463 1496
3465 399
3466 378
3470 1813
3471 187
3472 169
3475 1490
3479 1153
3480 1698
3481 200
3482 1308
3484 1139
3485 1979
3486 409
3488 1564
3489 802
3490 1108
3492 851
3493 1510
3495 634
3497 375
3499 847
3500 1028
3503 233
3504 535
3505 1908
3506 1007
3507 520
3508 1703
3510 988
3511 735
3512 388
3513 784
3515 104
3516 847
3517 1295
3518 667
3520 1979
3523 1801
3524 1036
3525 1835
3526 1437
3527 587
3528 922
3529 1435
3533 1227
3535 1473
3542 1149
3544 892
3545 1191
3547 879
3552 942
3553 1836
3554 414
3555 78
3557 1039
3559 879
3560 1389
3561 789
3562 1409
3563 699
3565 1753
3567 1035
3570 1332
3573 774
3577 893
3580 803
3581 1809
3582 1010
3583 258
3585 411
3586 442
3587 1518
3588 1465
3590 945
3591 1179
3593 1555
3594 6
3595 288
3596 1985
3598 1588
3599 1350
3600 1058
3602 1143
3603 561
3604 923
3607 1570
3610 911
3612 501
3614 536
3615 1241
3617 808
3618 209
3619 1219
3621 1842
3622 609
3623 1252
3624 1772
3626 427
3629 555
3631 1344
3634 193
3635 580
3637 1826
3638 1219
3640 1638
3641 1392
3642 581
3645 1576
3646 1170
3650 1109
3651 1858
3653 660
3656 1590
3658 736
3660 1050
3662 1578
3663 1879
3666 1629
3667 1267
3668 73
3669 75
3672 300
3673 916
3674 430
3675 706
3676 1783
3678 855
3679 547
3681 1407
3682 608
3683 11
3687 1411
3688 1702
3689 1442
3690 1482
3692 1536
3693 859
3694 1126
3695 1084
3697 1280
3699 1631
3701 1224
3703 743
3705 574
3706 608
3709 1902
3711 1749
3713 1277
3715 1990
3716 1429
3717 1755
3719 1784
3720 198
3721 1431
3722 957
3723 1373
3724 142
3725 1761
3727 1263
3732 237
3733 244
3734 736
3736 584
3740 1209
3742 1221
3744 1920
3745 1824
3748 1925
3751 999
3752 207
3753 402
3754 333
3756 1019
3758 1570
3759 1946
3760 935
3761 1493
3762 1177
3763 54
3764 101
3768 293
3769 1955
3771 1615
3773 573
3774 1563
3777 167
3782 342
3784 1690
3785 690
3787 293
3791 140
3793 1738
3795 197
3797 352
3799 1399
3800 915
3803 1078
3804 1992
3805 1568
3806 322
3807 1105
3810 1777
3811 1869
3812 1022
3813 409
3815 1589
3816 1771
3817 1259
3820 1425
3821 1375
3822 587
3823 1683
3824 1704
3826 80
3829 1055
3831 1775
3832 348
3835 1234
3836 1633
3839 1868
3840 696
3841 752
3844 1698
3845 120
3846 1831
3847 780
3848 1607
3849 971
3850 1088
3851 454
3853 458
3854 1698
3855 295
3856 1232
3858 1487
3859 1223
3860 838
3863 1399
3864 1311
3865 776
3866 1488
3868 1793
3869 1710
3872 1760
3873 1265
3875 201
3876 1557
3878 292
3879 39
3881 502
3882 545
3883 1639
3884 611
3885 1859
3886 1979
3887 1485
3888 399
3889 1072
3891 1202
3894 854
3897 1120
3898 1522
3899 951
3900 223
3902 1267
3904 606
3905 718
3907 1341
3910 14
3911 1966
3912 1066
3913 342
3914 1326
3915 400
3916 1891
3917 1816
3918 1123
3919 1434
3920 434
3921 1467
3925 742
3926 62
3927 166
3928 650
3929 1657
3932 1407
3934 1542
3936 693
3937 1426
3939 391
3940 146
3941 687
3942 151
3944 1571
3945 916
3947 241
3948 577
3950 26
3951 1163
3952 558
3954 1384
3956 343
3957 1024
3960 1435
3963 1487
3964 243
3965 1390
3967 1030
3969 515
3972 610
3973 619
3975 785
3978 660
3980 97
3983 1049
3984 1657
3985 867
3986 1078
3987 14
3988 277
3992 1812
3993 1185
3994 1813
3995 826
3996 1399
3998 1914
3999 1527
