4000 2009
4001 3592
4002 3102
4003 2761
4004 3716
4005 3526
4006 2847
4007 3833
4008 2816
4009 2512
4010 2442
4011 2943
4012 2718
4013 3708
4014 3732
4015 2863
4016 2644
4017 2198
4018 3439
4019 2890
4020 2958
4021 3284
4022 2294
4023 2459
4024 2222
4025 2956
4026 3070
4027 3156
4028 3786
4029 2807
4030 3719
4031 2206
4032 2842
4033 3934
4034 2592
4035 3491
4036 2275
4037 2015
4038 3882
4039 2186
4040 3544
4041 3394
4042 2695
4043 3360
4044 2769
4045 2830
4046 2709
4047 3186
4048 2399
4049 3662
4050 3562
4051 2044
4052 3258
4053 3346
4054 3116
4055 2497
4056 2113
4057 3398
4058 2898
4059 2657
4060 3452
4061 3062
4062 3098
4063 3997
4064 2800
4065 2707
4066 3669
4067 2372
4068 3595
4069 2458
4070 2586
4071 3963
4072 2573
4073 3532
4074 2397
4075 2385
4076 3792
4077 3709
4078 2191
4079 2952
4080 3209
4081 3157
4082 3120
4083 2986
4084 3151
4085 2427
4086 2538
4087 2861
4088 2356
4089 2070
4090 3167
4091 2205
4092 3036
4093 3396
4094 3974
4095 2582
4096 3351
4097 2277
4098 2574
4099 3321
4100 2136
4101 3120
4102 2687
4103 2824
4104 2662
4105 3255
4106 2605
4107 3638
4108 3352
4109 3228
4110 3910
4111 2502
4112 3794
4113 3658
4114 3490
4115 3384
4116 3421
4117 2598
4118 2149
4119 2761
4120 2112
4121 2015
4122 3587
4123 3063
4124 3722
4125 3025
4126 3974
4127 2488
4128 2160
4129 3330
4130 3276
4131 2528
4132 2821
4133 3044
4134 3617
4135 3864
4136 3296
4137 2117
4138 2702
4139 3021
4140 2141
4141 3813
4142 2306
4143 3867
4144 3275
4145 3315
4146 3485
4147 3348
4148 3618
4149 2331
4150 2426
4151 3074
4152 2948
4153 2624
4154 3605
4155 3288
4156 3220
4157 2070
4158 2981
4159 2066
4160 2618
4161 3753
4162 2130
4163 3519
4164 3355
4165 3641
4166 2526
4167 3004
4168 3111
4169 3876
4170 3967
4171 3567
4172 2958
4173 3111
4174 2012
4175 2299
4176 3247
4177 2561
4178 2021
4179 2710
4180 3653
4181 2358
4182 2241
4183 2350
4184 3697
4185 3276
4186 3552
4187 3339
4188 2889
4189 3054
4190 2770
4191 3020
4192 3408
4193 2241
4194 3911
4195 3900
4196 2379
4197 3139
4198 2877
4199 3634
4200 2283
4201 2659
4202 2665
4203 3694
4204 3451
4205 3402
4206 2117
4207 2198
4208 3821
4209 3553
4210 2460
4211 3953
4212 3091
4213 3264
4214 2116
4215 2114
4216 3403
4217 2917
4218 2856
4219 2210
4220 2422
4221 3441
4222 3879
4223 3208
4224 3239
4225 2523
4226 3071
4227 3256
4228 3674
4229 2828
4230 2583
4231 2141
4232 3108
4233 3409
4234 3025
4235 3624
4236 3128
4237 3146
4238 2227
4239 3287
4240 2985
4241 3599
4242 2673
4243 3463
4244 2189
4245 3487
4246 3064
4247 3941
4248 2960
4249 2625
4250 3840
4251 3150
4252 2007
4253 2447
4254 3485
4255 2161
4256 2604
4257 2035
4258 2150
4259 2760
4260 2988
4261 2886
4262 3274
4263 2747
4264 2506
4265 3927
4266 2602
4267 2490
4268 3017
4269 2450
4270 2221
4271 2358
4272 2602
4273 2635
4274 3387
4275 2974
4276 2662
4277 3225
4278 2019
4279 3805
4280 3325
4281 2549
4282 3795
4283 2650
4284 3637
4285 2093
4286 3177
4287 3306
4288 3545
4289 2447
4290 3190
4291 3639
4292 2764
4293 3815
4294 3487
4295 2615
4296 2706
4297 2060
4298 2504
4299 3065
4300 2253
4301 3336
4302 2511
4303 2936
4304 3751
4305 2171
4306 2850
4307 2847
4308 3810
4309 2068
4310 3829
4311 2207
4312 2082
4313 3110
4314 3663
4315 3310
4316 2010
4317 3148
4318 3079
4319 2153
4320 2705
4321 3733
4322 3358
4323 3723
4324 3584
4325 3182
4326 3175
4327 3883
4328 3695
4329 3386
4330 3992
4331 3342
4332 2560
4333 2116
4334 2451
4335 2745
4336 3721
4337 3898
4338 2339
4339 2082
4340 2659
4341 2221
4342 2286
4343 3182
4344 3416
4345 2335
4346 2905
4347 3532
4348 2467
4349 2884
4350 3606
4351 2500
4352 3203
4353 3960
4354 2483
4355 2089
4356 3051
4357 2815
4358 2699
4359 3485
4360 2425
4361 2938
4362 2051
4363 2387
4364 2435
4365 2406
4366 2492
4367 3816
4368 2328
4369 3356
4370 2287
4371 2480
4372 2179
4373 3282
4374 3319
4375 3263
4376 2637
4377 2250
4378 3243
4379 3683
4380 2279
4381 2424
4382 2390
4383 3754
4384 3855
4385 2031
4386 3847
4387 3744
4388 2880
4389 3169
4390 3906
4391 2822
4392 3258
4393 2692
4394 3098
4395 2670
4396 2854
4397 2315
4398 3030
4399 2634
4400 3806
4401 2173
4402 2842
4403 2601
4404 2131
4405 3600
4406 3338
4407 2568
4408 3593
4409 3823
4410 2050
4411 3193
4412 2102
4413 3714
4414 3254
4415 2166
4416 3929
4417 3086
4418 3984
4419 3805
4420 2854
4421 2688
4422 3178
4423 2473
4424 2036
4425 3302
4426 3121
4427 3935
4428 3503
4429 2876
4430 3629
4431 3595
4432 3329
4433 3999
4434 3257
4435 3667
4436 3445
4437 3596
4438 2014
4439 2513
4440 2037
4441 3103
4442 2827
4443 3721
4444 2783
4445 3062
4446 3073
4447 3598
4448 2956
4449 3889
4450 3402
4451 3499
4452 3677
4453 2709
4454 3323
4455 3026
4456 2989
4457 3150
4458 3459
4459 3762
4460 3049
4461 2542
4462 3565
4463 2594
4464 3265
4465 2644
4466 2207
4467 2885
4468 2676
4469 2064
4470 3897
4471 3937
4472 2869
4473 3989
4474 3735
4475 2134
4476 3370
4477 2776
4478 2799
4479 2144
4480 2258
4481 2920
4482 3894
4483 2134
4484 3196
4485 2787
4486 2592
4487 3712
4488 2303
4489 3761
4490 3762
4491 2743
4492 2860
4493 2678
4494 2750
4495 3812
4496 3667
4497 2877
4498 2495
4499 2581
4500 3941
4501 3448
4502 2411
4503 2333
4504 3197
4505 3770
4506 2914
4507 3641
4508 2747
4509 2858
4510 2724
4511 3702
4512 2603
4513 2476
4514 3077
4515 3482
4516 2061
4517 3756
4518 3800
4519 3112
4520 2396
4521 3102
4522 3690
4523 2840
4524 3005
4525 3594
4526 2212
4527 2958
4528 3841
4529 2858
4530 3599
4531 2257
4532 2578
4533 3859
4534 3987
4535 3285
4536 3929
4537 3160
4538 3337
4539 3429
4540 2576
4541 2879
4542 3726
4543 2358
4544 2643
4545 3225
4546 2704
4547 3919
4548 3915
4549 2358
4550 3917
4551 3960
4552 2804
4553 3629
4554 3318
4555 2747
4556 2097
4557 3954
4558 3516
4559 2192
4560 2566
4561 3180
4562 2362
4563 3592
4564 2312
4565 2463
4566 3600
4567 3763
4568 2475
4569 2866
4570 2217
4571 2085
4572 2232
4573 2899
4574 3645
4575 2728
4576 2431
4577 2933
4578 2393
4579 2348
4580 2182
4581 3822
4582 2721
4583 3428
4584 2681
4585 3758
4586 3681
4587 2175
4588 3507
4589 3020
4590 2972
4591 3172
4592 3138
4593 3119
4594 3718
4595 2326
4596 2212
4597 3866
4598 2373
4599 2559
4600 3916
4601 3213
4602 3185
4603 2576
4604 3851
4605 3157
4606 2986
4607 3822
4608 2080
4609 2084
4610 2600
4611 2675
4612 2188
4613 3414
4614 3964
4615 3491
4616 2498
4617 3333
4618 3121
4619 2892
4620 3621
4621 2011
4622 3545
4623 2615
4624 2422
4625 2321
4626 2808
4627 3368
4628 3657
4629 2035
4630 2161
4631 2998
4632 2212
4633 2387
4634 2766
4635 3040
4636 2890
4637 2107
4638 2216
4639 2824
4640 3011
4641 2444
4642 2339
4643 2255
4644 3084
4645 2516
4646 2991
4647 3868
4648 2133
4649 2355
4650 3526
4651 2788
4652 2445
4653 2215
4654 2993
4655 2871
4656 3932
4657 2233
4658 3256
4659 3898
4660 2524
4661 3286
4662 2036
4663 3403
4664 3182
4665 2896
4666 3783
4667 3325
4668 3024
4669 2181
4670 2623
4671 2710
4672 2418
4673 2432
4674 2757
4675 2650
4676 3590
4677 2802
4678 3029
4679 2771
4680 2129
4681 2010
4682 3769
4683 3431
4684 3333
4685 2608
4686 3042
4687 2875
4688 2245
4689 3447
4690 2893
4691 3867
4692 3516
4693 2247
4694 3863
4695 3392
4696 3374
4697 2803
4698 3946
4699 2347
4700 2032
4701 3340
4702 2966
4703 3679
4704 2652
4705 3625
4706 2778
4707 3420
4708 3572
4709 3160
4710 3866
4711 2619
4712 2615
4713 3238
4714 3245
4715 2176
4716 3026
4717 2248
4718 3975
4719 3783
4720 3486
4721 2936
4722 2467
4723 3456
4724 3502
4725 2520
4726 3724
4727 2474
4728 2991
4729 2575
4730 2979
4731 3562
4732 3273
4733 2847
4734 3441
4735 2517
4736 3752
4737 2138
4738 3403
4739 3114
4740 3119
4741 3782
4742 2947
4743 2843
4744 2877
4745 2073
4746 3455
4747 3558
4748 3917
4749 3439
4750 3505
4751 3470
4752 2855
4753 3233
4754 2655
4755 2200
4756 3403
4757 3124
4758 2773
4759 3867
4760 3474
4761 3427
4762 2660
4763 3805
4764 3067
4765 3129
4766 3595
4767 2463
4768 3192
4769 2390
4770 3533
4771 3417
4772 2715
4773 3820
4774 2269
4775 2523
4776 3772
4777 3170
4778 2986
4779 3820
4780 3798
4781 3973
4782 3918
4783 2491
4784 3256
4785 3247
4786 2301
4787 3623
4788 2012
4789 2619
4790 2231
4791 2580
4792 3312
4793 3112
4794 2459
4795 2686
4796 3673
4797 2367
4798 2887
4799 3882
4800 3105
4801 3518
4802 3457
4803 2573
4804 3783
4805 3555
4806 2530
4807 2708
4808 2614
4809 3464
4810 3240
4811 2258
4812 3848
4813 2891
4814 3270
4815 2977
4816 3206
4817 3726
4818 3340
4819 3723
4820 3887
4821 3515
4822 3847
4823 2006
4824 3142
4825 2821
4826 2745
4827 3449
4828 3121
4829 3400
4830 3341
4831 3745
4832 3786
4833 3115
4834 2648
4835 2444
4836 2507
4837 2343
4838 3623
4839 2444
4840 2367
4841 2177
4842 2049
4843 3377
4844 2473
4845 3543
4846 3693
4847 2495
4848 3255
4849 2646
4850 3643
4851 2848
4852 3120
4853 2018
4854 3938
4855 2696
4856 2685
4857 2668
4858 2548
4859 3785
4860 2459
4861 3527
4862 3048
4863 2993
4864 2176
4865 3146
4866 2528
4867 3131
4868 2024
4869 2505
4870 2605
4871 3556
4872 3775
4873 2556
4874 3666
4875 3449
4876 3058
4877 3402
4878 3631
4879 2629
4880 3512
4881 3177
4882 2265
4883 2115
4884 2251
4885 3581
4886 3748
4887 3721
4888 3002
4889 2857
4890 3827
4891 3716
4892 3062
4893 3985
4894 2733
4895 2798
4896 3630
4897 3410
4898 2887
4899 3752
4900 2227
4901 3361
4902 3674
4903 3452
4904 3773
4905 2984
4906 3251
4907 3235
4908 3543
4909 3889
4910 2333
4911 2278
4912 2246
4913 2776
4914 2642
4915 2553
4916 3995
4917 2681
4918 3338
4919 3326
4920 3105
4921 2358
4922 2985
4923 2941
4924 3041
4925 2521
4926 3660
4927 3872
4928 3618
4929 2710
4930 3711
4931 2656
4932 2543
4933 2413
4934 3662
4935 2274
4936 2830
4937 2367
4938 2434
4939 2995
4940 3813
4941 2522
4942 2675
4943 2044
4944 3357
4945 2774
4946 3231
4947 3901
4948 3330
4949 2696
4950 3378
4951 3240
4952 2137
4953 2062
4954 3845
4955 2958
4956 3675
4957 3200
4958 3963
4959 2617
4960 3321
4961 2126
4962 3422
4963 3606
4964 3776
4965 3481
4966 3262
4967 3611
4968 3366
4969 3436
4970 2194
4971 2523
4972 3324
4973 2888
4974 2193
4975 3651
4976 2709
4977 2371
4978 3651
4979 3802
4980 3417
4981 2738
4982 2323
4983 2777
4984 3102
4985 2342
4986 3206
4987 3585
4988 3112
4989 2220
4990 3641
4991 2920
4992 3220
4993 2561
4994 3936
4995 2698
4996 2130
4997 3352
4998 2160
4999 2533
5000 3844
5001 3340
5002 3672
5003 3405
5004 3451
5005 3239
5006 3479
5007 2510
5008 3157
5009 3554
5010 2235
5011 2161
5012 3561
5013 3277
5014 2585
5015 3868
5016 2726
5017 2850
5018 3645
5019 3238
5020 2541
5021 2882
5022 3883
5023 3559
5024 3824
5025 3573
5026 3725
5027 2352
5028 3222
5029 3379
5030 3602
5031 3524
5032 2136
5033 2619
5034 3234
5035 2372
5036 2985
5037 2452
5038 3110
5039 3686
5040 3666
5041 2374
5042 3896
5043 2317
5044 3385
5045 3071
5046 3380
5047 2431
5048 3251
5049 3386
5050 3495
5051 2214
5052 3869
5053 2327
5054 3350
5055 2956
5056 3830
5057 3497
5058 2671
5059 3001
5060 2437
5061 3722
5062 3844
5063 3951
5064 2620
5065 3634
5066 3138
5067 2977
5068 2776
5069 3891
5070 2190
5071 3006
5072 2831
5073 3362
5074 2088
5075 3525
5076 2836
5077 2771
5078 2144
5079 3368
5080 3109
5081 2147
5082 2782
5083 3359
5084 3658
5085 3545
5086 3881
5087 2714
5088 2726
5089 2672
5090 2326
5091 3436
5092 2612
5093 2650
5094 2393
5095 3170
5096 2981
5097 3793
5098 3427
5099 3860
5100 3132
5101 2217
5102 2608
5103 3736
5104 2176
5105 2859
5106 2630
5107 2219
5108 2323
5109 2242
5110 2920
5111 2353
5112 3471
5113 3023
5114 3343
5115 2090
5116 3356
5117 2797
5118 2003
5119 2817
5120 2990
5121 2590
5122 2894
5123 2871
5124 3416
5125 3944
5126 2005
5127 3181
5128 2843
5129 3461
5130 2308
5131 2668
5132 3905
5133 2819
5134 3985
5135 3313
5136 3196
5137 3492
5138 3379
5139 3948
5140 2365
5141 3863
5142 2380
5143 3577
5144 2169
5145 3055
5146 3852
5147 2047
5148 3635
5149 3669
5150 2290
5151 2158
5152 2643
5153 2432
5154 3697
5155 2450
5156 3658
5157 3950
5158 2167
5159 2191
5160 3007
5161 2123
5162 2477
5163 3800
5164 3902
5165 3981
5166 2603
5167 2959
5168 2809
5169 2916
5170 2482
5171 3404
5172 2476
5173 2141
5174 2230
5175 2109
5176 2036
5177 3853
5178 2476
5179 2916
5180 2789
5181 3940
5182 2860
5183 3741
5184 3364
5185 3984
5186 2439
5187 3124
5188 2607
5189 3366
5190 3942
5191 2666
5192 3826
5193 3760
5194 3724
5195 3029
5196 2221
5197 2688
5198 2001
5199 2014
5200 3961
5201 2461
5202 3274
5203 3693
5204 2952
5205 3367
5206 3535
5207 3301
5208 2114
5209 3865
5210 2848
5211 2992
5212 2259
5213 3465
5214 2920
5215 3272
5216 3785
5217 3868
5218 2138
5219 3802
5220 3921
5221 2368
5222 3132
5223 2257
5224 3071
5225 3967
5226 3913
5227 2374
5228 2639
5229 2623
5230 2020
5231 3884
5232 2541
5233 3271
5234 2511
5235 2017
5236 3053
5237 2136
5238 3338
5239 3525
5240 2592
5241 2201
5242 2172
5243 3586
5244 3483
5245 2600
5246 3816
5247 2072
5248 2412
5249 3826
5250 2283
5251 3426
5252 2276
5253 3674
5254 3258
5255 2221
5256 2753
5257 3688
5258 3340
5259 3950
5260 3379
5261 2685
5262 2532
5263 2007
5264 2239
5265 2996
5266 3297
5267 2860
5268 2295
5269 3117
5270 3488
5271 3188
5272 3466
5273 3002
5274 3257
5275 3204
5276 3751
5277 3675
5278 2230
5279 2333
5280 3852
5281 2751
5282 3430
5283 2591
5284 2478
5285 2002
5286 3969
5287 3242
5288 2800
5289 2117
5290 3972
5291 2914
5292 2390
5293 2016
5294 3985
5295 3355
5296 3163
5297 3126
5298 2144
5299 3448
5300 2893
5301 3445
5302 2478
5303 3571
5304 3082
5305 2012
5306 2899
5307 3375
5308 2975
5309 2767
5310 2311
5311 3528
5312 2554
5313 2324
5314 3815
5315 3511
5316 2135
5317 2431
5318 2897
5319 3484
5320 2160
5321 3481
5322 3829
5323 3025
5324 2371
5325 3696
5326 3948
5327 2217
5328 2931
5329 3518
5330 2779
5331 2414
5332 3838
5333 3151
5334 2435
5335 2775
5336 3326
5337 2234
5338 2538
5339 2960
5340 3284
5341 2282
5342 3298
5343 2152
5344 3571
5345 3279
5346 2847
5347 3402
5348 2218
5349 3195
5350 2321
5351 2563
5352 2734
5353 2405
5354 3305
5355 2261
5356 2996
5357 3956
5358 2480
5359 3202
5360 2863
5361 2272
5362 2029
5363 2534
5364 2115
5365 3910
5366 2655
5367 2967
5368 2868
5369 3355
5370 2704
5371 2109
5372 3555
5373 2397
5374 3236
5375 3176
5376 2061
5377 2269
5378 2649
5379 3507
5380 2531
5381 2660
5382 3076
5383 3810
5384 3373
5385 2099
5386 2387
5387 2034
5388 3987
5389 2664
5390 2879
5391 2193
5392 3240
5393 3732
5394 2702
5395 3634
5396 3854
5397 2848
5398 2035
5399 2312
5400 2530
5401 2173
5402 2418
5403 3986
5404 2463
5405 3707
5406 2131
5407 2034
5408 3421
5409 2809
5410 2264
5411 2843
5412 2545
5413 2354
5414 2200
5415 2523
5416 3278
5417 3998
5418 3516
5419 3512
5420 2207
5421 3129
5422 2614
5423 2775
5424 2874
5425 3133
5426 2067
5427 3224
5428 3610
5429 3865
5430 2031
5431 3360
5432 3598
5433 2250
5434 2978
5435 2145
5436 2740
5437 3198
5438 2823
5439 2631
5440 2323
5441 3072
5442 2400
5443 2628
5444 3031
5445 3104
5446 2599
5447 2312
5448 3039
5449 2352
5450 2977
5451 2965
5452 2669
5453 3683
5454 2984
5455 2883
5456 2218
5457 3416
5458 2339
5459 2637
5460 2064
5461 2335
5462 2360
5463 3217
5464 3339
5465 2715
5466 3642
5467 3837
5468 2607
5469 3589
5470 3500
5471 2949
5472 2933
5473 2921
5474 3522
5475 3247
5476 2545
5477 2070
5478 3874
5479 2408
5480 2235
5481 2544
5482 2519
5483 2294
5484 2025
5485 3295
5486 2836
5487 2116
5488 2748
5489 3905
5490 3716
5491 3234
5492 3848
5493 2902
5494 2905
5495 2209
5496 2277
5497 2551
5498 2164
5499 3149
5500 2764
5501 3816
5502 2953
5503 2855
5504 2412
5505 3488
5506 2722
5507 3271
5508 3028
5509 2782
5510 3811
5511 2594
5512 2564
5513 3462
5514 3359
5515 2491
5516 3744
5517 3231
5518 3585
5519 2801
5520 2283
5521 3957
5522 2928
5523 3765
5524 2339
5525 3364
5526 3581
5527 2535
5528 2138
5529 2213
5530 3496
5531 3837
5532 3651
5533 2369
5534 2662
5535 2482
5536 2056
5537 3887
5538 2869
5539 2373
5540 3916
5541 2249
5542 3911
5543 3768
5544 3249
5545 2836
5546 3965
5547 3333
5548 2414
5549 3599
5550 2086
5551 2593
5552 2030
5553 3912
5554 2675
5555 2907
5556 2552
5557 2399
5558 3005
5559 2776
5560 2318
5561 3247
5562 2158
5563 2190
5564 2297
5565 3905
5566 3879
5567 3370
5568 2407
5569 2804
5570 2301
5571 3091
5572 2357
5573 2018
5574 2283
5575 2099
5576 3498
5577 3981
5578 2656
5579 3034
5580 3583
5581 2077
5582 3008
5583 3188
5584 2698
5585 3995
5586 3165
5587 3385
5588 3834
5589 2976
5590 3002
5591 2657
5592 3416
5593 3301
5594 3033
5595 2575
5596 3345
5597 3084
5598 3041
5599 3754
5600 2306
5601 3529
5602 2408
5603 3277
5604 3567
5605 3900
5606 2290
5607 3796
5608 3382
5609 3493
5610 2043
5611 3504
5612 3313
5613 3234
5614 3691
5615 3256
5616 2310
5617 3489
5618 3873
5619 2198
5620 2318
5621 2184
5622 3015
5623 3982
5624 3263
5625 3883
5626 2844
5627 3614
5628 3480
5629 2694
5630 2068
5631 3546
5632 3660
5633 3369
5634 2774
5635 3865
5636 3310
5637 2020
5638 3347
5639 2330
5640 3978
5641 2429
5642 2869
5643 2732
5644 3906
5645 2509
5646 3841
5647 3323
5648 3116
5649 2801
5650 3883
5651 2475
5652 2665
5653 2420
5654 2955
5655 3114
5656 3425
5657 2226
5658 2628
5659 3065
5660 3118
5661 3295
5662 3993
5663 3696
5664 3207
5665 2103
5666 3924
5667 2444
5668 3999
5669 2861
5670 2489
5671 3814
5672 2193
5673 3678
5674 3074
5675 3586
5676 2125
5677 2345
5678 3387
5679 2143
5680 3590
5681 3197
5682 3025
5683 3267
5684 2588
5685 2911
5686 2984
5687 2186
5688 3852
5689 3000
5690 3215
5691 2714
5692 3213
5693 3637
5694 2923
5695 3938
5696 2646
5697 3313
5698 2479
5699 3791
5700 2112
5701 2677
5702 3167
5703 3850
5704 2953
5705 3169
5706 3241
5707 3700
5708 2638
5709 2987
5710 2778
5711 2199
5712 3806
5713 3317
5714 3211
5715 2485
5716 2499
5717 3699
5718 3114
5719 2349
5720 3363
5721 2226
5722 2850
5723 3240
5724 2185
5725 2311
5726 2494
5727 2452
5728 3547
5729 2795
5730 3308
5731 2899
5732 3791
5733 2616
5734 2332
5735 2677
5736 2292
5737 2868
5738 2193
5739 2703
5740 2779
5741 2882
5742 2705
5743 2917
5744 3732
5745 3583
5746 3435
5747 2283
5748 3964
5749 3264
5750 3249
5751 3757
5752 2705
5753 2825
5754 3811
5755 3260
5756 2345
5757 2010
5758 2279
5759 2691
5760 2145
5761 3692
5762 3028
5763 2953
5764 3233
5765 2049
5766 3926
5767 3753
5768 2041
5769 2292
5770 3323
5771 2774
5772 2483
5773 3742
5774 2568
5775 3377
5776 3508
5777 2517
5778 2864
5779 3602
5780 3067
5781 2922
5782 2878
5783 2106
5784 3695
5785 3112
5786 3375
5787 2142
5788 2461
5789 2343
5790 2367
5791 3866
5792 3061
5793 2145
5794 2984
5795 3720
5796 2747
5797 2341
5798 2822
5799 2650
5800 2502
5801 3850
5802 2350
5803 2416
5804 3196
5805 2388
5806 2835
5807 2597
5808 2431
5809 2445
5810 2322
5811 3827
5812 3121
5813 2975
5814 2450
5815 2334
5816 3987
5817 3252
5818 2473
5819 2946
5820 3857
5821 2639
5822 2681
5823 2601
5824 2913
5825 3945
5826 3033
5827 2535
5828 2415
5829 2777
5830 2539
5831 2895
5832 2102
5833 3330
5834 2846
5835 3623
5836 2264
5837 3560
5838 2009
5839 3145
5840 3963
5841 3218
5842 2113
5843 2900
5844 2202
5845 3560
5846 2365
5847 2211
5848 3020
5849 3019
5850 3554
5851 3389
5852 3222
5853 2213
5854 2863
5855 3544
5856 2746
5857 3427
5858 2429
5859 2772
5860 2790
5861 3635
5862 3321
5863 2916
5864 3259
5865 3422
5866 3340
5867 2737
5868 2145
5869 2577
5870 2256
5871 2076
5872 2723
5873 2268
5874 3647
5875 2047
5876 3841
5877 3364
5878 2506
5879 3091
5880 3466
5881 2169
5882 2226
5883 2645
5884 3442
5885 3057
5886 2401
5887 3652
5888 2017
5889 2366
5890 2912
5891 3132
5892 3431
5893 3001
5894 2552
5895 3461
5896 2221
5897 2916
5898 2106
5899 3303
5900 3859
5901 2113
5902 3410
5903 3147
5904 2904
5905 3588
5906 2944
5907 2068
5908 2266
5909 2219
5910 3066
5911 3688
5912 3964
5913 3516
5914 2104
5915 3858
5916 3050
5917 3921
5918 2040
5919 3038
5920 2123
5921 2094
5922 3626
5923 2544
5924 3339
5925 3761
5926 3220
5927 2205
5928 2069
5929 3773
5930 3705
5931 3864
5932 3524
5933 3080
5934 3884
5935 2914
5936 3817
5937 2751
5938 3136
5939 2140
5940 2726
5941 2566
5942 2836
5943 3888
5944 3698
5945 2208
5946 2649
5947 2085
5948 2464
5949 3384
5950 2276
5951 2366
5952 2591
5953 3481
5954 3473
5955 3622
5956 2583
5957 3521
5958 3135
5959 2109
5960 2168
5961 2429
5962 2613
5963 2815
5964 3419
5965 3992
5966 2427
5967 3510
5968 3067
5969 3420
5970 3615
5971 2548
5972 2419
5973 3612
5974 3753
5975 3321
5976 2357
5977 3011
5978 2874
5979 2437
5980 3914
5981 3759
5982 3936
5983 2059
5984 3886
5985 3014
5986 2184
5987 2179
5988 3342
5989 2471
5990 2426
5991 3204
5992 3879
5993 2067
5994 3725
5995 3586
5996 2549
5997 3125
5998 3581
5999 3242
2001 1447
2002 588
2003 107
2005 744
2006 1329
2007 1310
2009 559
2010 466
2011 309
2012 60
2014 316
2015 1496
2016 1784
2017 1588
2018 749
2019 884
2020 240
2021 1760
2024 673
2025 1939
2029 862
2030 1125
2031 1504
2032 1527
2034 586
2035 1605
2036 1868
2037 1013
2040 279
2041 1280
2043 1687
2044 673
2047 551
2049 1923
2050 919
2051 743
2056 911
2059 1238
2060 1885
2061 1848
2062 163
2064 1562
2066 1216
2067 1817
2068 395
2069 1251
2070 1982
2072 1343
2073 1522
2076 91
2077 1057
2080 880
2082 1677
2084 173
2085 1881
2086 1972
2088 607
2089 1379
2090 36
2093 964
2094 1611
2097 270
2099 1414
2102 1118
2103 489
2104 748
2106 1822
2107 1092
2109 568
2112 207
2113 690
2114 622
2115 470
2116 668
2117 1327
2123 1234
2125 1266
2126 709
2129 834
2130 1764
2131 755
2133 1578
2134 1934
2135 393
2136 239
2137 1999
2138 930
2140 872
2141 896
2142 938
2143 744
2144 1746
2145 1252
2147 3
2149 1543
2150 1597
2152 1426
2153 1754
2158 1782
2160 1664
2161 300
2164 273
2166 1506
2167 1840
2168 1981
2169 1491
2171 1681
2172 1796
2173 801
2175 261
2176 1509
2177 1183
2179 93
2181 1650
2182 878
2184 1200
2185 1346
2186 754
2188 1028
2189 943
2190 730
2191 425
2192 582
2193 1572
2194 664
2198 416
2199 1041
2200 987
2201 150
2202 30
2205 897
2206 1147
2207 1762
2208 1728
2209 1276
2210 422
2211 626
2212 1123
2213 636
2214 1906
2215 423
2216 1334
2217 687
2218 466
2219 1862
2220 328
2221 1193
2222 635
2226 1404
2227 1018
2230 1613
2231 197
2232 1842
2233 1137
2234 975
2235 817
2239 1041
2241 1711
2242 1586
2245 300
2246 858
2247 1062
2248 83
2249 862
2250 1865
2251 1999
2253 1826
2255 1911
2256 420
2257 759
2258 331
2259 196
2261 1101
2264 1314
2265 1106
2266 607
2268 1878
2269 1881
2272 809
2274 690
2275 214
2276 1839
2277 1285
2278 1489
2279 1154
2282 1948
2283 1160
2286 1748
2287 519
2290 1914
2292 64
2294 1819
2295 624
2297 1235
2299 701
2301 1906
2303 1191
2306 1514
2308 1145
2310 1639
2311 867
2312 213
2315 520
2317 254
2318 1200
2321 1018
2322 862
2323 1151
2324 168
2326 1446
2327 761
2328 1169
2330 895
2331 1392
2332 1052
2333 675
2334 1478
2335 632
2339 1347
2341 1457
2342 1150
2343 1755
2345 1570
2347 3
2348 261
2349 1383
2350 667
2352 229
2353 1723
2354 1309
2355 475
2356 1886
2357 407
2358 386
2360 1043
2362 673
2365 63
2366 1017
2367 1726
2368 763
2369 1941
2371 1814
2372 837
2373 1130
2374 1715
2379 879
2380 1131
2385 1568
2387 1548
2388 930
2390 1906
2393 918
2396 805
2397 1888
2399 289
2400 1989
2401 1168
2405 487
2406 1883
2407 1541
2408 1401
2411 942
2412 917
2413 1014
2414 1688
2415 1652
2416 768
2418 1827
2419 354
2420 32
2422 160
2424 921
2425 1727
2426 383
2427 1123
2429 1331
2431 1746
2432 819
2434 613
2435 221
2437 1704
2439 92
2442 1792
2444 1355
2445 164
2447 1333
2450 1927
2451 871
2452 1866
2458 1185
2459 1034
2460 1645
2461 1519
2463 382
2464 422
2467 1090
2471 1235
2473 1629
2474 1391
2475 205
2476 1223
2477 1574
2478 1887
2479 728
2480 504
2482 609
2483 1526
2485 181
2488 71
2489 92
2490 323
2491 1016
2492 77
2494 1415
2495 860
2497 1866
2498 909
2499 324
2500 748
2502 1619
2504 20
2505 1711
2506 560
2507 915
2509 1400
2510 515
2511 1723
2512 358
2513 1517
2516 1892
2517 859
2519 1269
2520 1715
2521 1255
2522 1629
2523 86
2524 1947
2526 110
2528 1084
2530 194
2531 1397
2532 763
2533 582
2534 931
2535 1127
2538 956
2539 1797
2541 1151
2542 0
2543 447
2544 39
2545 1035
2548 798
2549 269
2551 1271
2552 717
2553 204
2554 937
2556 1696
2559 1620
2560 52
2561 1462
2563 1776
2564 1212
2566 476
2568 345
2573 612
2574 1724
2575 601
2576 177
2577 148
2578 664
2580 211
2581 277
2582 1198
2583 1786
2585 1657
2586 422
2588 1852
2590 1099
2591 1132
2592 1430
2593 158
2594 1136
2597 915
2598 1730
2599 1490
2600 869
2601 148
2602 1411
2603 605
2604 642
2605 523
2607 261
2608 1670
2612 258
2613 506
2614 903
2615 462
2616 7
2617 1242
2618 458
2619 1021
2620 1922
2623 1240
2624 1068
2625 1715
2628 1130
2629 607
2630 1920
2631 537
2634 106
2635 1723
2637 83
2638 435
2639 431
2642 499
2643 1053
2644 1512
2645 520
2646 1977
2648 106
2649 1308
2650 950
2652 1593
2655 1428
2656 1712
2657 1495
2659 466
2660 1118
2662 767
2664 547
2665 1402
2666 783
2668 896
2669 1502
2670 1769
2671 63
2672 1772
2673 1397
2675 502
2676 1491
2677 952
2678 1078
2681 87
2685 1584
2686 1474
2687 31
2688 7
2691 676
2692 1744
2694 1787
2695 1694
2696 902
2698 472
2699 740
2702 354
2703 1997
2704 1882
2705 87
2706 1414
2707 1783
2708 1247
2709 1236
2710 1546
2714 664
2715 1641
2718 1895
2721 1650
2722 1967
2723 549
2724 1547
2726 1562
2728 1949
2732 593
2733 1994
2734 1056
2737 499
2738 1671
2740 447
2743 1209
2745 1005
2746 667
2747 905
2748 422
2750 1270
2751 1503
2753 1495
2757 337
2760 158
2761 1259
2764 1754
2766 1139
2767 27
2769 1183
2770 1497
2771 1259
2772 781
2773 758
2774 298
2775 1251
2776 1933
2777 832
2778 499
2779 485
2782 1625
2783 1250
2787 1523
2788 365
2789 1581
2790 196
2795 472
2797 1546
2798 1681
2799 1661
2800 1389
2801 1326
2802 1444
2803 1533
2804 1404
2807 1916
2808 1518
2809 100
2815 1302
2816 1943
2817 1139
2819 1090
2821 1978
2822 698
2823 159
2824 1488
2825 1206
2827 1553
2828 1199
2830 1425
2831 1982
2835 1121
2836 155
2840 1142
2842 104
2843 1051
2844 1035
2846 922
2847 1309
2848 1895
2850 662
2854 418
2855 1467
2856 1052
2857 1496
2858 306
2859 484
2860 1215
2861 1192
2863 1767
2864 146
2866 840
2868 1239
2869 56
2871 1764
2874 1279
2875 1824
2876 1386
2877 151
2878 41
2879 45
2880 1228
2882 390
2883 1936
2884 372
2885 119
2886 1136
2887 504
2888 1424
2889 539
2890 74
2891 783
2892 787
2893 1426
2894 129
2895 462
2896 785
2897 73
2898 29
2899 952
2900 650
2902 618
2904 1445
2905 636
2907 140
2911 291
2912 684
2913 53
2914 317
2916 807
2917 1806
2920 407
2921 341
2922 426
2923 1461
2928 728
2931 1482
2933 1398
2936 1890
2938 949
2941 1112
2943 1367
2944 1773
2946 388
2947 556
2948 38
2949 276
2952 1638
2953 279
2955 1060
2956 401
2958 388
2959 552
2960 21
2965 1669
2966 1318
2967 95
2972 440
2974 1029
2975 1705
2976 1204
2977 1882
2978 314
2979 911
2981 1786
2984 202
2985 374
2986 277
2987 816
2988 1224
2989 615
2990 1162
2991 304
2992 992
2993 1290
2995 842
2996 1627
2998 1803
3000 195
3001 1474
3002 629
3004 839
3005 1332
3006 930
3007 1454
3008 540
3011 479
3014 1615
3015 353
3017 1950
3019 1585
3020 1162
3021 276
3023 327
3024 560
3025 1956
3026 1367
3028 667
3029 851
3030 1025
3031 1992
3033 744
3034 1323
3036 964
3038 334
3039 1669
3040 1917
3041 1809
3042 106
3044 907
3048 1271
3049 875
3050 1658
3051 1139
3053 1815
3054 505
3055 1660
3057 1551
3058 1142
3061 492
3062 1140
3063 1109
3064 901
3065 1220
3066 993
3067 130
3070 1255
3071 1878
3072 218
3073 49
3074 678
3076 997
3077 714
3079 1163
3080 1225
3082 1116
3084 534
3086 595
3091 25
3098 765
3102 318
3103 1182
3104 263
3105 1019
3108 1918
3109 370
3110 821
3111 859
3112 1170
3114 721
3115 96
3116 112
3117 1624
3118 159
3119 1196
3120 685
3121 1794
3124 1035
3125 1464
3126 683
3128 1018
3129 1298
3131 439
3132 1813
3133 134
3135 17
3136 1787
3138 230
3139 1632
3142 1777
3145 1887
3146 1254
3147 1733
3148 429
3149 900
3150 1143
3151 150
3156 855
3157 480
3160 19
3163 1691
3165 1333
3167 398
3169 1213
3170 1476
3172 1435
3175 357
3176 1111
3177 1218
3178 1930
3180 1723
3181 1307
3182 1650
3185 90
3186 902
3188 15
3190 353
3192 1667
3193 579
3195 316
3196 1319
3197 1066
3198 328
3200 105
3202 1113
3203 517
3204 680
3206 1834
3207 1740
3208 1224
3209 1765
3211 3
3213 300
3215 1157
3217 567
3218 1330
3220 1507
3222 546
3224 833
3225 1902
3228 1512
3231 1848
3233 1425
3234 645
3235 1124
3236 189
3238 1385
3239 1588
3240 1298
3241 1853
3242 1944
3243 1290
3245 1638
3247 584
3249 1968
3251 1341
3252 1957
3254 1112
3255 609
3256 1076
3257 1037
3258 1925
3259 343
3260 945
3262 1811
3263 1253
3264 1865
3265 934
3267 489
3270 326
3271 1736
3272 1687
3273 164
3274 786
3275 1690
3276 1957
3277 820
3278 310
3279 535
3282 273
3284 961
3285 1024
3286 693
3287 621
3288 447
3295 423
3296 850
3297 878
3298 987
3301 1221
3302 786
3303 1410
3305 472
3306 1185
3308 422
3310 1559
3312 371
3313 1811
3315 958
3317 541
3318 1939
3319 1092
3321 1460
3323 1306
3324 1164
3325 1685
3326 328
3329 1659
3330 176
3333 1770
3336 1618
3337 1730
3338 479
3339 1566
3340 853
3341 449
3342 760
3343 1933
3345 1862
3346 1461
3347 969
3348 866
3350 1659
3351 1946
3352 1988
3355 1759
3356 30
3357 1952
3358 999
3359 755
3360 801
3361 1484
3362 1023
3363 77
3364 1551
3366 686
3367 1651
3368 1893
3369 228
3370 803
3373 310
3374 18
3375 59
3377 1018
3378 1687
3379 565
3380 413
3382 1234
3384 943
3385 1450
3386 1607
3387 918
3389 1150
3392 890
3394 727
3396 1962
3398 77
3400 1210
3402 1010
3403 1068
3404 134
3405 1935
3408 275
3409 937
3410 904
3414 1472
3416 1166
3417 992
3419 523
3420 1607
3421 497
3422 1267
3425 289
3426 1196
3427 1567
3428 1648
3429 382
3430 1528
3431 660
3435 1294
3436 1973
3439 1696
3441 1983
3442 451
3445 559
3447 1044
3448 5
3449 463
3451 1005
3452 1565
3455 413
3456 804
3457 1955
3459 1507
3461 1296
3462 722
3463 1496
3464 160
3465 399
3466 378
3470 1812
3471 186
3473 1335
3474 1540
3479 1153
3480 1698
3481 200
3482 1309
3483 1640
3484 1139
3485 1978
3486 409
3487 1761
3488 1565
3489 803
3490 1108
3491 1906
3492 850
3493 1510
3495 634
3496 675
3497 375
3498 1657
3499 847
3500 1028
3502 529
3503 232
3504 535
3505 1908
3507 520
3508 1702
3510 989
3511 734
3512 388
3515 104
3516 847
3518 666
3519 1408
3521 1077
3522 1507
3524 1037
3525 1834
3526 1436
3527 587
3528 923
3529 1435
3532 225
3533 1226
3535 1473
3543 1850
3544 892
3545 1191
3546 298
3547 879
3552 943
3553 1837
3554 415
3555 78
3556 27
3558 1733
3559 878
3560 1388
3561 788
3562 1409
3565 1752
3567 1035
3571 257
3572 1348
3573 775
3577 892
3581 1809
3583 259
3584 1878
3585 411
3586 443
3587 1519
3588 1464
3589 1860
3590 944
3592 938
3593 1554
3594 7
3595 288
3596 1985
3598 1588
3599 1350
3600 1058
3602 1142
3605 1327
3606 1280
3610 911
3611 93
3612 501
3614 536
3615 1240
3617 809
3618 209
3621 1842
3622 609
3623 1252
3624 1773
3625 1604
3626 427
3629 554
3630 148
3631 1345
3634 193
3635 580
3637 1826
3638 1218
3639 1430
3641 1393
3642 581
3643 900
3645 1577
3647 1849
3651 1858
3652 1414
3653 661
3657 1897
3658 736
3660 1051
3662 1579
3663 1879
3666 1629
3667 1266
3669 74
3672 301
3673 916
3674 430
3675 707
3677 856
3678 854
3679 547
3681 1407
3683 10
3686 1270
3688 1702
3690 1483
3691 885
3692 1536
3693 858
3694 1126
3695 1085
3696 292
3697 1280
3698 250
3699 1630
3700 1259
3702 336
3705 575
3707 1533
3708 860
3709 1902
3711 1748
3712 760
3714 588
3716 1429
3718 201
3719 1784
3720 199
3721 1431
3722 956
3723 1372
3724 143
3725 1760
3726 595
3732 236
3733 244
3735 1544
3736 585
3741 423
3742 1221
3744 1920
3745 1824
3748 1925
3751 999
3752 207
3753 402
3754 333
3756 1019
3757 1566
3758 1571
3759 1946
3760 935
3761 1492
3762 1177
3763 54
3765 1881
3768 292
3769 1955
3770 1676
3772 257
3773 572
3775 824
3776 1894
3782 342
3783 1328
3785 691
3786 86
3791 140
3792 1503
3793 1738
3794 144
3795 196
3796 1804
3798 1342
3800 914
3802 266
3805 1569
3806 322
3810 1776
3811 1868
3812 1022
3813 408
3814 19
3815 1588
3816 1771
3817 1259
3820 1424
3821 1374
3822 587
3823 1682
3824 1704
3826 81
3827 905
3829 1055
3830 392
3833 1941
3834 66
3837 1219
3838 604
3840 696
3841 753
3844 1699
3845 120
3847 780
3848 1606
3850 1088
3851 455
3852 1886
3853 458
3854 1698
3855 295
3857 1857
3858 1487
3859 1223
3860 839
3863 1399
3864 1310
3865 776
3866 1489
3867 1008
3868 1793
3869 1711
3872 1761
3873 1265
3874 12
3876 1557
3879 38
3881 502
3882 545
3883 1638
3884 610
3886 1978
3887 1484
3888 398
3889 1073
3891 1203
3894 855
3896 457
3897 1121
3898 1523
3900 222
3901 1591
3902 1267
3905 718
3906 131
3910 15
3911 1967
3912 1066
3913 343
3914 1326
3915 401
3916 1891
3917 1817
3918 1123
3919 1434
3921 1466
3924 1363
3926 62
3927 166
3929 1656
3932 1406
3934 1542
3935 988
3936 692
3937 1426
3938 801
3940 146
3941 687
3942 151
3944 1570
3945 916
3946 519
3948 576
3950 26
3951 1162
3953 1154
3954 1385
3956 343
3957 1024
3960 1435
3961 989
3963 1486
3964 242
3965 1391
3967 1031
3969 515
3972 610
3973 619
3974 652
3975 785
3978 661
3981 396
3982 699
3984 1656
3985 866
3986 1079
3987 14
3989 1365
3992 1813
3993 1185
3995 827
3997 1642
3998 1915
3999 1527
