1200 1165
1201 1088
1202 1097
1203 1053
1204 1012
1205 1132
1206 1086
1207 1176
1208 1061
1209 1018
1210 1072
1211 1166
1212 1009
1213 1032
1214 1112
1215 1071
1216 1151
1217 1165
1218 1019
1219 1155
1220 1164
1221 1052
1222 1055
1223 1023
1224 1187
1225 1017
1226 1072
1227 1193
1228 1000
1229 1181
1230 1108
1231 1190
1232 1140
1233 1172
1234 1079
1235 1119
1236 1166
1237 1082
1238 1111
1239 1088
1240 1196
1241 1018
1242 1130
1243 1161
1244 1167
1245 1022
1246 1105
1247 1114
1248 1019
1249 1191
1250 1079
1251 1028
1252 1147
1253 1068
1254 1181
1255 1039
1256 1026
1257 1141
1258 1148
1259 1073
1260 1117
1261 1010
1262 1123
1263 1177
1264 1058
1265 1123
1266 1179
1267 1093
1268 1082
1269 1194
1270 1031
1271 1084
1272 1193
1273 1141
1274 1070
1275 1181
1276 1099
1277 1123
1278 1155
1279 1197
1280 1112
1281 1030
1282 1160
1283 1032
1284 1077
1285 1014
1286 1127
1287 1175
1288 1115
1289 1101
1290 1034
1291 1023
1292 1128
1293 1055
1294 1018
1295 1058
1296 1171
1297 1150
1298 1052
1299 1156
1300 1033
1301 1123
1302 1175
1303 1170
1304 1071
1305 1150
1306 1127
1307 1177
1308 1036
1309 1123
1310 1077
1311 1105
1312 1171
1313 1182
1314 1076
1315 1186
1316 1130
1317 1044
1318 1134
1319 1143
1320 1001
1321 1041
1322 1018
1323 1168
1324 1136
1325 1157
1326 1075
1327 1163
1328 1192
1329 1143
1330 1127
1331 1010
1332 1070
1333 1131
1334 1110
1335 1033
1336 1173
1337 1031
1338 1113
1339 1126
1340 1149
1341 1197
1342 1163
1343 1015
1344 1180
1345 1074
1346 1105
1347 1160
1348 1021
1349 1191
1350 1194
1351 1156
1352 1131
1353 1046
1354 1081
1355 1021
1356 1004
1357 1090
1358 1029
1359 1147
1360 1082
1361 1156
1362 1036
1363 1162
1364 1031
1365 1017
1366 1160
1367 1143
1368 1123
1369 1101
1370 1054
1371 1022
1372 1020
1373 1187
1374 1169
1375 1054
1376 1004
1377 1155
1378 1129
1379 1163
1380 1029
1381 1105
1382 1115
1383 1187
1384 1153
1385 1028
1386 1035
1387 1084
1388 1115
1389 1082
1390 1052
1391 1123
1392 1163
1393 1118
1394 1121
1395 1079
1396 1005
1397 1117
1398 1016
1399 1022
1026 890
1028 933
1029 925
1030 816
1031 906
1032 939
1033 895
1034 897
1035 906
1036 922
1039 822
1041 845
1044 812
1046 885
1052 886
1053 849
1054 966
1055 806
1058 893
1061 970
1068 847
1070 986
1071 832
1072 858
1073 837
1074 831
1075 862
1076 959
1077 807
1079 803
1081 914
1082 852
1084 947
1086 896
1088 889
1090 973
1093 903
1097 840
1099 988
1101 820
1105 997
1108 901
1110 903
1111 895
1112 997
1113 972
1114 932
1115 918
1117 832
1118 886
1119 902
1121 818
1123 841
1126 853
1127 942
1128 899
1129 989
1130 997
1131 985
1132 955
1134 964
1136 887
1140 987
1141 827
1143 958
1147 814
1148 835
1149 897
1150 954
1151 930
1153 848
1155 839
1156 842
1157 873
1160 862
1161 889
1162 804
1163 968
1164 884
1165 842
1166 845
1167 803
1168 815
1169 845
1170 916
1171 932
1172 806
1173 854
1175 835
1176 865
1177 910
1179 971
1180 857
1181 833
1182 944
1186 874
1187 904
1190 860
1191 953
1192 811
1193 902
1194 902
1196 872
1197 813
1000 828
1001 902
1004 959
1005 878
1009 988
1010 848
1012 821
1014 870
1015 849
1016 965
1017 886
1018 807
1019 955
1020 883
1021 800
1022 806
1023 842
800 640
803 709
804 680
806 634
807 759
811 714
812 626
813 602
814 758
815 613
816 643
818 664
820 797
821 688
822 672
827 796
828 698
831 611
832 744
833 724
835 646
837 724
839 746
840 725
841 700
842 762
845 772
847 751
848 715
849 732
852 786
853 759
854 782
857 767
858 744
860 707
862 755
865 718
870 754
872 703
873 712
874 750
878 762
883 769
884 735
885 746
886 756
887 673
889 750
890 727
893 750
895 644
896 709
897 734
899 716
901 713
902 745
903 627
904 674
906 619
910 673
914 707
916 724
918 741
922 634
925 660
930 750
932 771
933 781
939 782
942 698
944 689
947 732
953 622
954 637
955 744
958 640
959 620
964 638
965 695
966 626
968 733
970 784
971 763
972 604
973 768
985 648
986 611
987 670
988 674
989 691
997 653
640 413
769 553
768 469
643 435
772 530
644 560
646 569
771 564
648 453
781 427
782 519
653 451
784 452
786 443
660 589
664 553
796 492
797 554
670 566
672 460
673 541
674 474
680 506
688 411
689 561
691 534
695 402
698 530
700 445
703 506
707 562
709 507
712 578
713 574
714 512
715 416
716 429
718 584
724 457
725 537
727 548
602 449
732 457
733 435
734 523
735 415
604 424
611 500
762 498
613 472
741 585
744 460
745 487
746 530
619 443
620 461
750 595
751 430
622 594
626 502
755 565
754 542
756 494
758 534
759 501
627 497
634 591
763 490
637 468
638 453
767 582
512 279
519 291
523 375
530 298
402 295
534 362
537 327
411 247
413 331
541 369
415 254
416 357
542 251
548 292
424 326
553 365
554 261
427 312
429 316
430 389
560 275
561 208
562 275
435 218
564 360
565 211
566 308
569 367
443 207
445 293
574 208
449 369
578 398
451 367
452 344
453 345
582 297
584 297
457 362
585 204
460 217
589 277
461 282
591 335
594 274
595 340
468 202
469 205
472 304
474 228
487 222
490 379
492 248
494 390
497 247
498 317
500 233
501 212
502 363
506 292
507 350
261 180
389 78
390 35
398 17
274 94
275 95
277 68
279 57
282 178
291 197
292 181
293 67
295 143
297 162
298 105
304 7
308 39
312 128
316 16
317 88
326 134
327 92
202 77
331 72
204 153
205 48
207 98
208 46
335 4
211 87
340 152
212 61
344 17
345 150
218 147
247 139
217 160
222 75
350 123
228 151
357 167
360 70
233 24
362 168
363 122
365 3
367 124
369 60
379 95
375 25
248 191
251 169
254 82
