1200 1164
1201 1089
1202 1097
1203 1053
1204 1012
1205 1133
1206 1086
1207 1177
1208 1061
1209 1018
1210 1072
1211 1167
1212 1009
1213 1032
1214 1113
1215 1070
1216 1150
1217 1164
1218 1018
1219 1154
1220 1164
1221 1053
1222 1054
1223 1022
1224 1187
1225 1017
1226 1073
1227 1193
1228 1001
1229 1181
1230 1108
1231 1191
1232 1141
1233 1173
1234 1078
1235 1119
1236 1166
1237 1082
1238 1110
1239 1088
1240 1197
1241 1019
1242 1130
1243 1160
1244 1167
1245 1023
1246 1104
1247 1115
1248 1018
1249 1190
1250 1079
1251 1029
1252 1146
1253 1068
1254 1180
1255 1039
1256 1026
1257 1140
1258 1149
1259 1072
1260 1116
1261 1011
1262 1122
1263 1176
1264 1058
1265 1122
1266 1179
1267 1093
1268 1082
1269 1194
1270 1031
1271 1084
1272 1192
1273 1140
1274 1070
1275 1181
1276 1098
1277 1122
1278 1154
1279 1197
1280 1112
1281 1030
1282 1161
1283 1033
1284 1076
1285 1015
1286 1126
1287 1174
1288 1114
1289 1100
1290 1035
1291 1023
1292 1128
1293 1054
1294 1018
1295 1058
1296 1170
1297 1150
1298 1052
1299 1156
1300 1033
1301 1123
1302 1175
1303 1170
1304 1070
1305 1151
1306 1127
1307 1177
1308 1037
1309 1123
1310 1076
1311 1105
1312 1170
1313 1183
1314 1076
1315 1187
1316 1130
1317 1044
1318 1135
1319 1143
1320 1001
1321 1040
1322 1019
1323 1169
1324 1136
1325 1157
1326 1075
1327 1162
1328 1192
1329 1142
1330 1127
1331 1011
1332 1070
1333 1131
1334 1111
1335 1032
1336 1173
1337 1030
1338 1112
1339 1126
1340 1148
1341 1197
1342 1162
1343 1014
1344 1180
1345 1074
1346 1104
1347 1161
1348 1021
1349 1190
1350 1194
1351 1156
1352 1130
1353 1047
1354 1081
1355 1020
1356 1004
1357 1091
1358 1028
1359 1147
1360 1082
1361 1157
1362 1037
1363 1162
1364 1030
1365 1017
1366 1160
1367 1143
1368 1122
1369 1101
1370 1054
1371 1022
1372 1021
1373 1186
1374 1168
1375 1054
1376 1005
1377 1155
1378 1129
1379 1163
1380 1029
1381 1105
1382 1115
1383 1187
1384 1152
1385 1029
1386 1034
1387 1084
1388 1115
1389 1082
1390 1053
1391 1123
1392 1162
1393 1119
1394 1121
1395 1079
1396 1005
1397 1116
1398 1016
1399 1022
1026 890
1028 932
1029 924
1030 816
1031 906
1032 938
1033 895
1034 896
1035 906
1037 914
1039 823
1040 925
1044 812
1047 932
1052 887
1053 848
1054 967
1058 893
1061 971
1068 847
1070 987
1072 858
1073 837
1074 831
1075 863
1076 958
1078 917
1079 802
1081 915
1082 853
1084 946
1086 897
1088 888
1089 958
1091 972
1093 902
1097 840
1098 818
1100 983
1101 820
1104 817
1105 996
1108 900
1110 902
1111 894
1112 997
1113 973
1114 933
1115 919
1116 950
1119 902
1121 818
1122 928
1123 841
1126 852
1127 943
1128 899
1129 988
1130 996
1131 984
1133 952
1135 900
1136 886
1140 987
1141 827
1142 915
1143 958
1146 831
1147 814
1148 835
1149 896
1150 955
1151 931
1152 867
1154 860
1155 838
1156 842
1157 872
1160 862
1161 889
1162 805
1163 968
1164 884
1166 844
1167 802
1168 815
1169 844
1170 917
1173 854
1174 850
1175 835
1176 865
1177 911
1179 971
1180 857
1181 833
1183 933
1186 875
1187 904
1190 860
1191 953
1192 811
1193 902
1194 903
1197 812
1001 902
1004 958
1005 879
1009 988
1011 938
1012 821
1014 871
1015 848
1016 965
1017 886
1018 807
1019 955
1020 883
1021 801
1022 807
1023 843
801 730
802 712
805 614
807 759
811 714
812 627
814 758
815 612
816 643
817 741
818 664
820 796
821 689
823 779
827 797
831 610
833 724
835 647
837 724
838 671
840 725
841 701
842 763
843 698
844 779
847 750
848 714
850 667
852 787
853 759
854 783
857 766
858 745
860 707
862 755
863 619
865 719
867 626
871 628
872 703
875 602
879 787
883 769
884 734
886 756
887 672
888 657
889 751
890 727
893 750
894 640
895 645
896 709
897 735
899 717
900 719
902 744
903 627
904 674
906 618
911 628
914 706
915 765
917 658
919 734
924 652
925 660
928 614
931 685
932 771
933 781
938 776
943 780
946 686
950 621
952 702
953 622
955 744
958 641
965 695
967 743
968 732
971 763
972 604
973 768
983 703
984 738
987 670
988 674
996 670
997 652
640 412
769 553
641 527
643 434
771 565
645 575
768 469
647 484
776 514
779 411
652 571
781 427
780 446
783 557
657 508
658 550
787 480
660 588
664 553
667 575
796 492
797 554
670 567
671 430
672 460
674 475
685 531
686 493
689 560
695 402
698 531
701 578
702 426
703 506
706 425
707 562
709 507
712 579
714 513
717 409
719 467
724 456
725 536
727 548
730 494
602 449
732 456
604 424
734 523
735 414
610 436
738 463
612 490
741 585
614 578
743 595
744 461
745 486
618 510
619 442
621 557
750 594
751 430
622 594
626 503
627 497
755 565
628 588
758 534
759 501
756 495
763 490
765 534
766 411
513 233
514 397
523 374
527 200
402 295
531 232
534 363
536 391
409 252
411 247
412 205
414 378
548 293
550 201
424 327
553 364
554 260
427 313
426 226
557 294
430 388
425 264
560 274
434 366
562 274
436 321
565 211
567 381
442 209
571 224
446 388
575 299
449 368
578 398
579 239
456 228
585 204
588 266
460 217
461 283
463 339
594 274
467 202
595 341
469 204
475 295
480 393
484 262
486 349
490 379
492 248
493 388
494 391
495 311
497 247
501 213
503 357
506 293
507 350
508 212
510 237
260 88
388 72
262 167
391 79
264 99
393 165
266 171
397 76
398 16
274 94
283 110
293 66
294 43
295 143
299 128
311 136
313 45
321 145
327 93
200 94
201 166
202 77
204 152
205 48
209 52
211 87
339 37
341 138
213 53
212 60
217 161
349 128
350 122
224 76
226 23
228 150
357 167
232 39
233 24
363 122
364 56
237 28
366 23
239 121
368 35
374 48
247 138
248 191
378 17
379 95
252 91
381 51
