12000 11625
12001 11021
12002 10099
12003 11655
12004 11936
12005 11761
12006 11190
12007 11485
12008 10119
12009 11658
12010 10280
12011 11718
12012 11335
12013 11795
12014 11317
12015 10218
12016 10384
12017 11045
12018 11743
12019 10745
12020 10436
12021 10674
12022 11800
12023 11994
12024 10263
12025 11027
12026 11592
12027 11008
12028 10514
12029 10922
12030 10819
12031 10991
12032 11460
12033 11492
12034 11939
12035 11758
12036 11253
12037 11414
12038 10865
12039 11348
12040 11586
12041 11855
12042 10501
12043 10727
12044 11070
12045 10985
12046 11843
12047 11051
12048 11552
12049 11954
12050 11467
12051 10464
12052 10963
12053 10311
12054 11241
12055 10874
12056 11765
12057 11154
12058 10845
12059 11359
12060 11534
12061 11777
12062 11369
12063 11610
12064 11118
12065 11045
12066 10677
12067 10681
12068 10688
12069 11456
12070 10829
12071 11736
12072 10061
12073 10985
12074 10204
12075 11821
12076 11315
12077 10015
12078 11873
12079 10709
12080 11984
12081 11428
12082 10755
12083 10759
12084 10648
12085 11837
12086 11601
12087 10671
12088 10454
12089 10746
12090 10676
12091 10244
12092 11733
12093 11521
12094 11937
12095 11980
12096 11503
12097 10493
12098 11831
12099 10317
12100 11476
12101 11225
12102 10233
12103 11913
12104 10524
12105 11392
12106 10033
12107 11669
12108 10141
12109 11672
12110 11793
12111 10080
12112 11065
12113 10644
12114 10991
12115 10878
12116 11741
12117 11740
12118 11725
12119 11117
12120 11962
12121 11514
12122 10532
12123 10464
12124 10095
12125 11128
12126 10551
12127 10124
12128 10845
12129 10201
12130 11474
12131 10021
12132 10027
12133 10737
12134 11478
12135 11497
12136 10515
12137 11913
12138 10056
12139 11544
12140 10292
12141 10925
12142 10198
12143 11882
12144 11635
12145 10919
12146 11671
12147 11549
12148 11920
12149 10918
12150 11841
12151 10423
12152 11686
12153 11562
12154 10021
12155 11570
12156 10334
12157 10190
12158 11916
12159 11563
12160 11146
12161 10223
12162 10138
12163 11835
12164 10131
12165 10652
12166 10951
12167 10824
12168 11280
12169 10550
12170 10828
12171 11960
12172 10774
12173 10434
12174 10319
12175 10200
12176 11957
12177 10488
12178 11696
12179 11254
12180 11763
12181 10109
12182 10157
12183 10971
12184 10002
12185 10263
12186 11364
12187 11744
12188 10590
12189 11262
12190 10342
12191 11368
12192 10207
12193 11260
12194 11494
12195 11572
12196 11136
12197 10321
12198 10286
12199 11304
12200 10950
12201 11284
12202 11751
12203 11305
12204 10139
12205 11228
12206 10752
12207 10220
12208 11790
12209 11178
12210 10504
12211 10354
12212 10270
12213 10966
12214 10788
12215 11604
12216 11574
12217 10740
12218 10384
12219 11228
12220 11364
12221 11813
12222 10116
12223 10375
12224 11871
12225 11092
12226 10113
12227 10254
12228 10148
12229 11342
12230 11316
12231 10387
12232 11302
12233 10900
12234 11024
12235 11762
12236 10622
12237 10227
12238 11423
12239 11696
12240 10160
12241 10955
12242 10114
12243 11337
12244 11203
12245 11417
12246 10913
12247 10399
12248 11906
12249 10035
12250 10746
12251 11900
12252 11106
12253 11634
12254 10155
12255 11704
12256 10568
12257 11361
12258 10568
12259 11178
12260 10549
12261 11031
12262 11069
12263 10790
12264 11964
12265 10322
12266 11328
12267 11775
12268 11511
12269 10105
12270 10218
12271 10373
12272 11900
12273 10796
12274 11549
12275 10766
12276 11724
12277 10318
12278 11936
12279 10999
12280 11512
12281 10179
12282 10930
12283 10466
12284 10891
12285 11141
12286 10989
12287 11794
12288 10818
12289 10137
12290 11982
12291 10700
12292 10057
12293 10417
12294 10628
12295 11066
12296 10583
12297 11435
12298 11083
12299 11341
12300 10205
12301 11887
12302 11043
12303 11487
12304 11497
12305 11891
12306 10079
12307 11087
12308 10478
12309 10578
12310 10805
12311 10914
12312 11646
12313 10321
12314 10089
12315 10771
12316 10046
12317 11060
12318 11744
12319 11073
12320 10471
12321 11603
12322 10740
12323 10889
12324 11426
12325 11263
12326 10004
12327 10122
12328 10408
12329 11684
12330 10820
12331 10493
12332 10053
12333 10149
12334 11349
12335 11715
12336 11678
12337 11075
12338 10629
12339 11920
12340 10350
12341 10292
12342 10133
12343 10445
12344 11142
12345 11964
12346 10713
12347 10084
12348 11365
12349 10741
12350 10975
12351 11166
12352 10751
12353 11401
12354 10631
12355 10646
12356 10675
12357 10122
12358 10042
12359 10074
12360 11910
12361 11519
12362 10788
12363 11086
12364 11689
12365 11766
12366 11123
12367 10622
12368 11677
12369 11539
12370 11673
12371 10876
12372 10594
12373 10445
12374 10176
12375 11757
12376 10780
12377 10223
12378 10150
12379 10553
12380 11552
12381 11724
12382 11898
12383 11157
12384 11014
12385 10016
12386 10493
12387 11932
12388 10057
12389 11721
12390 11122
12391 10765
12392 11568
12393 11010
12394 11313
12395 10628
12396 11081
12397 11146
12398 10349
12399 11210
12400 10170
12401 10293
12402 10486
12403 11709
12404 10738
12405 10029
12406 10606
12407 10985
12408 11209
12409 10727
12410 11797
12411 10596
12412 10901
12413 11780
12414 10331
12415 10223
12416 11174
12417 11057
12418 11884
12419 11863
12420 10949
12421 11223
12422 10388
12423 11431
12424 10825
12425 10056
12426 10541
12427 11834
12428 10409
12429 10892
12430 10947
12431 10763
12432 10393
12433 11086
12434 11666
12435 11528
12436 10687
12437 10004
12438 10730
12439 11987
12440 10816
12441 11091
12442 10781
12443 10652
12444 11584
12445 10096
12446 10859
12447 11751
12448 10595
12449 10082
12450 11391
12451 10647
12452 11004
12453 10468
12454 11535
12455 11942
12456 11586
12457 10417
12458 10836
12459 11872
12460 10529
12461 11670
12462 11093
12463 10113
12464 11023
12465 11427
12466 11449
12467 11371
12468 10026
12469 10038
12470 11201
12471 10917
12472 10382
12473 11297
12474 11695
12475 10809
12476 10126
12477 11651
12478 11436
12479 11900
12480 11625
12481 10860
12482 10075
12483 10208
12484 10368
12485 11303
12486 11851
12487 11784
12488 11825
12489 10908
12490 11735
12491 10058
12492 11768
12493 11483
12494 10212
12495 10498
12496 10560
12497 10423
12498 11997
12499 10057
12500 10437
12501 10324
12502 10583
12503 10868
12504 11531
12505 10141
12506 11669
12507 11833
12508 11487
12509 10653
12510 11993
12511 11240
12512 10695
12513 11222
12514 11331
12515 11425
12516 10905
12517 11310
12518 10115
12519 10615
12520 10634
12521 10611
12522 11082
12523 11125
12524 11161
12525 11505
12526 11716
12527 11152
12528 11809
12529 11863
12530 10373
12531 10272
12532 11252
12533 11406
12534 11460
12535 11181
12536 10777
12537 10361
12538 11565
12539 10293
12540 10167
12541 10306
12542 10508
12543 10702
12544 10066
12545 11971
12546 10137
12547 11926
12548 10124
12549 11018
12550 11058
12551 11490
12552 10289
12553 11120
12554 10842
12555 10489
12556 10231
12557 11190
12558 10095
12559 10935
12560 10818
12561 10011
12562 11357
12563 10634
12564 10279
12565 11050
12566 11664
12567 11447
12568 10833
12569 10376
12570 11829
12571 10863
12572 10075
12573 11065
12574 10103
12575 11461
12576 11368
12577 11903
12578 11040
12579 11735
12580 11192
12581 11282
12582 10010
12583 10816
12584 10700
12585 11833
12586 11653
12587 10641
12588 11637
12589 11909
12590 10355
12591 10011
12592 10765
12593 11192
12594 10616
12595 10866
12596 11819
12597 11780
12598 11353
12599 10085
12600 10383
12601 10004
12602 10885
12603 11414
12604 11907
12605 11740
12606 10590
12607 10821
12608 11293
12609 11490
12610 10154
12611 10376
12612 10316
12613 11136
12614 10984
12615 11072
12616 11045
12617 10019
12618 11903
12619 10635
12620 10846
12621 11646
12622 11706
12623 10192
12624 11061
12625 10674
12626 10524
12627 11490
12628 11741
12629 10172
12630 10675
12631 10975
12632 10057
12633 10925
12634 11066
12635 10418
12636 11188
12637 11373
12638 10304
12639 11749
12640 11417
12641 10102
12642 11640
12643 11281
12644 10406
12645 11148
12646 10625
12647 11871
12648 11144
12649 10502
12650 10777
12651 10326
12652 10700
12653 11704
12654 10379
12655 10948
12656 11781
12657 11510
12658 11385
12659 11632
12660 10796
12661 10965
12662 11871
12663 10835
12664 10882
12665 11005
12666 10719
12667 10589
12668 10466
12669 11513
12670 10127
12671 10626
12672 10218
12673 10826
12674 11390
12675 10676
12676 11889
12677 10221
12678 11458
12679 10670
12680 10832
12681 10915
12682 10150
12683 11805
12684 10628
12685 10066
12686 10139
12687 10730
12688 11505
12689 11677
12690 10324
12691 11435
12692 10756
12693 10509
12694 11226
12695 10137
12696 11940
12697 11984
12698 11817
12699 11521
12700 10978
12701 10199
12702 10657
12703 10315
12704 10411
12705 11994
12706 11346
12707 11632
12708 10173
12709 10504
12710 11989
12711 10324
12712 10935
12713 11946
12714 11389
12715 11743
12716 11643
12717 11636
12718 10831
12719 10342
12720 10421
12721 11016
12722 10954
12723 11101
12724 10915
12725 10149
12726 11864
12727 11982
12728 10204
12729 11442
12730 10932
12731 10481
12732 10388
12733 11409
12734 10568
12735 10823
12736 11051
12737 10431
12738 11434
12739 10285
12740 11806
12741 11082
12742 11692
12743 10611
12744 11856
12745 11238
12746 10588
12747 11014
12748 11811
12749 11594
12750 11522
12751 11137
12752 11657
12753 11363
12754 11075
12755 11519
12756 10856
12757 10007
12758 11175
12759 11712
12760 11739
12761 10388
12762 10574
12763 10321
12764 10019
12765 10258
12766 11733
12767 11469
12768 11297
12769 11939
12770 11479
12771 11243
12772 10298
12773 11050
12774 10341
12775 10786
12776 10071
12777 11990
12778 11990
12779 10998
12780 11951
12781 11609
12782 10728
12783 11968
12784 10714
12785 10921
12786 11927
12787 11599
12788 11347
12789 10095
12790 10599
12791 10481
12792 10451
12793 10986
12794 11563
12795 11627
12796 11607
12797 10554
12798 10025
12799 11733
12800 11488
12801 10629
12802 11041
12803 11425
12804 10951
12805 10618
12806 11957
12807 11359
12808 11329
12809 11920
12810 11162
12811 10501
12812 10450
12813 11473
12814 11521
12815 10740
12816 10232
12817 11338
12818 11181
12819 11314
12820 11707
12821 11047
12822 11341
12823 10285
12824 10161
12825 11943
12826 10020
12827 10747
12828 10139
12829 10719
12830 11918
12831 10110
12832 11374
12833 11792
12834 11221
12835 11985
12836 11492
12837 10285
12838 10628
12839 10807
12840 11602
12841 10585
12842 11360
12843 11704
12844 11795
12845 10655
12846 11132
12847 10559
12848 10273
12849 11306
12850 11025
12851 10701
12852 11516
12853 11927
12854 11531
12855 10758
12856 11878
12857 11775
12858 11406
12859 11457
12860 11198
12861 11697
12862 10769
12863 11817
12864 10836
12865 11932
12866 11500
12867 11258
12868 11587
12869 10852
12870 10760
12871 10047
12872 11991
12873 11692
12874 10241
12875 11641
12876 10713
12877 10868
12878 10841
12879 11035
12880 10233
12881 10058
12882 11026
12883 11861
12884 10942
12885 10993
12886 10774
12887 11597
12888 10114
12889 11148
12890 10378
12891 11913
12892 11754
12893 11671
12894 11630
12895 11017
12896 10794
12897 10490
12898 10216
12899 10607
12900 11499
12901 11026
12902 11982
12903 10248
12904 10333
12905 11069
12906 11124
12907 11819
12908 10325
12909 10376
12910 10793
12911 10823
12912 10067
12913 11858
12914 10933
12915 11493
12916 10708
12917 11647
12918 10915
12919 11917
12920 11850
12921 11846
12922 10133
12923 10017
12924 10774
12925 11815
12926 11660
12927 11940
12928 10886
12929 10422
12930 10306
12931 11145
12932 11937
12933 11525
12934 10894
12935 11721
12936 11476
12937 10113
12938 10144
12939 10020
12940 10257
12941 11229
12942 10160
12943 11441
12944 11367
12945 10687
12946 11466
12947 10775
12948 10838
12949 11731
12950 11494
12951 10327
12952 10790
12953 10838
12954 11092
12955 11050
12956 11629
12957 11279
12958 11609
12959 10964
12960 11617
12961 10063
12962 10451
12963 10388
12964 11127
12965 10565
12966 11185
12967 10394
12968 10925
12969 11528
12970 11200
12971 11213
12972 11973
12973 10419
12974 11616
12975 11067
12976 11221
12977 10982
12978 10313
12979 11046
12980 11755
12981 11353
12982 10169
12983 10848
12984 11098
12985 10673
12986 10329
12987 10060
12988 11674
12989 10598
12990 11531
12991 11243
12992 10845
12993 10416
12994 11294
12995 10416
12996 10053
12997 11771
12998 10043
12999 10063
13000 11663
13001 10390
13002 11147
13003 10754
13004 11989
13005 10839
13006 11286
13007 11370
13008 11590
13009 11751
13010 10542
13011 10652
13012 10965
13013 11919
13014 11752
13015 10218
13016 10359
13017 11945
13018 11705
13019 11733
13020 11396
13021 11201
13022 10323
13023 10487
13024 10368
13025 11050
13026 11314
13027 11589
13028 10481
13029 11995
13030 10778
13031 11129
13032 11558
13033 11490
13034 11177
13035 11765
13036 10498
13037 10900
13038 10803
13039 11144
13040 10235
13041 11504
13042 10281
13043 11010
13044 10779
13045 10372
13046 11906
13047 11335
13048 11840
13049 11182
13050 11309
13051 10265
13052 11699
13053 11624
13054 11808
13055 10783
13056 10301
13057 11776
13058 11914
13059 10805
13060 11205
13061 11589
13062 11130
13063 10620
13064 10820
13065 10850
13066 10577
13067 11317
13068 11999
13069 11186
13070 10889
13071 10114
13072 11944
13073 11932
13074 11388
13075 11181
13076 10709
13077 11809
13078 10438
13079 10556
13080 10541
13081 11915
13082 11185
13083 11622
13084 10541
13085 11707
13086 10738
13087 11099
13088 10356
13089 10694
13090 11394
13091 10578
13092 10107
13093 11169
13094 11220
13095 11021
13096 11233
13097 11133
13098 10021
13099 11101
13100 10280
13101 10842
13102 11766
13103 11740
13104 11902
13105 11153
13106 10288
13107 11870
13108 10736
13109 10236
13110 11922
13111 10033
13112 10674
13113 10749
13114 11003
13115 11627
13116 11118
13117 10638
13118 10728
13119 11420
13120 11285
13121 11730
13122 11487
13123 11169
13124 11844
13125 10773
13126 11805
13127 10380
13128 10913
13129 11303
13130 10806
13131 11115
13132 10809
13133 10856
13134 10896
13135 10001
13136 11667
13137 10884
13138 10079
13139 11638
13140 10858
13141 10228
13142 10980
13143 10276
13144 10754
13145 11732
13146 10097
13147 11388
13148 10581
13149 10521
13150 10229
13151 11222
13152 10768
13153 10491
13154 10777
13155 11258
13156 11711
13157 10159
13158 10726
13159 11285
13160 10758
13161 11379
13162 11568
13163 10593
13164 11333
13165 11475
13166 11847
13167 10043
13168 10851
13169 10679
13170 11786
13171 11936
13172 10990
13173 10349
13174 11394
13175 11125
13176 10989
13177 11129
13178 10993
13179 10246
13180 10491
13181 10447
13182 10608
13183 10089
13184 10426
13185 10138
13186 11164
13187 11283
13188 11482
13189 10322
13190 10509
13191 11566
13192 11970
13193 10235
13194 10149
13195 10834
13196 11910
13197 11905
13198 10838
13199 10337
13200 10242
13201 10072
13202 10350
13203 11039
13204 10235
13205 10485
13206 11701
13207 11112
13208 11864
13209 10805
13210 10686
13211 10898
13212 11222
13213 10169
13214 10580
13215 11774
13216 10157
13217 11607
13218 10772
13219 10606
13220 10317
13221 10895
13222 11726
13223 11857
13224 11021
13225 10926
13226 11603
13227 10700
13228 10909
13229 10814
13230 10407
13231 10654
13232 10750
13233 11608
13234 11498
13235 10412
13236 10806
13237 11013
13238 10675
13239 11062
13240 11702
13241 11371
13242 10010
13243 11678
13244 10149
13245 10026
13246 10958
13247 10570
13248 10026
13249 10833
13250 10666
13251 10759
13252 11239
13253 10466
13254 11150
13255 10685
13256 10041
13257 10857
13258 10923
13259 10104
13260 10363
13261 10535
13262 11125
13263 11522
13264 10451
13265 11673
13266 11020
13267 10196
13268 11465
13269 11548
13270 10751
13271 11443
13272 10984
13273 10190
13274 11445
13275 11426
13276 10640
13277 10857
13278 11141
13279 11558
13280 10046
13281 10056
13282 11494
13283 11987
13284 10249
13285 10038
13286 11702
13287 10238
13288 10857
13289 10040
13290 11786
13291 11658
13292 11065
13293 11276
13294 10552
13295 11988
13296 11577
13297 11066
13298 10676
13299 11125
13300 10696
13301 10446
13302 10502
13303 10226
13304 11708
13305 10123
13306 11988
13307 10404
13308 11237
13309 11481
13310 10885
13311 10715
13312 10621
13313 11844
13314 10100
13315 10140
13316 11925
13317 10092
13318 10501
13319 10647
13320 10663
13321 10618
13322 11400
13323 10788
13324 11370
13325 11792
13326 10920
13327 11143
13328 11220
13329 11769
13330 11379
13331 11690
13332 11243
13333 10981
13334 10754
13335 11839
13336 11025
13337 10039
13338 11840
13339 11822
13340 10082
13341 10485
13342 11830
13343 11126
13344 10284
13345 10440
13346 10605
13347 11800
13348 11164
13349 10543
13350 10821
13351 10238
13352 10547
13353 10794
13354 10527
13355 11425
13356 11655
13357 11167
13358 11557
13359 11363
13360 10607
13361 11559
13362 11617
13363 10350
13364 11271
13365 11451
13366 10665
13367 10415
13368 10102
13369 10302
13370 11335
13371 10360
13372 10555
13373 11630
13374 10919
13375 10975
13376 10758
13377 11340
13378 11827
13379 11810
13380 11184
13381 11050
13382 10801
13383 10804
13384 11478
13385 10313
13386 11302
13387 11920
13388 11223
13389 11920
13390 11525
13391 11494
13392 11470
13393 11441
13394 10088
13395 11636
13396 10696
13397 11713
13398 11446
13399 10680
13400 10421
13401 10873
13402 10322
13403 11057
13404 10511
13405 11622
13406 10703
13407 11118
13408 10543
13409 10718
13410 11699
13411 10786
13412 10738
13413 10276
13414 10614
13415 10886
13416 10467
13417 11393
13418 10907
13419 10896
13420 11175
13421 11016
13422 10284
13423 11996
13424 10808
13425 11747
13426 11079
13427 10479
13428 10089
13429 10795
13430 10663
13431 11737
13432 11185
13433 11598
13434 11065
13435 10387
13436 11543
13437 11337
13438 10845
13439 11213
13440 11239
13441 10047
13442 11344
13443 11002
13444 10307
13445 11908
13446 11249
13447 10272
13448 10783
13449 10564
13450 10832
13451 10888
13452 10510
13453 11362
13454 11642
13455 10157
13456 10335
13457 10779
13458 11896
13459 10052
13460 10414
13461 10022
13462 10812
13463 11606
13464 11804
13465 11214
13466 11630
13467 10529
13468 10432
13469 10290
13470 11497
13471 11816
13472 10844
13473 11079
13474 10573
13475 11177
13476 10978
13477 11280
13478 11143
13479 10246
13480 11775
13481 11768
13482 10889
13483 10128
13484 10341
13485 11961
13486 10049
13487 10201
13488 11307
13489 10472
13490 10894
13491 10360
13492 10885
13493 11224
13494 11727
13495 10814
13496 10980
13497 11300
13498 10224
13499 11424
13500 10239
13501 11558
13502 11173
13503 11365
13504 10689
13505 10867
13506 10541
13507 11070
13508 10477
13509 10359
13510 11884
13511 10974
13512 10877
13513 11074
13514 11268
13515 10943
13516 11116
13517 10809
13518 11015
13519 10726
13520 11795
13521 10566
13522 10115
13523 11066
13524 10282
13525 11157
13526 11185
13527 10430
13528 10529
13529 11100
13530 11635
13531 11262
13532 10954
13533 11470
13534 11343
13535 10646
13536 11667
13537 10735
13538 10224
13539 11288
13540 11103
13541 11261
13542 11676
13543 10274
13544 10650
13545 11007
13546 11510
13547 11501
13548 10035
13549 10065
13550 11547
13551 10356
13552 11834
13553 10934
13554 10498
13555 10021
13556 10314
13557 10381
13558 10129
13559 10078
13560 10559
13561 10904
13562 11877
13563 10530
13564 11950
13565 10931
13566 11974
13567 11511
13568 11554
13569 11885
13570 11158
13571 10646
13572 10592
13573 11320
13574 11061
13575 11273
13576 10519
13577 10011
13578 11229
13579 10416
13580 11861
13581 11343
13582 10315
13583 11863
13584 11646
13585 10354
13586 10797
13587 11794
13588 10053
13589 11378
13590 11818
13591 10773
13592 10978
13593 11733
13594 11153
13595 11127
13596 10888
13597 10272
13598 10022
13599 11825
13600 10650
13601 11418
13602 10579
13603 11253
13604 10206
13605 10245
13606 10117
13607 10837
13608 11914
13609 10892
13610 11869
13611 10006
13612 11899
13613 11249
13614 10707
13615 10860
13616 10570
13617 11332
13618 10861
13619 11697
13620 11176
13621 10012
13622 11442
13623 11251
13624 11718
13625 11959
13626 11937
13627 11113
13628 10733
13629 11053
13630 11278
13631 11838
13632 11374
13633 10019
13634 11560
13635 10752
13636 10089
13637 10218
13638 10741
13639 10284
13640 11448
13641 11315
13642 11013
13643 10437
13644 10374
13645 10273
13646 11912
13647 10551
13648 10912
13649 10737
13650 11749
13651 10273
13652 11672
13653 11685
13654 11782
13655 10964
13656 11414
13657 10157
13658 11226
13659 11008
13660 10152
13661 11986
13662 10787
13663 11963
13664 11405
13665 10634
13666 10734
13667 10073
13668 11124
13669 10961
13670 10528
13671 11843
13672 11220
13673 11265
13674 11885
13675 11047
13676 10843
13677 11943
13678 11375
13679 10020
13680 10810
13681 11605
13682 10828
13683 11767
13684 11594
13685 10131
13686 10259
13687 11368
13688 10261
13689 10075
13690 11394
13691 10767
13692 11702
13693 10190
13694 10159
13695 11452
13696 10434
13697 10959
13698 10849
13699 10122
13700 11126
13701 10938
13702 11189
13703 10975
13704 11367
13705 11900
13706 10184
13707 10794
13708 11018
13709 10588
13710 10095
13711 11176
13712 11059
13713 11800
13714 10821
13715 11825
13716 10945
13717 11001
13718 11616
13719 11336
13720 10388
13721 11078
13722 10087
13723 11256
13724 11133
13725 10438
13726 10569
13727 10265
13728 10311
13729 10749
13730 11967
13731 11461
13732 11264
13733 10657
13734 10347
13735 10585
13736 10048
13737 11420
13738 10908
13739 10432
13740 10383
13741 10805
13742 10026
13743 10913
13744 10778
13745 10617
13746 10810
13747 10841
13748 11039
13749 11805
13750 10469
13751 11496
13752 11599
13753 10414
13754 11005
13755 10898
13756 10430
13757 10264
13758 11424
13759 11983
13760 10695
13761 10258
13762 11738
13763 11954
13764 11566
13765 10988
13766 11504
13767 11303
13768 11375
13769 10689
13770 11149
13771 10988
13772 11837
13773 11124
13774 11350
13775 10616
13776 11845
13777 11536
13778 11848
13779 10598
13780 10223
13781 10429
13782 10123
13783 11491
13784 10546
13785 11305
13786 11309
13787 10325
13788 11580
13789 10525
13790 11870
13791 11919
13792 11557
13793 11511
13794 10781
13795 11016
13796 10457
13797 11359
13798 10041
13799 11497
13800 11370
13801 10701
13802 10919
13803 11292
13804 10975
13805 11032
13806 10419
13807 10828
13808 11134
13809 10301
13810 11346
13811 10432
13812 10817
13813 10600
13814 10054
13815 11612
13816 11369
13817 11052
13818 10413
13819 11786
13820 10522
13821 11615
13822 10564
13823 11342
13824 10196
13825 11326
13826 11269
13827 10282
13828 11856
13829 11321
13830 11682
13831 11748
13832 11249
13833 11893
13834 11209
13835 10409
13836 10566
13837 10679
13838 11325
13839 10883
13840 11001
13841 10167
13842 10552
13843 11303
13844 10022
13845 11650
13846 10977
13847 11094
13848 11046
13849 11554
13850 11298
13851 10582
13852 11350
13853 11003
13854 10741
13855 11238
13856 11257
13857 10487
13858 10413
13859 10247
13860 10794
13861 10076
13862 11987
13863 11653
13864 10591
13865 11540
13866 11894
13867 10851
13868 11135
13869 11127
13870 11807
13871 11581
13872 11130
13873 10816
13874 10907
13875 10610
13876 10737
13877 11946
13878 10307
13879 11077
13880 10846
13881 10660
13882 11244
13883 10881
13884 11208
13885 10852
13886 11138
13887 11936
13888 11493
13889 11669
13890 11145
13891 10711
13892 10920
13893 10596
13894 11587
13895 10248
13896 11809
13897 10856
13898 10022
13899 11307
13900 10934
13901 10703
13902 11632
13903 11849
13904 10459
13905 11653
13906 10484
13907 11171
13908 11222
13909 11067
13910 11538
13911 11968
13912 10960
13913 11067
13914 10379
13915 11415
13916 10252
13917 10092
13918 11542
13919 10416
13920 11567
13921 11232
13922 10409
13923 11534
13924 10966
13925 11850
13926 10393
13927 11677
13928 10527
13929 10882
13930 11724
13931 10808
13932 10368
13933 10195
13934 10045
13935 10623
13936 10163
13937 11368
13938 10553
13939 11345
13940 11513
13941 11623
13942 10827
13943 11801
13944 11705
13945 10213
13946 11704
13947 11076
13948 11960
13949 11336
13950 10984
13951 11356
13952 11141
13953 10451
13954 11213
13955 11919
13956 11142
13957 11125
13958 11788
13959 10455
13960 10181
13961 11523
13962 11265
13963 10953
13964 11203
13965 11122
13966 11632
13967 10180
13968 10662
13969 11222
13970 10119
13971 11968
13972 11762
13973 10810
13974 10590
13975 10591
13976 11428
13977 11032
13978 11176
13979 10328
13980 10848
13981 10967
13982 10322
13983 11078
13984 10085
13985 11539
13986 11794
13987 11413
13988 11667
13989 10900
13990 10867
13991 10699
13992 11556
13993 11323
13994 10325
13995 11235
13996 11100
13997 11649
13998 10772
13999 10912
10001 8416
10002 8562
10004 8615
10006 9133
10007 9867
10010 9787
10011 9405
10012 8915
10015 9100
10016 8430
10017 8938
10019 9717
10020 9199
10021 9529
10022 9626
10025 9696
10026 8960
10027 9588
10029 8824
10033 9781
10035 9676
10038 8020
10039 8531
10040 9058
10041 8978
10042 8627
10043 8689
10045 8030
10046 9650
10047 8426
10048 9269
10049 9322
10052 8472
10053 8907
10054 9548
10056 8825
10057 8717
10058 8715
10060 8804
10061 8863
10063 9990
10065 8070
10066 8488
10067 8054
10071 9864
10072 8285
10073 9489
10074 8905
10075 8072
10076 9173
10078 8770
10079 9943
10080 9678
10082 9318
10084 9671
10085 9633
10087 9565
10088 8117
10089 8219
10092 9410
10095 8639
10096 8869
10097 9162
10099 8446
10100 9896
10102 9880
10103 9661
10104 8559
10105 8598
10107 8512
10109 9274
10110 8986
10113 9409
10114 8251
10115 9666
10116 9379
10117 9872
10119 8205
10122 9513
10123 9390
10124 8970
10126 9974
10127 8476
10128 8018
10129 8205
10131 8947
10133 9214
10137 9150
10138 9832
10139 9974
10140 9885
10141 9364
10144 9594
10148 9633
10149 9523
10150 8128
10152 8904
10154 8865
10155 8447
10157 9753
10159 8972
10160 8225
10161 8361
10163 8005
10167 9966
10169 8935
10170 8203
10172 8125
10173 8770
10176 8831
10179 9189
10180 8837
10181 8848
10184 9819
10190 8743
10192 9453
10195 9798
10196 8323
10198 8195
10199 9633
10200 9347
10201 8665
10204 9005
10205 8737
10206 8478
10207 8737
10208 9595
10212 9253
10213 9862
10216 9400
10218 8139
10220 8031
10221 8040
10223 9867
10224 8878
10226 9311
10227 8897
10228 8238
10229 8500
10231 9455
10232 9554
10233 8645
10235 8297
10236 9508
10238 9159
10239 9163
10241 8915
10242 9681
10244 8154
10245 8848
10246 9109
10247 9917
10248 9105
10249 8518
10252 8318
10254 8629
10257 8532
10258 8549
10259 8754
10261 9279
10263 9455
10264 9006
10265 9331
10270 9566
10272 8099
10273 9272
10274 8798
10276 9732
10279 8561
10280 8904
10281 8445
10282 8593
10284 8084
10285 8264
10286 9645
10288 8376
10289 9276
10290 8747
10292 9651
10293 9830
10298 9238
10301 8702
10302 8413
10304 9522
10306 9829
10307 8062
10311 9278
10313 8999
10314 8399
10315 9146
10316 9583
10317 9102
10318 8406
10319 9392
10321 8236
10322 8398
10323 8765
10324 9034
10325 8307
10326 8341
10327 9932
10328 8301
10329 8966
10331 9544
10333 9652
10334 9774
10335 9002
10337 8843
10341 8043
10342 9782
10347 8783
10349 8477
10350 9947
10354 8206
10355 9652
10356 9808
10359 8540
10360 8711
10361 9599
10363 8363
10368 9758
10372 9230
10373 9218
10374 8869
10375 8681
10376 9551
10378 9978
10379 9861
10380 9186
10381 8967
10382 8371
10383 9774
10384 9270
10387 9669
10388 8237
10390 9825
10393 8993
10394 8710
10399 9648
10404 8062
10406 8857
10407 9294
10408 8178
10409 9277
10411 8714
10412 8580
10413 8581
10414 8330
10415 9160
10416 9285
10417 8202
10418 8291
10419 9299
10421 9284
10422 9114
10423 8367
10426 9995
10429 9076
10430 9171
10431 9068
10432 8572
10434 9255
10436 8240
10437 9671
10438 9914
10440 9864
10445 8399
10446 8059
10447 9619
10450 8564
10451 8954
10454 9867
10455 8576
10457 8766
10459 9656
10464 9677
10466 9841
10467 8182
10468 9156
10469 9715
10471 9448
10472 9510
10477 9861
10478 8309
10479 8673
10481 8410
10484 9589
10485 9492
10486 8568
10487 9529
10488 9513
10489 9383
10490 9970
10491 9958
10493 9325
10498 8495
10501 8641
10502 8365
10504 9551
10508 8920
10509 9738
10510 8976
10511 8777
10514 9518
10515 9976
10519 9922
10521 8215
10522 9868
10524 8840
10525 8639
10527 8190
10528 9776
10529 8760
10530 8886
10532 9356
10535 8369
10541 8678
10542 8189
10543 8536
10546 9485
10547 8898
10549 9179
10550 9389
10551 8918
10552 8779
10553 8196
10554 8342
10555 8562
10556 9846
10559 8292
10560 8023
10564 8855
10565 9866
10566 9625
10568 9653
10569 8676
10570 8380
10573 9476
10574 8030
10577 8951
10578 9308
10579 9033
10580 9436
10581 9553
10582 8020
10583 9256
10585 8229
10588 9988
10589 9789
10590 8470
10591 8764
10592 9545
10593 9568
10594 9381
10595 9309
10596 8141
10598 8894
10599 8301
10600 9454
10605 8226
10606 9155
10607 8253
10608 9420
10610 8872
10611 9365
10614 8394
10615 8862
10616 9629
10617 8774
10618 9803
10620 8634
10621 8173
10622 9189
10623 9692
10625 8104
10626 9598
10628 8454
10629 8322
10631 9919
10634 8464
10635 8316
10638 9792
10640 9013
10641 8169
10644 8143
10646 8487
10647 9667
10648 8212
10650 9754
10652 8730
10653 8581
10654 8006
10655 9827
10657 8443
10660 9769
10662 9876
10663 9621
10665 8358
10666 8338
10670 8412
10671 8489
10673 8633
10674 8756
10675 8685
10676 8565
10677 9057
10679 8145
10680 9758
10681 9119
10685 9649
10686 9338
10687 9880
10688 8576
10689 8354
10694 9591
10695 9366
10696 9094
10699 9474
10700 8425
10701 9092
10702 8917
10703 8701
10707 8458
10708 9905
10709 8535
10711 9511
10713 9323
10714 9877
10715 8003
10718 9380
10719 8237
10726 8571
10727 9153
10728 8623
10730 9763
10733 9625
10734 8795
10735 9364
10736 9132
10737 8560
10738 9033
10740 8448
10741 8518
10745 8571
10746 8201
10747 8897
10749 8616
10750 8688
10751 8618
10752 8109
10754 8204
10755 8121
10756 8207
10758 9400
10759 9159
10760 9703
10763 9717
10765 9620
10766 9194
10767 9328
10768 8991
10769 9657
10771 9887
10772 9998
10773 8784
10774 9771
10775 8916
10777 8932
10778 8311
10779 9343
10780 8515
10781 9667
10783 9725
10786 8866
10787 9613
10788 9648
10790 8167
10793 9910
10794 8827
10795 9128
10796 8707
10797 8571
10801 8521
10803 8681
10804 9701
10805 9345
10806 8203
10807 9165
10808 9576
10809 8751
10810 8689
10812 8603
10814 9360
10816 9300
10817 9109
10818 8546
10819 8896
10820 9961
10821 9514
10823 9062
10824 9658
10825 9261
10826 8214
10827 8879
10828 8742
10829 8907
10831 9767
10832 9325
10833 9311
10834 8473
10835 8671
10836 8475
10837 9646
10838 8472
10839 8067
10841 9340
10842 9127
10843 9489
10844 9427
10845 9259
10846 9122
10848 8654
10849 8101
10850 8966
10851 8305
10852 9733
10856 8286
10857 8221
10858 9066
10859 8579
10860 8318
10861 8685
10863 8662
10865 8833
10866 8193
10867 8358
10868 9902
10873 9648
10874 9287
10876 8269
10877 9713
10878 9287
10881 8922
10882 9823
10883 8175
10884 9532
10885 8414
10886 9173
10888 8398
10889 8280
10891 8099
10892 9420
10894 8734
10895 8541
10896 9420
10898 8475
10900 8726
10901 9252
10904 8002
10905 8287
10907 9762
10908 9614
10909 8911
10912 9260
10913 9993
10914 8916
10915 8399
10917 9765
10918 8126
10919 8905
10920 9763
10921 9184
10922 9071
10923 8349
10925 9101
10926 8815
10930 8525
10931 8106
10932 9637
10933 8979
10934 8984
10935 9844
10938 8917
10942 9596
10943 9347
10945 9647
10947 9868
10948 8694
10949 9903
10950 9312
10951 9527
10953 8911
10954 9672
10955 9445
10958 9873
10959 8703
10960 9831
10961 8051
10963 8726
10964 9661
10965 9651
10966 8843
10967 8974
10971 8754
10974 8228
10975 9052
10977 8254
10978 8407
10980 8842
10981 9216
10982 8152
10984 8188
10985 9900
10986 8198
10988 9830
10989 9809
10990 9702
10991 9629
10993 9655
10998 9803
10999 9940
11001 9716
11002 9620
11003 8822
11004 8638
11005 8484
11007 8822
11008 9638
11010 8552
11013 9425
11014 9458
11015 9942
11016 9720
11017 9447
11018 9678
11020 9929
11021 8384
11023 9806
11024 8279
11025 8616
11026 9692
11027 9275
11031 8745
11032 9199
11035 9627
11039 9147
11040 8995
11041 9622
11043 9616
11045 8493
11046 9698
11047 9435
11050 9279
11051 8989
11052 9957
11053 9307
11057 8722
11058 9444
11059 9700
11060 8178
11061 9345
11062 8634
11065 8598
11066 9381
11067 8745
11069 8205
11070 8308
11072 8367
11073 8476
11074 8768
11075 9825
11076 9964
11077 8754
11078 9690
11079 8216
11081 8623
11082 8314
11083 8300
11086 9500
11087 9058
11091 8060
11092 8226
11093 8248
11094 9258
11098 9997
11099 8353
11100 8171
11101 9038
11103 9648
11106 8759
11112 8864
11113 8969
11115 8511
11116 9253
11117 8433
11118 8955
11120 9025
11122 8184
11123 8911
11124 8167
11125 9954
11126 8662
11127 9926
11128 9015
11129 9435
11130 8339
11132 8199
11133 9015
11134 9885
11135 8251
11136 9823
11137 9870
11138 8834
11141 8165
11142 8425
11143 8396
11144 8251
11145 8189
11146 9030
11147 9304
11148 8624
11149 9264
11150 8025
11152 9649
11153 9748
11154 8025
11157 9449
11158 9855
11161 9783
11162 9247
11164 8411
11166 9535
11167 8612
11169 8653
11171 8517
11173 8621
11174 8509
11175 8611
11176 9401
11177 8069
11178 8815
11181 8137
11182 8595
11184 9566
11185 8428
11186 9485
11188 8078
11189 8528
11190 8504
11192 8289
11198 9357
11200 8689
11201 9683
11203 9708
11205 9871
11208 8148
11209 9693
11210 9517
11213 9600
11214 9018
11220 9610
11221 8159
11222 9970
11223 8871
11224 9722
11225 9200
11226 9483
11228 9254
11229 8472
11232 8032
11233 9587
11235 9614
11237 9843
11238 9828
11239 8839
11240 8303
11241 9804
11243 8800
11244 8970
11249 9828
11251 9676
11252 9049
11253 9122
11254 8232
11256 9939
11257 9343
11258 8465
11260 9304
11261 9356
11262 8823
11263 9761
11264 9330
11265 9082
11268 8392
11269 8160
11271 9701
11273 9573
11276 9418
11278 9502
11279 8547
11280 8385
11281 9211
11282 9596
11283 9588
11284 8922
11285 8700
11286 9131
11288 9219
11292 9644
11293 9610
11294 8527
11297 9857
11298 8061
11300 8669
11302 9957
11303 9358
11304 9154
11305 9416
11306 8940
11307 8683
11309 9245
11310 8176
11313 8029
11314 8917
11315 8745
11316 8205
11317 8339
11320 9838
11321 9261
11323 9575
11325 8118
11326 8016
11328 8056
11329 9466
11331 8370
11332 8901
11333 8037
11335 8243
11336 9691
11337 8104
11338 9243
11340 9457
11341 8104
11342 8027
11343 8822
11344 8239
11345 9506
11346 9687
11347 9120
11348 8580
11349 9881
11350 9425
11353 8363
11356 9879
11357 9379
11359 8063
11360 8648
11361 8615
11362 9937
11363 9817
11364 8784
11365 9109
11367 8647
11368 8401
11369 9845
11370 9605
11371 9344
11373 9609
11374 9654
11375 9288
11378 9138
11379 9928
11385 9312
11388 9531
11389 9295
11390 9326
11391 9587
11392 9871
11393 8423
11394 8428
11396 8793
11400 9294
11401 8404
11405 9720
11406 8421
11409 9819
11413 9434
11414 8913
11415 8096
11417 8445
11418 8654
11420 9887
11423 8647
11424 9582
11425 8183
11426 8400
11427 9761
11428 9517
11431 9297
11434 8006
11435 9976
11436 8237
11441 8623
11442 9461
11443 8020
11445 9552
11446 8913
11447 8127
11448 8953
11449 9237
11451 9233
11452 9390
11456 8912
11457 8108
11458 9285
11460 9719
11461 8180
11465 9420
11466 8925
11467 9802
11469 9338
11470 8502
11473 8395
11474 8944
11475 9187
11476 9053
11478 9297
11479 9483
11481 9113
11482 8037
11483 8702
11485 9127
11487 8143
11488 8795
11490 8575
11491 9326
11492 9503
11493 8969
11494 9474
11496 8026
11497 9582
11498 8398
11499 9918
11500 9578
11501 8032
11503 8335
11504 8280
11505 8651
11510 8151
11511 8863
11512 9734
11513 9064
11514 9196
11516 9914
11519 8503
11521 9213
11522 8714
11523 9573
11525 8619
11528 8226
11531 8364
11534 9714
11535 8014
11536 9430
11538 8865
11539 8483
11540 9134
11542 8329
11543 8035
11544 9521
11547 9569
11548 9392
11549 8104
11552 9012
11554 8779
11556 8646
11557 8470
11558 9470
11559 9219
11560 9118
11562 9604
11563 9541
11565 9294
11566 8096
11567 9781
11568 9543
11570 8225
11572 8860
11574 8245
11577 9027
11580 8086
11581 9179
11584 9283
11586 9122
11587 8773
11589 9842
11590 8577
11592 8826
11594 9815
11597 9988
11598 8416
11599 8565
11601 8239
11602 9533
11603 8551
11604 9025
11605 8017
11606 9129
11607 8635
11608 9606
11609 9277
11610 8211
11612 8330
11615 8308
11616 9152
11617 8713
11622 8410
11623 8384
11624 8163
11625 9027
11627 8699
11629 8973
11630 9603
11632 9814
11634 8884
11635 8177
11636 8880
11637 9771
11638 9508
11640 8719
11641 9675
11642 9180
11643 8294
11646 8331
11647 8168
11649 9581
11650 9444
11651 9240
11653 8184
11655 8935
11657 9556
11658 9989
11660 8786
11663 9406
11664 9960
11666 9187
11667 9896
11669 8953
11670 8391
11671 9859
11672 8302
11673 9113
11674 8583
11676 9159
11677 9664
11678 9239
11682 8894
11684 9243
11685 9635
11686 8698
11689 9192
11690 9514
11692 9545
11695 8787
11696 9403
11697 8160
11699 8842
11701 9162
11702 9836
11704 9852
11705 8853
11706 8280
11707 9495
11708 8643
11709 8364
11711 8153
11712 8453
11713 9088
11715 8842
11716 9130
11718 8368
11721 9487
11724 8885
11725 8714
11726 9811
11727 8643
11730 9652
11731 8065
11732 9416
11733 9446
11735 9221
11736 9883
11737 9734
11738 8042
11739 8546
11740 8981
11741 9954
11743 8436
11744 9917
11747 9938
11748 8358
11749 9405
11751 8208
11752 8107
11754 8437
11755 9818
11757 9707
11758 9018
11761 8913
11762 9775
11763 9203
11765 8392
11766 9660
11767 9097
11768 8375
11769 8723
11771 9290
11774 8746
11775 9136
11776 8309
11777 9081
11780 8408
11781 8324
11782 9750
11784 9047
11786 8389
11788 9199
11790 8785
11792 9217
11793 9604
11794 9744
11795 9654
11797 9256
11800 8518
11801 9923
11804 8173
11805 8334
11806 8460
11807 9103
11808 8802
11809 9306
11810 9434
11811 8735
11813 8073
11815 9579
11816 8867
11817 9019
11818 8866
11819 8104
11821 8260
11822 9412
11825 9530
11827 9780
11829 8663
11830 8275
11831 8161
11833 8718
11834 9459
11835 8865
11837 9461
11838 9353
11839 8306
11840 8653
11841 9615
11843 9585
11844 9712
11845 9939
11846 9146
11847 8862
11848 9091
11849 8910
11850 8685
11851 9815
11855 9946
11856 8744
11857 9128
11858 8863
11861 8631
11863 9277
11864 8456
11869 8750
11870 8634
11871 9360
11872 8661
11873 8571
11877 9331
11878 8040
11882 8548
11884 9645
11885 9920
11887 8408
11889 9286
11891 9221
11893 8430
11894 9435
11896 8812
11898 9035
11899 9724
11900 8331
11902 8951
11903 8925
11905 9486
11906 9865
11907 8385
11908 8995
11909 8080
11910 9059
11912 8981
11913 8395
11914 9887
11915 8001
11916 9333
11917 9654
11918 8164
11919 9874
11920 8722
11922 9562
11925 9578
11926 8165
11927 8463
11932 8879
11936 9913
11937 9855
11939 8212
11940 9677
11942 8409
11943 9588
11944 8371
11945 9781
11946 9756
11950 8150
11951 8861
11954 8682
11957 8772
11959 8376
11960 8467
11961 8782
11962 9663
11963 8543
11964 8348
11967 9519
11968 9831
11970 9457
11971 8627
11973 9508
11974 8356
11980 9577
11982 8500
11983 8678
11984 9886
11985 8406
11986 9809
11987 8794
11988 9933
11989 8720
11990 9212
11991 8455
11993 8893
11994 9515
11995 9435
11996 9442
11997 8253
11999 9124
8193 7349
8195 7797
8196 7098
8198 7922
8199 6161
8201 7110
8202 6681
8203 6732
8204 6598
8205 7261
8206 7088
8207 6500
8208 6571
8211 6852
8212 7280
8214 7954
8215 7592
8216 6128
8219 6352
8221 7946
8225 7874
8226 6114
8228 7690
8229 6580
8232 7935
8236 7032
8237 6876
8238 7071
8239 7799
8240 7799
8243 6422
8245 6579
8248 7956
8251 6064
8253 6008
8254 7190
8260 6563
8264 6585
8269 7496
8275 6090
8279 6208
8280 7614
8285 7185
8286 7026
8287 6925
8289 6374
8291 7735
8292 7232
8294 6197
8297 6988
8300 7351
8301 7459
8302 6161
8303 6510
8305 7377
8306 7308
8307 6633
8308 7976
8309 6531
8311 7567
8314 6962
8316 7464
8318 7447
8322 6508
8323 7238
8324 6320
8329 6648
8330 7889
8331 6193
8334 6331
8335 7931
8338 7230
8339 6951
8341 7126
8342 6391
8348 7932
8349 7384
8353 7175
8354 6816
8356 7150
8358 7058
8361 6715
8363 7971
8364 7138
8365 7155
8367 7411
8368 6678
8369 6289
8370 6548
8371 7233
8375 6307
8376 6836
8380 7723
8384 6379
8385 7750
8389 6461
8391 6747
8392 7530
8394 6151
8395 7502
8396 7050
8398 6482
8399 7132
8400 6615
8401 6818
8404 7006
8406 6868
8407 6424
8408 7010
8409 6019
8410 7624
8411 7510
8412 6315
8413 6434
8414 7724
8416 6743
8421 6638
8423 6141
8425 7399
8426 7678
8428 6321
8430 7481
8433 6164
8436 7362
8437 7585
8443 7758
8445 7469
8446 6168
8447 6575
8448 7268
8453 6853
8454 7594
8455 7287
8456 7749
8458 7559
8460 6766
8463 6370
8464 7537
8465 7265
8467 6551
8470 6827
8472 6625
8473 7501
8475 6247
8476 6228
8477 6784
8478 7190
8483 6501
8484 6313
8487 6121
8488 6763
8489 7247
8493 7957
8495 6941
8500 7142
8502 7573
8503 6909
8504 7572
8509 7379
8511 7935
8512 7223
8515 6247
8517 6610
8518 7710
8521 6453
8525 7781
8527 6872
8528 7457
8531 6889
8532 7454
8535 7731
8536 7810
8540 7388
8541 6166
8543 6664
8546 7210
8547 7126
8548 6860
8549 7262
8551 6361
8552 6618
8559 7283
8560 7624
8561 7960
8562 6683
8564 6697
8565 7693
8568 6516
8571 6656
8572 6754
8575 6651
8576 6021
8577 6520
8579 6981
8580 7689
8581 7537
8583 7238
8593 7121
8595 7802
8598 6771
8603 6258
8611 7709
8612 6218
8615 6980
8616 7456
8618 6388
8619 7321
8621 6662
8623 6997
8624 6361
8627 7231
8629 6978
8631 7560
8633 7653
8634 7630
8635 7490
8638 7939
8639 6616
8641 6235
8643 7909
8645 6267
8646 7756
8647 7878
8648 6357
8651 6923
8653 6452
8654 7440
8661 7232
8662 6533
8663 7991
8665 6502
8669 6896
8671 6427
8673 6041
8676 6880
8678 7282
8681 6350
8682 6525
8683 6851
8685 6373
8688 7111
8689 7238
8694 7536
8698 7246
8699 7670
8700 6942
8701 6650
8702 6118
8703 7727
8707 6700
8710 6538
8711 6662
8713 7824
8714 6780
8715 7827
8717 7915
8718 6589
8719 7100
8720 6686
8722 7640
8723 7018
8726 6178
8730 7214
8734 7542
8735 6186
8737 7115
8742 7029
8743 7013
8744 6400
8745 6570
8746 6840
8747 7133
8750 7372
8751 6314
8754 7844
8756 7875
8759 6459
8760 7087
8764 7524
8765 7723
8766 7987
8768 6123
8770 6536
8772 6188
8773 7744
8774 7406
8777 7630
8779 6901
8782 6571
8783 7342
8784 7301
8785 7076
8786 7722
8787 7098
8793 7693
8794 7207
8795 7427
8798 7941
8800 7303
8802 7259
8804 6826
8812 6367
8815 7196
8822 7720
8823 7582
8824 7155
8825 6200
8826 7754
8827 6169
8831 7600
8833 7495
8834 6788
8837 7327
8839 6492
8840 6792
8842 6127
8843 7747
8848 6040
8853 7719
8855 6899
8857 7045
8860 6244
8861 7271
8862 7676
8863 7170
8864 7004
8865 7127
8866 7471
8867 6767
8869 7177
8871 7838
8872 6564
8878 6771
8879 7547
8880 7356
8884 7513
8885 6335
8886 7073
8893 7641
8894 6877
8896 7477
8897 6989
8898 6683
8901 7673
8904 7109
8905 7945
8907 7703
8910 7429
8911 7851
8912 6082
8913 7619
8915 7853
8916 6951
8917 7240
8918 7480
8920 6874
8922 7237
8925 6801
8932 6645
8935 7988
8938 6146
8940 6681
8944 6470
8947 7321
8951 6750
8953 7654
8954 6000
8955 6699
8960 7980
8966 7218
8967 7611
8969 7876
8970 6433
8972 7746
8973 7514
8974 7176
8976 7909
8978 6963
8979 6422
8981 7490
8984 6975
8986 7763
8989 6883
8991 7745
8993 6680
8995 6720
8999 7189
9002 7499
9005 7867
9006 6993
9012 7231
9013 6886
9015 6906
9018 7404
9019 7773
9025 7157
9027 7647
9030 7167
9033 6344
9034 6147
9035 7028
9038 6283
9047 7668
9049 7330
9052 6907
9053 6669
9057 7913
9058 7714
9059 6134
9062 7170
9064 6194
9066 6935
9068 6961
9071 7132
9076 7277
9081 6286
9082 7304
9088 7003
9091 7761
9092 6544
9094 7250
9097 7289
9100 6989
9101 6055
9102 7911
9103 7890
9105 6752
9109 6727
9113 6380
9114 7829
9118 6835
9119 7837
9120 6654
9122 6652
9124 7886
9127 6665
9128 6938
9129 7331
9130 6503
9131 6351
9132 6459
9133 7563
9134 6867
9136 7080
9138 6470
9146 7014
9147 7012
9150 6268
9152 6892
9153 7169
9154 7061
9155 6536
9156 7294
9159 6408
9160 7187
9162 6194
9163 6148
9165 6185
9171 6869
9173 6773
9179 7458
9180 7655
9184 6704
9186 7021
9187 7817
9189 6040
9192 7375
9194 7367
9196 7881
9199 6688
9200 6907
9203 6053
9211 6301
9212 6507
9213 6372
9214 7054
9216 6288
9217 7450
9218 7440
9219 6004
9221 6675
9230 6686
9233 7673
9237 7709
9238 7653
9239 6162
9240 7747
9243 7357
9245 7958
9247 6468
9252 6941
9253 7477
9254 6029
9255 7790
9256 6111
9258 6824
9259 7771
9260 6721
9261 7243
9264 7336
9269 7113
9270 6291
9272 6676
9274 6891
9275 6470
9276 7166
9277 7506
9278 7522
9279 7058
9283 7270
9284 7177
9285 7357
9286 7051
9287 7306
9288 6667
9290 7418
9294 6305
9295 7409
9297 7652
9299 6212
9300 6048
9304 7690
9306 7658
9307 7413
9308 6503
9309 7346
9311 6963
9312 7155
9318 6412
9322 7014
9323 6228
9325 7889
9326 6200
9328 7874
9330 7810
9331 7716
9333 6756
9338 6866
9340 7918
9343 7008
9344 6509
9345 7635
9347 6888
9353 6802
9356 7458
9357 6464
9358 6511
9360 7094
9364 6001
9365 7179
9366 7794
9379 6081
9380 7175
9381 7938
9383 7885
9389 7130
9390 7346
9392 7566
9400 7095
9401 7601
9403 6754
9405 6366
9406 7468
9409 7587
9410 7533
9412 6084
9416 6740
9418 6085
9420 6451
9425 6742
9427 7241
9430 6216
9434 6601
9435 7577
9436 6667
9442 6861
9444 6243
9445 7808
9446 6123
9447 7059
9448 7766
9449 7676
9453 6020
9454 7378
9455 6326
9457 7391
9458 6291
9459 6054
9461 7131
9466 7680
9470 7502
9474 6261
9476 6176
9483 7940
9485 7315
9486 6459
9487 6421
9489 6273
9492 6180
9495 6827
9500 6312
9502 7387
9503 7433
9506 7922
9508 6320
9510 6584
9511 6508
9513 7764
9514 6759
9515 6047
9517 6337
9518 6409
9519 6633
9521 7896
9522 7609
9523 6938
9527 7990
9529 6434
9530 6370
9531 7984
9532 6524
9533 6111
9535 7398
9541 6633
9543 6635
9544 6968
9545 6370
9548 6505
9551 6875
9552 6352
9553 6777
9554 7105
9556 6192
9562 7864
9565 6298
9566 6557
9568 7421
9569 7999
9573 6929
9575 6291
9576 7989
9577 6175
9578 7961
9579 7513
9581 6256
9582 7292
9583 7046
9585 7912
9587 6851
9588 7270
9589 6786
9591 6096
9594 6719
9595 6681
9596 7218
9598 6097
9599 6383
9600 6083
9603 7617
9604 7591
9605 6620
9606 7193
9609 7304
9610 7295
9613 6522
9614 6060
9615 7420
9616 7332
9619 7811
9620 6115
9621 6021
9622 7515
9625 6341
9626 6757
9627 7501
9629 6471
9633 7527
9635 6773
9637 7140
9638 6844
9644 7945
9645 6432
9646 6670
9647 6264
9648 6506
9649 6829
9650 7396
9651 6738
9652 6492
9653 6262
9654 7697
9655 7876
9656 7410
9657 6103
9658 7137
9660 6782
9661 6789
9663 6054
9664 6678
9666 7378
9667 7353
9669 7899
9671 6151
9672 6205
9675 7847
9676 6631
9677 6022
9678 7139
9681 6073
9683 7707
9687 6171
9690 7946
9691 6325
9692 6792
9693 7332
9696 6368
9698 7253
9700 6840
9701 6489
9702 7332
9703 6279
9707 6467
9708 7285
9712 6002
9713 6313
9714 7050
9715 7601
9716 7834
9717 7730
9719 6987
9720 7892
9722 6277
9724 6160
9725 7016
9732 7919
9733 7894
9734 6516
9738 7765
9744 7599
9748 7089
9750 6274
9753 6959
9754 7704
9756 7660
9758 7808
9761 7400
9762 6357
9763 6652
9765 6380
9767 6168
9769 6733
9771 7791
9774 6935
9775 7062
9776 6288
9780 6622
9781 7925
9782 6875
9783 7936
9787 7645
9789 6447
9792 6937
9798 7864
9802 6287
9803 7634
9804 7733
9806 6443
9808 7014
9809 6839
9811 6902
9814 7470
9815 6344
9817 6335
9818 6069
9819 7722
9823 7188
9825 7290
9827 6744
9828 6570
9829 6567
9830 7284
9831 6390
9832 6763
9836 6675
9838 7451
9841 7902
9842 6300
9843 6645
9844 6360
9845 6671
9846 7498
9852 6410
9855 7610
9857 7656
9859 7288
9861 7422
9862 6502
9864 6248
9865 6061
9866 7856
9867 7925
9868 7442
9870 6325
9871 6150
9872 6079
9873 6229
9874 6273
9876 7441
9877 6246
9879 7347
9880 6813
9881 6945
9883 7286
9885 7983
9886 6032
9887 7192
9896 7076
9900 6040
9902 7237
9903 6136
9905 7517
9910 6374
9913 7932
9914 7918
9917 7672
9918 7190
9919 7727
9920 6645
9922 6888
9923 6556
9926 7739
9928 6931
9929 6023
9932 7160
9933 7868
9937 6027
9938 6838
9939 6780
9940 7386
9942 7733
9943 7493
9946 7303
9947 7651
9954 7264
9957 6599
9958 7552
9960 7599
9961 7039
9964 7228
9966 6803
9970 7970
9974 7195
9976 7454
9978 6908
9988 6867
9989 6846
9990 6418
9993 7143
9995 6507
9997 6700
9998 7121
8001 6146
8002 7380
8003 6248
8005 7949
8006 7643
8014 6686
8016 7024
8017 6817
8018 7271
8020 7156
8023 6338
8025 6442
8026 7420
8027 7529
8029 7399
8030 7987
8031 7994
8032 7390
8035 7100
8037 7744
8040 7336
8042 7031
8043 6793
8051 6820
8054 6613
8056 6234
8059 7133
8060 7085
8061 7738
8062 6210
8063 7978
8065 6276
8067 7772
8069 7355
8070 6021
8072 7901
8073 7713
8078 6013
8080 6758
8084 6230
8086 6538
8096 6753
8099 7229
8101 6578
8104 7334
8106 7907
8107 7371
8108 6606
8109 7633
8117 7386
8118 6008
8121 6960
8125 6780
8126 6081
8127 6823
8128 7374
8137 6034
8139 7872
8141 7147
8143 7914
8145 7510
8148 7084
8150 7146
8151 7395
8152 7555
8153 6555
8154 6588
8159 6696
8160 6055
8161 7645
8163 6714
8164 6670
8165 6435
8167 7998
8168 7146
8169 7795
8171 7638
8173 6523
8175 7386
8176 7829
8177 7136
8178 6089
8180 6640
8182 7311
8183 7330
8184 6152
8188 6594
8189 6348
8190 7088
6146 5217
6147 4048
6148 4409
6150 5755
6151 5579
6152 4434
6160 4790
6161 4902
6162 5660
6164 5580
6166 4179
6168 5512
6169 4268
6171 4318
6175 4376
6176 5835
6178 4048
6180 5913
6185 5420
6186 4191
6188 5464
6192 5716
6193 4914
6194 5888
6197 4560
6200 5786
6205 4289
6208 4441
6210 4531
6212 4334
6216 4247
6218 5408
6228 4637
6229 5199
6230 5135
6234 4326
6235 4148
6243 5423
6244 4903
6246 5504
6247 4133
6248 4219
6256 5839
6258 4239
6261 5753
6262 5906
6264 5510
6267 4212
6268 5413
6273 4823
6274 5551
6276 5184
6277 4943
6279 5838
6283 4208
6286 4810
6287 4527
6288 4207
6289 4970
6291 4140
6298 5652
6300 4099
6301 4350
6305 5548
6307 5328
6312 5528
6313 5202
6314 4466
6315 5300
6320 4053
6321 4710
6325 5928
6326 4069
6331 5488
6335 4528
6337 5102
6338 4247
6341 4027
6344 5379
6348 4022
6350 5753
6351 4112
6352 5350
6357 4518
6360 5054
6361 5513
6366 5025
6367 5653
6368 4346
6370 5796
6372 5135
6373 5780
6374 4840
6379 5709
6380 5998
6383 5101
6388 4742
6390 5176
6391 4391
6400 5189
6408 4135
6409 5048
6410 5103
6412 4900
6418 4620
6421 4977
6422 5207
6424 5390
6427 5844
6432 5965
6433 4036
6434 5035
6435 4235
6442 4613
6443 4913
6447 4974
6451 4491
6452 5720
6453 5670
6459 5358
6461 5092
6464 4910
6467 4146
6468 4829
6470 4837
6471 4356
6482 5040
6489 4935
6492 4428
6500 5441
6501 5981
6502 5131
6503 4027
6505 4345
6506 4716
6507 5474
6508 5570
6509 5404
6510 4822
6511 5656
6516 5827
6520 4348
6522 4767
6523 5030
6524 5654
6525 4498
6531 5861
6533 4661
6536 4645
6538 5757
6544 4523
6548 4132
6551 4658
6555 5904
6556 4423
6557 4957
6563 5941
6564 4643
6567 4591
6570 4064
6571 4994
6575 5434
6578 5035
6579 5079
6580 5877
6584 4592
6585 4063
6588 5940
6589 4952
6594 4341
6598 4947
6599 4044
6601 4262
6606 5716
6610 4434
6613 5353
6615 5276
6616 5024
6618 5886
6620 5028
6622 4275
6625 4306
6631 4790
6633 5761
6635 5840
6638 5775
6640 5010
6645 5425
6648 4597
6650 5920
6651 4071
6652 4248
6654 4447
6656 4961
6662 5406
6664 5588
6665 4884
6667 4518
6669 4721
6670 4060
6671 5122
6675 5640
6676 4820
6678 4379
6680 4187
6681 5091
6683 5700
6686 5461
6688 5025
6696 5588
6697 5307
6699 5482
6700 5059
6704 4170
6714 4749
6715 5409
6719 5476
6720 4902
6721 5881
6727 5613
6732 5832
6733 5722
6738 5577
6740 5929
6742 4445
6743 4926
6744 5873
6747 5801
6750 4656
6752 4805
6753 4165
6754 5332
6756 5227
6757 5243
6758 4634
6759 4022
6763 5012
6766 4337
6767 4412
6771 4045
6773 4941
6777 5622
6780 5376
6782 5948
6784 4169
6786 4916
6788 5132
6789 5016
6792 4681
6793 5508
6801 4283
6802 5171
6803 4578
6813 5782
6816 4649
6817 5581
6818 5964
6820 5321
6823 4432
6824 5012
6826 5873
6827 4818
6829 5346
6835 4095
6836 4772
6838 5459
6839 4911
6840 4588
6844 4833
6846 4393
6851 5164
6852 5691
6853 5596
6860 5911
6861 5630
6866 5720
6867 4734
6868 4452
6869 4956
6872 5270
6874 5231
6875 4045
6876 4024
6877 4762
6880 5081
6883 4144
6886 4848
6888 5594
6889 5570
6891 4347
6892 4054
6896 4659
6899 4974
6901 5034
6902 5659
6906 5970
6907 4199
6908 5398
6909 5192
6923 4840
6925 4655
6929 4680
6931 4528
6935 4013
6937 4707
6938 5921
6941 4629
6942 5637
6945 5623
6951 4607
6959 4324
6960 5780
6961 4550
6962 4841
6963 4382
6968 4978
6975 4990
6978 4696
6980 4529
6981 5615
6987 4344
6988 4186
6989 5091
6993 4939
6997 4109
7003 5650
7004 4395
7006 5666
7008 5291
7010 5262
7012 4504
7013 4954
7014 4944
7016 4581
7018 5526
7021 5476
7024 4356
7026 5274
7028 5117
7029 4727
7031 4959
7032 5602
7039 5181
7045 5406
7046 4501
7050 4492
7051 5592
7054 5438
7058 4445
7059 4229
7061 5638
7062 5830
7071 4911
7073 4795
7076 5603
7080 4200
7084 4006
7085 4022
7087 5324
7088 4789
7089 5766
7094 5053
7095 5773
7098 4573
7100 4119
7105 5457
7109 5247
7110 4790
7111 5476
7113 4520
7115 4964
7121 5686
7126 5049
7127 4732
7130 5038
7131 4599
7132 5034
7133 5417
7136 5906
7137 4375
7138 5243
7139 5102
7140 4573
7142 5166
7143 5054
7146 5979
7147 4011
7150 5210
7155 4345
7156 4382
7157 4058
7160 5630
7166 4503
7167 4146
7169 4678
7170 4007
7175 4222
7176 4228
7177 5191
7179 4977
7185 4200
7187 5294
7188 4794
7189 4413
7190 5136
7192 4274
7193 4910
7195 4896
7196 4662
7207 4481
7210 5199
7214 4871
7218 5899
7223 5130
7228 4540
7229 4752
7230 5962
7231 4391
7232 5827
7233 4552
7237 5394
7238 4131
7240 4743
7241 5756
7243 4412
7246 5541
7247 5028
7250 4101
7253 5749
7259 5386
7261 4323
7262 4626
7264 4920
7265 5420
7268 5312
7270 4998
7271 5448
7277 5141
7280 5264
7282 4883
7283 4010
7284 5911
7285 5620
7286 5852
7287 4206
7288 5017
7289 4982
7290 5001
7292 5505
7294 4118
7295 5468
7301 5783
7303 4304
7304 5940
7306 5853
7308 4555
7311 4721
7315 5225
7321 4280
7327 5499
7330 5166
7331 5170
7332 5671
7334 5501
7336 5244
7342 4802
7346 5179
7347 4622
7349 5349
7351 5416
7353 4611
7355 4828
7356 4228
7357 4708
7362 4552
7367 5243
7371 4296
7372 4818
7374 5235
7375 5657
7377 5079
7378 4327
7379 5599
7380 5736
7384 4489
7386 4409
7387 4468
7388 4426
7390 4856
7391 5173
7395 4652
7396 5131
7398 5509
7399 5309
7400 4531
7404 4102
7406 4401
7409 5682
7410 4623
7411 5594
7413 5235
7418 5185
7420 4084
7421 5219
7422 4529
7427 5718
7429 4301
7433 4697
7440 4440
7441 5980
7442 5801
7447 5089
7450 5841
7451 5934
7454 4898
7456 5450
7457 5888
7458 5797
7459 4233
7464 5392
7468 4874
7469 4353
7470 5102
7471 4397
7477 4380
7480 4709
7481 5700
7490 5111
7493 4304
7495 5713
7496 5323
7498 5232
7499 4188
7501 4528
7502 4968
7506 5629
7510 5659
7513 4293
7514 4581
7515 4345
7517 4714
7522 4045
7524 5028
7527 5616
7529 4453
7530 4282
7533 5906
7536 4131
7537 4157
7542 4468
7547 4925
7552 5883
7555 4516
7559 5499
7560 4481
7563 5962
7566 5376
7567 4886
7572 5684
7573 4541
7577 4742
7582 5713
7585 5579
7587 5325
7591 4089
7592 5220
7594 5987
7599 5679
7600 4159
7601 4363
7609 5501
7610 5236
7611 4468
7614 4755
7617 5536
7619 4042
7624 4319
7630 5799
7633 5237
7634 5873
7635 5038
7638 5678
7640 5237
7641 5661
7643 4277
7645 5888
7647 4635
7651 4709
7652 4287
7653 4173
7654 5245
7655 5610
7656 5020
7658 4391
7660 4624
7668 5540
7670 5545
7672 5322
7673 5089
7676 4716
7678 5369
7680 5080
7689 5722
7690 5862
7693 5718
7697 4151
7703 4426
7704 5697
7707 4411
7709 5218
7710 4117
7713 5555
7714 5980
7716 4490
7719 5508
7720 5162
7722 4714
7723 5175
7724 5821
7727 5356
7730 4896
7731 5725
7733 4323
7735 4768
7738 4936
7739 5785
7744 4046
7745 4307
7746 4237
7747 4371
7749 5146
7750 5631
7754 5433
7756 4418
7758 4348
7761 5656
7763 5863
7764 4755
7765 4568
7766 4109
7771 4666
7772 5875
7773 5224
7781 5736
7790 4878
7791 4587
7794 4934
7795 5133
7797 4206
7799 5041
7802 4938
7808 5151
7810 4545
7811 5964
7817 4294
7824 5273
7827 4463
7829 4467
7834 5684
7837 5679
7838 4252
7844 5266
7847 4103
7851 4157
7853 5132
7856 4225
7864 5741
7867 4399
7868 4072
7872 4528
7874 5590
7875 5306
7876 4594
7878 5511
7881 4383
7885 5776
7886 5152
7889 5898
7890 5838
7892 4007
7894 5990
7896 5978
7899 4356
7901 5551
7902 4959
7907 5494
7909 5631
7911 5555
7912 4023
7913 4749
7914 4336
7915 4305
7918 4034
7919 5635
7922 5864
7925 4943
7931 5938
7932 5191
7935 5657
7936 4775
7938 5526
7939 5989
7940 4004
7941 4767
7945 5717
7946 4560
7949 5472
7954 4664
7956 4351
7957 4183
7958 5697
7960 4289
7961 5404
7970 4702
7971 4964
7976 4220
7978 4482
7980 5683
7983 5189
7984 5651
7987 4495
7988 4079
7989 5930
7990 4590
7991 4670
7994 4787
7998 5239
7999 4810
6000 5818
6001 5265
6002 5241
6004 4003
6008 5348
6013 4535
6019 4634
6020 4329
6021 4151
6022 4623
6023 5668
6027 4754
6029 4961
6032 4032
6034 5328
6040 5787
6041 5836
6047 4901
6048 5127
6053 4780
6054 5165
6055 4800
6060 4385
6061 4566
6064 4929
6069 4073
6073 5391
6079 5309
6081 5065
6082 4812
6083 5168
6084 4285
6085 4350
6089 4474
6090 5102
6096 4306
6097 5135
6103 5019
6111 5196
6114 4157
6115 4799
6118 5278
6121 4012
6123 4133
6127 5967
6128 5616
6134 5421
6136 4113
6141 5411
4099 3321
4101 3121
4102 2687
4103 2824
4109 3229
4112 3794
4113 3659
4117 2599
4118 2149
4119 2760
4131 2528
4132 2820
4133 3044
4135 3864
4140 2140
4144 3274
4146 3484
4148 3619
4151 3075
4157 2070
4159 2066
4165 3641
4169 3877
4170 3967
4173 3111
4179 2711
4183 2351
4186 3553
4187 3338
4188 2889
4191 3020
4199 3634
4200 2283
4206 2116
4207 2199
4208 3820
4212 3090
4219 2210
4220 2422
4222 3878
4225 2523
4228 3674
4229 2828
4233 3408
4235 3624
4237 3147
4239 3287
4247 3941
4248 2960
4252 2006
4262 3274
4268 3017
4274 3387
4275 2975
4277 3224
4280 3324
4282 3794
4283 2651
4285 2092
4287 3307
4289 2446
4293 3815
4294 3486
4296 2707
4301 3336
4304 3751
4305 2170
4306 2850
4307 2847
4318 3079
4319 2152
4323 3722
4324 3585
4326 3174
4327 3883
4329 3387
4334 2450
4336 3721
4337 3899
4341 2221
4344 3417
4345 2334
4346 2904
4347 3532
4348 2466
4350 3606
4351 2500
4353 3960
4356 3050
4363 2386
4371 2481
4375 3262
4376 2636
4379 3682
4380 2278
4382 2390
4383 3754
4385 2030
4391 2823
4393 2693
4395 2670
4397 2314
4399 2634
4401 2173
4409 3822
4411 3192
4412 2103
4413 3714
4418 3985
4423 2472
4426 3121
4428 3502
4432 3329
4434 3256
4440 2036
4441 3103
4445 3063
4447 3598
4452 3677
4453 2708
4463 2595
4466 2207
4467 2884
4468 2676
4474 3734
4481 2921
4482 3895
4489 3760
4490 3762
4491 2742
4492 2860
4495 3812
4498 2494
4501 3449
4503 2332
4504 3196
4516 2061
4518 3801
4520 2396
4523 2840
4527 2958
4528 3840
4529 2859
4531 2257
4535 3285
4540 2577
4541 2878
4545 3224
4550 3917
4552 2805
4555 2747
4560 2567
4566 3600
4568 2474
4573 2899
4578 2392
4581 3822
4587 2174
4588 3507
4590 2973
4591 3173
4592 3138
4594 3719
4597 3867
4599 2558
4607 3822
4611 2674
4613 3415
4620 3620
4622 3544
4623 2614
4624 2423
4626 2808
4629 2035
4634 2766
4635 3040
4637 2106
4643 2255
4645 2517
4649 2354
4652 2445
4655 2870
4656 3933
4658 3256
4659 3898
4661 3286
4662 2037
4664 3183
4666 3782
4670 2622
4678 3029
4680 2129
4681 2011
4696 3375
4697 2802
4702 2966
4707 3420
4708 3573
4709 3161
4710 3867
4714 3245
4716 3027
4721 2937
4727 2474
4732 3273
4734 3440
4742 2947
4743 2843
4749 3438
4752 2854
4754 2654
4755 2200
4762 2661
4767 2462
4768 3192
4772 2714
4775 2523
4780 3799
4787 3623
4789 2618
4790 2230
4794 2458
4795 2686
4799 3883
4800 3104
4802 3456
4805 3554
4810 3240
4812 3848
4818 3341
4820 3886
4822 3847
4823 2007
4828 3120
4829 3400
4833 3115
4837 2343
4840 2367
4841 2177
4848 3254
4856 2684
4871 3557
4874 3667
4878 3631
4883 2114
4884 2251
4886 3749
4896 3631
4898 2887
4900 2226
4901 3361
4902 3674
4903 3453
4910 2333
4911 2278
4913 2776
4914 2643
4916 3994
4920 3104
4925 2520
4926 3661
4929 2710
4934 3663
4935 2275
4936 2831
4938 2434
4939 2994
4941 2523
4943 2045
4944 3357
4947 3900
4952 2137
4954 3845
4956 3675
4957 3200
4959 2617
4961 2126
4964 3776
4968 3366
4970 2194
4974 2193
4977 2371
4978 3650
4982 2323
4990 3640
4994 3937
4998 2161
5001 3341
5010 2235
5012 3560
5016 2727
5017 2851
5019 3239
5020 2540
5024 3824
5025 3572
5028 3222
5030 3603
5034 3235
5035 2372
5038 3110
5040 3666
5041 2375
5048 3251
5049 3387
5053 2326
5054 3350
5059 3001
5065 3635
5079 3368
5080 3109
5081 2147
5089 2673
5091 3437
5092 2612
5101 2217
5102 2608
5103 3737
5111 2352
5117 2796
5122 2895
5127 3181
5130 2308
5131 2669
5132 3905
5133 2818
5135 3312
5136 3196
5141 3863
5146 3853
5151 2158
5152 2643
5162 2477
5164 3903
5165 3980
5166 2602
5168 2809
5170 2483
5171 3404
5173 2140
5175 2108
5176 2037
5179 2917
5181 3940
5184 3365
5185 3984
5189 3366
5191 2666
5192 3826
5196 2220
5199 2015
5202 3274
5207 3300
5210 2849
5217 3869
5218 2138
5219 3802
5220 3920
5224 3070
5225 3967
5227 2375
5231 3885
5232 2540
5235 2016
5236 3052
5237 2136
5239 3525
5241 2201
5243 3586
5244 3483
5245 2601
5247 2073
5262 2532
5264 2238
5265 2997
5266 3297
5270 3488
5273 3002
5274 3256
5276 3751
5278 2230
5291 2914
5294 3985
5300 2892
5306 2898
5307 3375
5309 2766
5312 2554
5321 3481
5322 3828
5323 3024
5324 2371
5325 3697
5328 2930
5332 3838
5346 2846
5348 2219
5349 3195
5350 2321
5353 2405
5356 2996
5358 2481
5369 3354
5376 2060
5379 3506
5386 2387
5390 2878
5391 2193
5392 3241
5394 2702
5398 2034
5404 2463
5406 2130
5408 3421
5409 2809
5411 2842
5413 2354
5416 3278
5417 3999
5420 2207
5421 3129
5423 2774
5425 3132
5433 2250
5434 2979
5438 2823
5441 3072
5448 3039
5450 2977
5457 3417
5459 2637
5461 2335
5464 3339
5468 2606
5472 2932
5474 3522
5476 2545
5482 2519
5488 2749
5494 2905
5499 3148
5501 3816
5504 2413
5505 3488
5508 3029
5509 2782
5510 3810
5511 2595
5512 2565
5513 3463
5526 3581
5528 2139
5536 2056
5540 3916
5541 2248
5545 2836
5548 2415
5551 2592
5555 2906
5570 2301
5577 3981
5579 3034
5580 3582
5581 2077
5588 3834
5590 3002
5592 3416
5594 3032
5596 3344
5599 3754
5602 2409
5603 3276
5610 2042
5613 3235
5615 3257
5616 2310
5620 2318
5622 3014
5623 3983
5629 2694
5630 2069
5631 3547
5635 3865
5637 2021
5638 3346
5640 3978
5650 3883
5651 2475
5652 2664
5653 2421
5654 2955
5656 3424
5657 2226
5659 3065
5660 3119
5661 3295
5666 3924
5668 3999
5670 2489
5671 3814
5678 3386
5679 2143
5682 3025
5683 3266
5684 2588
5686 2985
5691 2715
5697 3312
5700 2112
5709 2987
5713 3317
5716 2498
5717 3699
5718 3115
5720 3363
5722 2850
5725 2310
5736 2292
5741 2882
5749 3265
5753 2825
5755 3260
5756 2344
5757 2011
5761 3693
5766 3927
5773 3742
5775 3376
5776 3509
5780 3066
5782 2878
5783 2106
5785 3112
5786 3374
5787 2142
5796 2747
5797 2340
5799 2651
5801 3851
5818 2472
5821 2638
5827 2534
5830 2539
5832 2103
5835 3622
5836 2264
5838 2008
5839 3145
5840 3963
5841 3219
5844 2202
5852 3223
5853 2212
5861 3634
5862 3320
5863 2917
5864 3259
5873 2268
5875 2046
5877 3364
5881 2168
5883 2645
5886 2401
5888 2016
5898 2106
5899 3302
5904 2905
5906 2945
5911 3689
5913 3516
5920 2123
5921 2094
5928 2069
5929 3772
5930 3705
5934 3885
5938 3136
5940 2726
5941 2566
5948 2464
5962 2612
5964 3419
5965 3992
5967 3510
5970 3614
5978 2875
5979 2436
5980 3914
5981 3758
5987 2179
5989 2470
5990 2427
5998 3580
4003 2760
4004 3716
4006 2846
4007 3832
4010 2443
4011 2942
4012 2719
4013 3709
4022 2295
4023 2459
4024 2222
4027 3157
4032 2843
4034 2593
4036 2275
4042 2694
4044 2768
4045 2831
4046 2708
4048 2399
4053 3346
4054 3116
4058 2898
4060 3452
4063 3997
4064 2801
4069 2459
4071 3963
4072 2573
4073 3533
4079 2953
4084 3151
4089 2071
4095 2583
2056 910
2060 1885
2061 1848
2066 1217
2069 1250
2070 1982
2071 1994
2073 1522
2077 1057
2092 1372
2094 1610
2103 489
2106 1822
2108 21
2112 207
2114 622
2116 669
2123 1235
2126 709
2129 834
2130 1765
2136 239
2137 1998
2138 931
2139 500
2140 873
2142 939
2143 744
2147 3
2149 1543
2152 1426
2158 1782
2161 301
2168 1981
2170 1055
2173 800
2174 1239
2177 1183
2179 92
2193 1573
2194 665
2199 1040
2200 987
2201 150
2202 30
2207 1763
2210 423
2212 1122
2217 687
2219 1863
2220 329
2221 1192
2222 635
2226 1405
2230 1613
2235 816
2238 1729
2248 82
2250 1864
2251 1998
2255 1910
2257 758
2264 1314
2268 1878
2275 214
2278 1488
2283 1161
2292 64
2295 624
2301 1906
2308 1144
2310 1638
2314 1442
2318 1200
2321 1018
2323 1150
2326 1446
2332 1053
2333 674
2334 1479
2335 633
2340 1674
2343 1755
2344 1257
2351 1385
2352 229
2354 1309
2367 1727
2371 1815
2372 836
2375 945
2386 1517
2387 1548
2390 1907
2392 1628
2396 804
2399 288
2401 1168
2405 487
2409 1577
2413 1015
2415 1652
2421 1889
2422 161
2423 1699
2427 1122
2434 612
2436 1311
2443 1414
2445 164
2446 1085
2450 1927
2458 1185
2459 1034
2462 1460
2463 382
2464 423
2466 281
2470 202
2472 866
2474 1391
2475 204
2477 1575
2481 1621
2483 1526
2489 92
2494 1415
2498 908
2500 748
2517 858
2519 1269
2520 1715
2523 87
2528 1084
2532 763
2534 930
2539 1796
2540 858
2545 1035
2554 936
2558 425
2565 426
2566 476
2567 50
2573 612
2577 148
2583 1786
2588 1852
2592 1431
2593 158
2595 12
2599 1490
2601 149
2602 1411
2606 928
2608 1671
2612 258
2614 902
2617 1243
2618 459
2622 1941
2634 107
2636 720
2637 83
2638 434
2643 1052
2645 521
2651 598
2654 1420
2661 169
2664 547
2666 782
2669 1503
2670 1768
2673 1396
2674 1123
2676 1490
2684 1632
2686 1475
2687 30
2693 1887
2694 1786
2702 354
2707 1783
2708 1247
2710 1547
2711 183
2714 664
2715 1641
2719 370
2726 1563
2727 119
2742 288
2747 904
2749 1064
2760 159
2766 1139
2768 1795
2774 298
2776 1932
2782 1625
2796 1387
2801 1326
2802 1445
2805 1607
2808 1519
2809 100
2818 1925
2820 1766
2823 159
2824 1488
2825 1206
2828 1199
2831 1982
2836 154
2840 1143
2842 105
2843 1051
2846 922
2847 1308
2849 1136
2850 663
2851 1794
2854 418
2859 485
2860 1215
2870 1687
2875 1824
2878 40
2882 390
2884 373
2887 504
2889 539
2892 786
2895 463
2898 28
2899 952
2904 1444
2905 636
2906 315
2914 317
2917 1806
2921 340
2930 433
2932 1719
2937 1271
2942 1384
2945 476
2947 557
2953 279
2955 1061
2958 389
2960 20
2966 1319
2973 1955
2975 1705
2977 1883
2979 910
2985 375
2987 817
2994 326
2996 1626
2997 903
3001 1475
3002 628
3014 1615
3017 1950
3020 1163
3024 560
3025 1957
3027 1031
3029 850
3032 262
3034 1323
3039 1669
3040 1916
3044 907
3050 1659
3052 577
3063 1108
3065 1221
3066 992
3070 1255
3072 218
3075 518
3079 1162
3090 75
3103 1183
3104 263
3109 370
3110 821
3111 859
3112 1171
3115 96
3116 113
3119 1196
3120 685
3121 1794
3129 1299
3132 1812
3136 1786
3138 231
3145 1887
3147 1733
3148 429
3151 150
3157 481
3161 640
3173 409
3174 1189
3181 1306
3183 1226
3192 1667
3195 317
3196 1319
3200 104
3219 1513
3222 547
3223 1242
3224 832
3229 1756
3235 1125
3239 1588
3240 1299
3241 1853
3245 1639
3251 1341
3254 1113
3256 1076
3257 1037
3259 343
3260 945
3262 1810
3265 934
3266 1032
3273 165
3274 787
3276 1957
3278 311
3285 1024
3286 692
3287 620
3295 422
3297 879
3300 344
3302 786
3307 204
3312 370
3317 540
3320 1239
3321 1460
3324 1164
3329 1658
3336 1619
3338 478
3339 1566
3341 448
3344 1254
3346 1460
3350 1658
3354 730
3357 1952
3361 1484
3363 76
3364 1550
3365 127
3366 686
3368 1893
3374 19
3375 59
3376 1450
3386 1606
3387 919
3400 1211
3404 135
3408 274
3415 1779
3416 1166
3417 993
3419 522
3420 1607
3421 497
3424 622
3437 1610
3438 873
3440 1300
3449 463
3452 1564
3453 1938
3456 804
3463 1497
3481 201
3483 1640
3484 1138
3486 409
3488 1564
3502 529
3506 1006
3507 521
3509 756
3510 988
3516 847
3522 1507
3525 1834
3532 224
3533 1227
3544 892
3547 879
3553 1836
3554 414
3557 1039
3560 1389
3572 1349
3573 775
3580 802
3581 1809
3582 1010
3585 411
3586 443
3598 1589
3600 1058
3603 560
3606 1280
3614 536
3619 1219
3620 1019
3622 609
3623 1252
3624 1773
3631 1344
3634 192
3635 580
3640 1639
3641 1392
3650 1108
3659 777
3661 571
3663 1878
3666 1628
3667 1266
3674 430
3675 707
3677 857
3682 608
3689 1442
3693 859
3697 1280
3699 1630
3705 575
3709 1902
3714 589
3716 1428
3719 1784
3721 1431
3722 957
3734 736
3737 1301
3742 1221
3749 255
3751 999
3754 333
3758 1570
3760 935
3762 1176
3772 257
3776 1895
3782 342
3794 144
3799 1398
3801 378
3802 266
3810 1776
3812 1022
3814 19
3815 1589
3816 1770
3820 1424
3822 587
3824 1705
3826 81
3828 1975
3832 349
3834 67
3838 605
3840 696
3845 120
3847 781
3848 1607
3851 455
3853 458
3863 1398
3864 1310
3865 777
3867 1009
3869 1711
3877 477
3878 293
3883 1639
3885 1859
3886 1979
3895 887
3898 1522
3899 950
3900 223
3903 657
3905 719
3914 1326
3916 1890
3917 1816
3920 434
3924 1362
3927 167
3933 143
3937 1426
3940 147
3941 686
3960 1434
3963 1487
3967 1030
3978 661
3980 96
3981 397
3983 1048
3984 1657
3985 866
3992 1812
3994 1813
3997 1643
3999 1526
2006 1328
2007 1310
2008 1378
2011 309
2015 1496
2016 1784
2021 1760
2030 1125
2034 587
2035 1604
2036 1868
2037 1012
2042 1490
2045 7
2046 516
