12000 11625
12001 11020
12002 10098
12003 11654
12004 11936
12005 11760
12006 11191
12007 11485
12008 10119
12009 11658
12010 10280
12011 11719
12012 11335
12013 11794
12014 11316
12015 10218
12016 10385
12017 11045
12018 11742
12019 10744
12020 10436
12021 10674
12022 11800
12023 11994
12024 10263
12025 11026
12026 11592
12027 11009
12028 10514
12029 10922
12030 10819
12031 10991
12032 11461
12033 11492
12034 11939
12035 11758
12036 11252
12037 11414
12038 10864
12039 11348
12040 11587
12041 11855
12042 10501
12043 10727
12044 11071
12045 10985
12046 11843
12047 11051
12048 11552
12049 11954
12050 11466
12051 10465
12052 10963
12053 10311
12054 11241
12055 10874
12056 11764
12057 11155
12058 10844
12059 11359
12060 11535
12061 11776
12062 11369
12063 11611
12064 11119
12065 11045
12066 10677
12067 10680
12068 10689
12069 11457
12070 10828
12071 11737
12072 10061
12073 10985
12074 10205
12075 11821
12076 11314
12077 10015
12078 11872
12079 10709
12080 11985
12081 11429
12082 10754
12083 10759
12084 10649
12085 11837
12086 11600
12087 10671
12088 10454
12089 10747
12090 10676
12091 10244
12092 11733
12093 11520
12094 11937
12095 11981
12096 11502
12097 10492
12098 11830
12099 10316
12100 11477
12101 11224
12102 10232
12103 11912
12104 10525
12105 11393
12106 10033
12107 11668
12108 10140
12109 11672
12110 11792
12111 10081
12112 11065
12113 10644
12114 10991
12115 10878
12116 11740
12117 11740
12118 11725
12119 11117
12120 11963
12121 11515
12122 10533
12123 10465
12124 10094
12125 11128
12126 10550
12127 10125
12128 10845
12129 10201
12130 11474
12131 10020
12132 10027
12133 10736
12134 11479
12135 11497
12136 10514
12137 11913
12138 10057
12139 11545
12140 10292
12141 10924
12142 10199
12143 11883
12144 11635
12145 10918
12146 11671
12147 11549
12148 11921
12149 10918
12150 11841
12151 10422
12152 11687
12153 11563
12154 10021
12155 11570
12156 10335
12157 10190
12158 11917
12159 11563
12160 11146
12161 10222
12162 10138
12163 11835
12164 10130
12165 10652
12166 10950
12167 10824
12168 11281
12169 10550
12170 10828
12171 11960
12172 10775
12173 10435
12174 10318
12175 10200
12176 11956
12177 10489
12178 11697
12179 11255
12180 11762
12181 10108
12182 10156
12183 10970
12184 10002
12185 10263
12186 11364
12187 11745
12188 10591
12189 11262
12190 10343
12191 11369
12192 10206
12193 11260
12194 11494
12195 11573
12196 11137
12197 10321
12198 10286
12199 11304
12200 10951
12201 11284
12202 11751
12203 11305
12204 10138
12205 11229
12206 10752
12207 10220
12208 11790
12209 11178
12210 10505
12211 10355
12212 10271
12213 10967
12214 10788
12215 11605
12216 11575
12217 10740
12218 10385
12219 11228
12220 11365
12221 11812
12222 10117
12223 10375
12224 11870
12225 11093
12226 10113
12227 10255
12228 10149
12229 11343
12230 11317
12231 10386
12232 11302
12233 10900
12234 11024
12235 11762
12236 10623
12237 10227
12238 11422
12239 11696
12240 10160
12241 10954
12242 10115
12243 11337
12244 11203
12245 11416
12246 10913
12247 10398
12248 11907
12249 10034
12250 10747
12251 11901
12252 11107
12253 11634
12254 10155
12255 11705
12256 10569
12257 11360
12258 10568
12259 11178
12260 10549
12261 11031
12262 11068
12263 10791
12264 11964
12265 10322
12266 11328
12267 11775
12268 11511
12269 10104
12270 10218
12271 10373
12272 11900
12273 10797
12274 11548
12275 10767
12276 11724
12277 10318
12278 11936
12279 10999
12280 11513
12281 10178
12282 10930
12283 10466
12284 10891
12285 11141
12286 10988
12287 11794
12288 10818
12289 10136
12290 11982
12291 10700
12292 10057
12293 10417
12294 10629
12295 11066
12296 10583
12297 11435
12298 11082
12299 11341
12300 10205
12301 11886
12302 11042
12303 11486
12304 11497
12305 11891
12306 10079
12307 11086
12308 10479
12309 10579
12310 10805
12311 10915
12312 11646
12313 10321
12314 10088
12315 10771
12316 10046
12317 11061
12318 11745
12319 11072
12320 10470
12321 11603
12322 10740
12323 10888
12324 11427
12325 11262
12326 10004
12327 10123
12328 10408
12329 11685
12330 10821
12331 10493
12332 10052
12333 10149
12334 11348
12335 11714
12336 11678
12337 11075
12338 10629
12339 11921
12340 10350
12341 10293
12342 10132
12343 10445
12344 11143
12345 11965
12346 10712
12347 10085
12348 11364
12349 10740
12350 10974
12351 11167
12352 10751
12353 11400
12354 10630
12355 10647
12356 10674
12357 10122
12358 10042
12359 10074
12360 11910
12361 11518
12362 10788
12363 11086
12364 11689
12365 11767
12366 11122
12367 10622
12368 11677
12369 11538
12370 11672
12371 10877
12372 10595
12373 10445
12374 10176
12375 11757
12376 10780
12377 10222
12378 10150
12379 10553
12380 11552
12381 11724
12382 11898
12383 11156
12384 11015
12385 10017
12386 10492
12387 11932
12388 10057
12389 11720
12390 11122
12391 10765
12392 11569
12393 11011
12394 11313
12395 10628
12396 11080
12397 11146
12398 10349
12399 11211
12400 10170
12401 10293
12402 10487
12403 11709
12404 10739
12405 10028
12406 10607
12407 10984
12408 11208
12409 10727
12410 11796
12411 10597
12412 10900
12413 11780
12414 10331
12415 10222
12416 11174
12417 11056
12418 11884
12419 11862
12420 10949
12421 11223
12422 10388
12423 11430
12424 10825
12425 10056
12426 10540
12427 11835
12428 10409
12429 10892
12430 10946
12431 10763
12432 10392
12433 11087
12434 11666
12435 11529
12436 10686
12437 10004
12438 10731
12439 11987
12440 10816
12441 11090
12442 10780
12443 10653
12444 11584
12445 10096
12446 10858
12447 11750
12448 10595
12449 10082
12450 11391
12451 10646
12452 11004
12453 10469
12454 11535
12455 11942
12456 11587
12457 10417
12458 10836
12459 11873
12460 10528
12461 11670
12462 11092
12463 10112
12464 11022
12465 11427
12466 11449
12467 11370
12468 10026
12469 10038
12470 11200
12471 10917
12472 10382
12473 11297
12474 11695
12475 10809
12476 10127
12477 11651
12478 11436
12479 11900
12480 11625
12481 10860
12482 10075
12483 10209
12484 10368
12485 11302
12486 11850
12487 11784
12488 11825
12489 10909
12490 11734
12491 10058
12492 11768
12493 11482
12494 10212
12495 10498
12496 10560
12497 10423
12498 11997
12499 10056
12500 10436
12501 10324
12502 10583
12503 10868
12504 11530
12505 10141
12506 11668
12507 11832
12508 11486
12509 10652
12510 11993
12511 11241
12512 10694
12513 11222
12514 11331
12515 11424
12516 10904
12517 11310
12518 10115
12519 10614
12520 10635
12521 10611
12522 11083
12523 11124
12524 11160
12525 11504
12526 11717
12527 11153
12528 11809
12529 11862
12530 10373
12531 10272
12532 11252
12533 11407
12534 11460
12535 11180
12536 10777
12537 10361
12538 11565
12539 10293
12540 10166
12541 10307
12542 10508
12543 10703
12544 10066
12545 11971
12546 10137
12547 11927
12548 10125
12549 11019
12550 11059
12551 11490
12552 10289
12553 11120
12554 10842
12555 10489
12556 10231
12557 11191
12558 10095
12559 10935
12560 10819
12561 10011
12562 11357
12563 10634
12564 10279
12565 11050
12566 11664
12567 11447
12568 10833
12569 10377
12570 11828
12571 10863
12572 10074
12573 11065
12574 10103
12575 11460
12576 11369
12577 11902
12578 11040
12579 11734
12580 11192
12581 11282
12582 10010
12583 10816
12584 10701
12585 11832
12586 11652
12587 10641
12588 11637
12589 11908
12590 10354
12591 10011
12592 10764
12593 11193
12594 10617
12595 10866
12596 11819
12597 11781
12598 11353
12599 10085
12600 10382
12601 10005
12602 10884
12603 11415
12604 11906
12605 11741
12606 10591
12607 10820
12608 11292
12609 11490
12610 10155
12611 10377
12612 10316
12613 11137
12614 10984
12615 11072
12616 11044
12617 10018
12618 11903
12619 10635
12620 10846
12621 11647
12622 11706
12623 10192
12624 11060
12625 10674
12626 10524
12627 11491
12628 11741
12629 10173
12630 10674
12631 10974
12632 10056
12633 10924
12634 11066
12635 10418
12636 11188
12637 11373
12638 10305
12639 11749
12640 11416
12641 10103
12642 11641
12643 11281
12644 10406
12645 11149
12646 10624
12647 11870
12648 11144
12649 10503
12650 10777
12651 10326
12652 10700
12653 11705
12654 10379
12655 10948
12656 11780
12657 11510
12658 11385
12659 11632
12660 10796
12661 10965
12662 11870
12663 10835
12664 10882
12665 11005
12666 10719
12667 10589
12668 10466
12669 11512
12670 10127
12671 10626
12672 10219
12673 10827
12674 11391
12675 10676
12676 11889
12677 10220
12678 11459
12679 10670
12680 10833
12681 10915
12682 10150
12683 11804
12684 10628
12685 10066
12686 10139
12687 10731
12688 11504
12689 11676
12690 10324
12691 11435
12692 10757
12693 10509
12694 11227
12695 10136
12696 11941
12697 11985
12698 11816
12699 11521
12700 10979
12701 10198
12702 10657
12703 10315
12704 10411
12705 11995
12706 11346
12707 11633
12708 10172
12709 10504
12710 11989
12711 10324
12712 10935
12713 11947
12714 11388
12715 11742
12716 11642
12717 11636
12718 10831
12719 10343
12720 10421
12721 11017
12722 10955
12723 11101
12724 10915
12725 10148
12726 11864
12727 11982
12728 10205
12729 11443
12730 10933
12731 10480
12732 10388
12733 11409
12734 10569
12735 10823
12736 11050
12737 10431
12738 11435
12739 10284
12740 11806
12741 11083
12742 11692
12743 10611
12744 11856
12745 11238
12746 10589
12747 11014
12748 11810
12749 11594
12750 11523
12751 11136
12752 11657
12753 11362
12754 11075
12755 11519
12756 10857
12757 10006
12758 11174
12759 11713
12760 11738
12761 10388
12762 10575
12763 10321
12764 10019
12765 10259
12766 11733
12767 11469
12768 11297
12769 11938
12770 11479
12771 11242
12772 10298
12773 11050
12774 10341
12775 10787
12776 10071
12777 11990
12778 11991
12779 10999
12780 11950
12781 11608
12782 10729
12783 11968
12784 10715
12785 10921
12786 11926
12787 11599
12788 11347
12789 10095
12790 10598
12791 10481
12792 10450
12793 10987
12794 11562
12795 11627
12796 11607
12797 10555
12798 10025
12799 11733
12800 11488
12801 10628
12802 11041
12803 11425
12804 10951
12805 10619
12806 11956
12807 11358
12808 11329
12809 11921
12810 11162
12811 10500
12812 10450
12813 11472
12814 11521
12815 10741
12816 10233
12817 11338
12818 11180
12819 11315
12820 11707
12821 11046
12822 11341
12823 10284
12824 10161
12825 11943
12826 10021
12827 10747
12828 10139
12829 10719
12830 11918
12831 10111
12832 11375
12833 11793
12834 11220
12835 11984
12836 11492
12837 10284
12838 10629
12839 10807
12840 11602
12841 10584
12842 11360
12843 11705
12844 11794
12845 10654
12846 11133
12847 10559
12848 10273
12849 11307
12850 11025
12851 10701
12852 11516
12853 11927
12854 11531
12855 10759
12856 11878
12857 11774
12858 11406
12859 11457
12860 11199
12861 11697
12862 10769
12863 11817
12864 10837
12865 11933
12866 11501
12867 11258
12868 11586
12869 10853
12870 10760
12871 10047
12872 11991
12873 11692
12874 10240
12875 11640
12876 10712
12877 10868
12878 10841
12879 11035
12880 10232
12881 10058
12882 11027
12883 11860
12884 10942
12885 10993
12886 10774
12887 11596
12888 10114
12889 11148
12890 10379
12891 11912
12892 11755
12893 11671
12894 11631
12895 11017
12896 10794
12897 10491
12898 10217
12899 10607
12900 11498
12901 11026
12902 11983
12903 10249
12904 10333
12905 11068
12906 11125
12907 11819
12908 10325
12909 10376
12910 10793
12911 10823
12912 10067
12913 11858
12914 10933
12915 11493
12916 10708
12917 11646
12918 10914
12919 11916
12920 11851
12921 11847
12922 10133
12923 10017
12924 10775
12925 11815
12926 11660
12927 11941
12928 10886
12929 10422
12930 10306
12931 11144
12932 11936
12933 11524
12934 10895
12935 11721
12936 11477
12937 10113
12938 10145
12939 10021
12940 10256
12941 11229
12942 10160
12943 11441
12944 11367
12945 10687
12946 11466
12947 10774
12948 10838
12949 11731
12950 11494
12951 10327
12952 10790
12953 10839
12954 11092
12955 11051
12956 11628
12957 11278
12958 11609
12959 10965
12960 11617
12961 10063
12962 10450
12963 10389
12964 11127
12965 10564
12966 11184
12967 10395
12968 10924
12969 11529
12970 11200
12971 11212
12972 11972
12973 10418
12974 11617
12975 11067
12976 11220
12977 10983
12978 10313
12979 11046
12980 11755
12981 11353
12982 10169
12983 10848
12984 11098
12985 10672
12986 10329
12987 10060
12988 11674
12989 10598
12990 11530
12991 11243
12992 10844
12993 10416
12994 11294
12995 10417
12996 10053
12997 11771
12998 10042
12999 10063
13000 11662
13001 10391
13002 11146
13003 10754
13004 11988
13005 10839
13006 11287
13007 11371
13008 11591
13009 11751
13010 10543
13011 10653
13012 10964
13013 11919
13014 11752
13015 10219
13016 10359
13017 11945
13018 11704
13019 11732
13020 11396
13021 11201
13022 10322
13023 10486
13024 10369
13025 11051
13026 11314
13027 11589
13028 10480
13029 11995
13030 10778
13031 11128
13032 11558
13033 11491
13034 11176
13035 11764
13036 10499
13037 10900
13038 10803
13039 11145
13040 10235
13041 11505
13042 10281
13043 11010
13044 10778
13045 10372
13046 11907
13047 11334
13048 11840
13049 11183
13050 11308
13051 10264
13052 11699
13053 11624
13054 11808
13055 10783
13056 10300
13057 11776
13058 11915
13059 10805
13060 11204
13061 11589
13062 11131
13063 10620
13064 10821
13065 10850
13066 10576
13067 11316
13068 11998
13069 11187
13070 10889
13071 10114
13072 11944
13073 11932
13074 11389
13075 11180
13076 10708
13077 11809
13078 10438
13079 10556
13080 10540
13081 11914
13082 11184
13083 11622
13084 10541
13085 11706
13086 10739
13087 11098
13088 10356
13089 10695
13090 11395
13091 10579
13092 10107
13093 11169
13094 11221
13095 11020
13096 11232
13097 11132
13098 10021
13099 11100
13100 10280
13101 10843
13102 11767
13103 11741
13104 11902
13105 11153
13106 10288
13107 11870
13108 10736
13109 10236
13110 11923
13111 10032
13112 10674
13113 10749
13114 11003
13115 11627
13116 11118
13117 10639
13118 10729
13119 11421
13120 11284
13121 11730
13122 11486
13123 11169
13124 11844
13125 10772
13126 11805
13127 10380
13128 10913
13129 11302
13130 10806
13131 11114
13132 10809
13133 10856
13134 10897
13135 10001
13136 11666
13137 10885
13138 10078
13139 11638
13140 10858
13141 10229
13142 10980
13143 10277
13144 10754
13145 11732
13146 10097
13147 11388
13148 10581
13149 10520
13150 10229
13151 11223
13152 10768
13153 10491
13154 10777
13155 11259
13156 11711
13157 10159
13158 10726
13159 11284
13160 10759
13161 11379
13162 11569
13163 10592
13164 11332
13165 11474
13166 11847
13167 10042
13168 10851
13169 10679
13170 11786
13171 11936
13172 10990
13173 10349
13174 11395
13175 11124
13176 10989
13177 11129
13178 10993
13179 10247
13180 10490
13181 10447
13182 10608
13183 10088
13184 10427
13185 10139
13186 11164
13187 11283
13188 11482
13189 10323
13190 10508
13191 11566
13192 11971
13193 10234
13194 10149
13195 10835
13196 11911
13197 11904
13198 10838
13199 10337
13200 10242
13201 10072
13202 10350
13203 11038
13204 10234
13205 10484
13206 11700
13207 11112
13208 11865
13209 10805
13210 10686
13211 10898
13212 11223
13213 10168
13214 10581
13215 11774
13216 10157
13217 11606
13218 10772
13219 10606
13220 10317
13221 10895
13222 11726
13223 11857
13224 11021
13225 10927
13226 11602
13227 10700
13228 10909
13229 10814
13230 10406
13231 10655
13232 10750
13233 11608
13234 11498
13235 10413
13236 10806
13237 11012
13238 10674
13239 11063
13240 11702
13241 11371
13242 10010
13243 11678
13244 10148
13245 10026
13246 10958
13247 10570
13248 10026
13249 10833
13250 10666
13251 10758
13252 11238
13253 10467
13254 11151
13255 10684
13256 10040
13257 10856
13258 10923
13259 10104
13260 10363
13261 10534
13262 11124
13263 11523
13264 10450
13265 11673
13266 11021
13267 10196
13268 11464
13269 11549
13270 10751
13271 11442
13272 10985
13273 10190
13274 11445
13275 11426
13276 10640
13277 10857
13278 11141
13279 11558
13280 10047
13281 10057
13282 11495
13283 11986
13284 10249
13285 10039
13286 11703
13287 10238
13288 10857
13289 10041
13290 11786
13291 11659
13292 11064
13293 11276
13294 10553
13295 11988
13296 11577
13297 11067
13298 10676
13299 11125
13300 10697
13301 10446
13302 10502
13303 10226
13304 11708
13305 10122
13306 11988
13307 10404
13308 11236
13309 11481
13310 10884
13311 10714
13312 10621
13313 11845
13314 10101
13315 10140
13316 11925
13317 10092
13318 10501
13319 10646
13320 10662
13321 10618
13322 11400
13323 10789
13324 11370
13325 11793
13326 10920
13327 11143
13328 11221
13329 11769
13330 11379
13331 11691
13332 11243
13333 10980
13334 10755
13335 11839
13336 11024
13337 10039
13338 11841
13339 11823
13340 10082
13341 10484
13342 11831
13343 11126
13344 10285
13345 10440
13346 10604
13347 11801
13348 11164
13349 10542
13350 10820
13351 10238
13352 10546
13353 10794
13354 10527
13355 11424
13356 11654
13357 11167
13358 11556
13359 11363
13360 10607
13361 11559
13362 11617
13363 10351
13364 11271
13365 11451
13366 10665
13367 10415
13368 10103
13369 10302
13370 11334
13371 10361
13372 10555
13373 11631
13374 10919
13375 10974
13376 10759
13377 11341
13378 11827
13379 11811
13380 11184
13381 11051
13382 10800
13383 10805
13384 11478
13385 10313
13386 11303
13387 11921
13388 11222
13389 11921
13390 11524
13391 11495
13392 11471
13393 11440
13394 10089
13395 11636
13396 10697
13397 11712
13398 11447
13399 10681
13400 10421
13401 10872
13402 10323
13403 11057
13404 10511
13405 11622
13406 10702
13407 11118
13408 10543
13409 10718
13410 11699
13411 10786
13412 10739
13413 10277
13414 10615
13415 10887
13416 10466
13417 11392
13418 10906
13419 10896
13420 11174
13421 11017
13422 10284
13423 11996
13424 10809
13425 11747
13426 11079
13427 10478
13428 10089
13429 10795
13430 10662
13431 11736
13432 11185
13433 11598
13434 11064
13435 10386
13436 11543
13437 11336
13438 10844
13439 11213
13440 11239
13441 10047
13442 11344
13443 11003
13444 10307
13445 11908
13446 11249
13447 10273
13448 10782
13449 10564
13450 10832
13451 10888
13452 10510
13453 11363
13454 11643
13455 10157
13456 10334
13457 10779
13458 11896
13459 10052
13460 10414
13461 10022
13462 10813
13463 11606
13464 11804
13465 11214
13466 11631
13467 10528
13468 10433
13469 10291
13470 11497
13471 11817
13472 10845
13473 11078
13474 10573
13475 11177
13476 10978
13477 11280
13478 11143
13479 10246
13480 11774
13481 11768
13482 10889
13483 10128
13484 10340
13485 11961
13486 10048
13487 10201
13488 11306
13489 10473
13490 10894
13491 10360
13492 10885
13493 11225
13494 11727
13495 10815
13496 10980
13497 11300
13498 10225
13499 11425
13500 10239
13501 11559
13502 11172
13503 11365
13504 10689
13505 10867
13506 10540
13507 11071
13508 10476
13509 10359
13510 11884
13511 10975
13512 10876
13513 11074
13514 11268
13515 10943
13516 11117
13517 10808
13518 11014
13519 10727
13520 11794
13521 10567
13522 10114
13523 11066
13524 10282
13525 11157
13526 11184
13527 10430
13528 10528
13529 11100
13530 11635
13531 11263
13532 10954
13533 11471
13534 11342
13535 10646
13536 11666
13537 10734
13538 10224
13539 11288
13540 11103
13541 11260
13542 11676
13543 10275
13544 10651
13545 11007
13546 11510
13547 11501
13548 10034
13549 10064
13550 11547
13551 10356
13552 11835
13553 10934
13554 10499
13555 10021
13556 10315
13557 10380
13558 10128
13559 10079
13560 10559
13561 10904
13562 11876
13563 10531
13564 11950
13565 10931
13566 11975
13567 11510
13568 11555
13569 11885
13570 11159
13571 10646
13572 10593
13573 11320
13574 11060
13575 11272
13576 10518
13577 10010
13578 11229
13579 10416
13580 11861
13581 11343
13582 10315
13583 11862
13584 11647
13585 10355
13586 10796
13587 11794
13588 10053
13589 11378
13590 11818
13591 10772
13592 10978
13593 11733
13594 11153
13595 11127
13596 10889
13597 10273
13598 10022
13599 11825
13600 10651
13601 11418
13602 10579
13603 11252
13604 10207
13605 10244
13606 10117
13607 10837
13608 11915
13609 10893
13610 11868
13611 10006
13612 11899
13613 11248
13614 10707
13615 10861
13616 10571
13617 11332
13618 10861
13619 11697
13620 11177
13621 10012
13622 11443
13623 11250
13624 11719
13625 11959
13626 11937
13627 11113
13628 10732
13629 11053
13630 11278
13631 11838
13632 11374
13633 10019
13634 11560
13635 10753
13636 10088
13637 10218
13638 10741
13639 10285
13640 11449
13641 11314
13642 11012
13643 10437
13644 10375
13645 10272
13646 11912
13647 10551
13648 10912
13649 10736
13650 11748
13651 10273
13652 11672
13653 11684
13654 11782
13655 10965
13656 11415
13657 10156
13658 11226
13659 11009
13660 10153
13661 11986
13662 10787
13663 11962
13664 11404
13665 10634
13666 10735
13667 10072
13668 11124
13669 10961
13670 10529
13671 11843
13672 11220
13673 11264
13674 11885
13675 11047
13676 10843
13677 11943
13678 11375
13679 10020
13680 10810
13681 11605
13682 10829
13683 11766
13684 11594
13685 10130
13686 10259
13687 11368
13688 10260
13689 10074
13690 11394
13691 10766
13692 11703
13693 10190
13694 10158
13695 11453
13696 10435
13697 10959
13698 10848
13699 10123
13700 11126
13701 10938
13702 11188
13703 10974
13704 11367
13705 11900
13706 10184
13707 10795
13708 11019
13709 10589
13710 10094
13711 11176
13712 11059
13713 11801
13714 10821
13715 11824
13716 10945
13717 11001
13718 11617
13719 11336
13720 10389
13721 11079
13722 10086
13723 11256
13724 11133
13725 10438
13726 10569
13727 10264
13728 10310
13729 10749
13730 11966
13731 11460
13732 11264
13733 10657
13734 10347
13735 10585
13736 10049
13737 11421
13738 10908
13739 10432
13740 10382
13741 10804
13742 10027
13743 10912
13744 10778
13745 10617
13746 10811
13747 10840
13748 11038
13749 11805
13750 10468
13751 11496
13752 11599
13753 10415
13754 11004
13755 10898
13756 10430
13757 10264
13758 11425
13759 11982
13760 10695
13761 10258
13762 11739
13763 11955
13764 11567
13765 10989
13766 11504
13767 11302
13768 11374
13769 10689
13770 11148
13771 10988
13772 11836
13773 11124
13774 11350
13775 10617
13776 11844
13777 11536
13778 11848
13779 10598
13780 10222
13781 10429
13782 10123
13783 11490
13784 10546
13785 11305
13786 11309
13787 10324
13788 11580
13789 10525
13790 11871
13791 11919
13792 11557
13793 11510
13794 10780
13795 11016
13796 10457
13797 11359
13798 10040
13799 11496
13800 11371
13801 10701
13802 10918
13803 11293
13804 10975
13805 11033
13806 10419
13807 10828
13808 11135
13809 10300
13810 11346
13811 10432
13812 10817
13813 10600
13814 10054
13815 11613
13816 11369
13817 11052
13818 10413
13819 11787
13820 10522
13821 11615
13822 10564
13823 11342
13824 10196
13825 11327
13826 11269
13827 10282
13828 11857
13829 11321
13830 11683
13831 11748
13832 11249
13833 11893
13834 11209
13835 10409
13836 10566
13837 10679
13838 11324
13839 10882
13840 11000
13841 10167
13842 10553
13843 11303
13844 10023
13845 11650
13846 10977
13847 11095
13848 11047
13849 11555
13850 11298
13851 10582
13852 11351
13853 11002
13854 10741
13855 11239
13856 11256
13857 10486
13858 10413
13859 10246
13860 10795
13861 10076
13862 11986
13863 11652
13864 10590
13865 11541
13866 11895
13867 10850
13868 11135
13869 11126
13870 11807
13871 11580
13872 11131
13873 10817
13874 10906
13875 10611
13876 10736
13877 11946
13878 10306
13879 11077
13880 10847
13881 10660
13882 11244
13883 10881
13884 11208
13885 10852
13886 11139
13887 11937
13888 11493
13889 11669
13890 11145
13891 10711
13892 10921
13893 10596
13894 11586
13895 10248
13896 11809
13897 10856
13898 10023
13899 11306
13900 10934
13901 10702
13902 11633
13903 11848
13904 10458
13905 11653
13906 10485
13907 11170
13908 11223
13909 11067
13910 11539
13911 11968
13912 10960
13913 11066
13914 10378
13915 11414
13916 10253
13917 10093
13918 11543
13919 10417
13920 11567
13921 11233
13922 10409
13923 11534
13924 10966
13925 11851
13926 10393
13927 11676
13928 10527
13929 10882
13930 11724
13931 10808
13932 10369
13933 10194
13934 10044
13935 10623
13936 10163
13937 11368
13938 10552
13939 11345
13940 11513
13941 11622
13942 10826
13943 11801
13944 11705
13945 10212
13946 11704
13947 11076
13948 11960
13949 11337
13950 10984
13951 11356
13952 11141
13953 10451
13954 11212
13955 11918
13956 11143
13957 11124
13958 11788
13959 10455
13960 10180
13961 11522
13962 11264
13963 10953
13964 11203
13965 11123
13966 11632
13967 10181
13968 10663
13969 11222
13970 10119
13971 11969
13972 11762
13973 10811
13974 10591
13975 10591
13976 11429
13977 11033
13978 11177
13979 10329
13980 10848
13981 10966
13982 10322
13983 11079
13984 10084
13985 11538
13986 11795
13987 11412
13988 11666
13989 10900
13990 10867
13991 10699
13992 11557
13993 11322
13994 10324
13995 11235
13996 11100
13997 11649
13998 10773
13999 10913
10001 8417
10002 8562
10004 8615
10005 8507
10006 9133
10010 9787
10011 9404
10012 8914
10015 9101
10017 8938
10018 8676
10019 9716
10020 9198
10021 9529
10022 9627
10023 9558
10025 9696
10026 8961
10027 9588
10028 8758
10032 9185
10033 9780
10034 9248
10038 8021
10039 8530
10040 9059
10041 8978
10042 8626
10044 8976
10046 9650
10047 8427
10048 9269
10049 9322
10052 8472
10053 8907
10054 9548
10056 8825
10057 8717
10058 8714
10060 8805
10061 8862
10063 9991
10064 9181
10066 8489
10067 8055
10071 9865
10072 8285
10074 8904
10075 8073
10076 9173
10078 8771
10079 9942
10081 8925
10082 9318
10084 9671
10085 9633
10086 8290
10088 8116
10089 8219
10092 9411
10093 8192
10094 9447
10095 8638
10096 8869
10097 9162
10098 8611
10101 9233
10103 9660
10104 8559
10107 8512
10108 9934
10111 9191
10112 8004
10113 9408
10114 8250
10115 9666
10117 9873
10119 8204
10122 9513
10123 9391
10125 9289
10127 8477
10128 8018
10130 8383
10132 9050
10133 9215
10136 8136
10137 9150
10138 9833
10139 9974
10140 9884
10141 9364
10145 8487
10148 9633
10149 9523
10150 8129
10153 8836
10155 8447
10156 9359
10157 9753
10158 8687
10159 8973
10160 8225
10161 8361
10163 8004
10166 9726
10167 9967
10168 8861
10169 8934
10170 8203
10172 8125
10173 8771
10176 8830
10178 8958
10180 8836
10181 8849
10184 9818
10190 8742
10192 9452
10194 8385
10196 8323
10198 8195
10199 9633
10200 9346
10201 8665
10205 8736
10206 8478
10207 8737
10209 9825
10212 9253
10217 8646
10218 8139
10219 9586
10220 8031
10222 8771
10224 8879
10225 8770
10226 9310
10227 8897
10229 8500
10231 9454
10232 9554
10233 8644
10234 9849
10235 8297
10236 9508
10238 9159
10239 9163
10240 8919
10242 9680
10244 8154
10246 9109
10247 9916
10248 9104
10249 8518
10253 8453
10255 9013
10256 9102
10258 8549
10259 8755
10260 9840
10263 9454
10264 9006
10271 9119
10272 8098
10273 9273
10275 9001
10277 8881
10279 8560
10280 8904
10281 8444
10282 8593
10284 8084
10285 8265
10286 9645
10288 8377
10289 9276
10291 9464
10292 9650
10293 9830
10298 9238
10300 8970
10302 8412
10305 9979
10306 9828
10307 8062
10310 9106
10311 9279
10313 8998
10315 9147
10316 9583
10317 9103
10318 8406
10321 8236
10322 8399
10323 8765
10324 9034
10325 8306
10326 8340
10327 9933
10329 8966
10331 9545
10333 9652
10334 9775
10335 9002
10337 8842
10340 8575
10341 8042
10343 8456
10347 8782
10349 8476
10350 9946
10351 9508
10354 8206
10355 9653
10356 9808
10359 8541
10360 8710
10361 9598
10363 8363
10368 9759
10369 9917
10372 9231
10373 9218
10375 8681
10376 9550
10377 9738
10378 9978
10379 9861
10380 9186
10382 8370
10385 8811
10386 8893
10388 8236
10389 9327
10391 8803
10392 9073
10393 8992
10395 9296
10398 9500
10404 8063
10406 8856
10408 8178
10409 9277
10411 8715
10413 8581
10414 8331
10415 9161
10416 9285
10417 8202
10418 8290
10419 9298
10421 9285
10422 9115
10423 8367
10427 8431
10429 9077
10430 9171
10431 9069
10432 8573
10433 8739
10435 8026
10436 8241
10437 9670
10438 9915
10440 9865
10445 8398
10446 8059
10447 9619
10450 8564
10451 8955
10454 9867
10455 8577
10457 8766
10458 9992
10465 8530
10466 9840
10467 8183
10468 9156
10469 9714
10470 8205
10473 9485
10476 9421
10478 8309
10479 8673
10480 8646
10481 8410
10484 9589
10485 9493
10486 8569
10487 9529
10489 9383
10490 9971
10491 9959
10492 9953
10493 9324
10498 8494
10499 9596
10500 8225
10501 8640
10502 8364
10503 9110
10504 9550
10505 8183
10508 8920
10509 9738
10510 8977
10511 8776
10514 9518
10518 8700
10520 9853
10522 9868
10524 8841
10525 8638
10527 8191
10528 9776
10529 8760
10531 8708
10533 9975
10534 9212
10540 8030
10541 8678
10542 8189
10543 8536
10546 9484
10549 9178
10550 9389
10551 8919
10552 8779
10553 8197
10555 8562
10556 9847
10559 8293
10560 8022
10564 8854
10566 9624
10567 8496
10568 9652
10569 8677
10570 8380
10571 9833
10573 9476
10575 9068
10576 8562
10579 9033
10581 9553
10582 8021
10583 9257
10584 9145
10585 8229
10589 9789
10590 8470
10591 8765
10592 9545
10593 9569
10595 9308
10596 8140
10597 8035
10598 8895
10600 9455
10604 8475
10606 9154
10607 8252
10608 9420
10611 9365
10614 8394
10615 8863
10617 8775
10618 9802
10619 9140
10620 8634
10621 8172
10622 9189
10623 9692
10624 9150
10626 9599
10628 8455
10629 8322
10630 9185
10634 8464
10635 8317
10639 9515
10640 9012
10641 8169
10644 8142
10646 8487
10647 9666
10649 9515
10651 9171
10652 8731
10653 8581
10654 8006
10655 9827
10657 8443
10660 9769
10662 9877
10663 9620
10665 8358
10666 8338
10670 8413
10671 8488
10672 9197
10674 8756
10676 8564
10677 9056
10679 8144
10680 9759
10681 9119
10684 8571
10686 9339
10687 9880
10689 8355
10694 9591
10695 9366
10697 8226
10699 9474
10700 8425
10701 9092
10702 8917
10703 8701
10707 8458
10708 9904
10709 8534
10711 9510
10712 9827
10714 9876
10715 8003
10718 9380
10719 8236
10726 8570
10727 9152
10729 9549
10731 8905
10732 9640
10734 8795
10735 9364
10736 9132
10739 9828
10740 8449
10741 8518
10744 9053
10747 8897
10749 8616
10750 8688
10751 8618
10752 8108
10753 8326
10754 8205
10755 8120
10757 8419
10758 9401
10759 9159
10760 9703
10763 9716
10764 9073
10765 9620
10766 9194
10767 9328
10768 8990
10769 9656
10771 9887
10772 9999
10773 8784
10774 9771
10775 8917
10777 8933
10778 8311
10779 9342
10780 8514
10782 9207
10783 9724
10786 8867
10787 9613
10788 9649
10789 8793
10790 8166
10791 9054
10793 9910
10794 8826
10795 9129
10796 8707
10797 8571
10800 8637
10803 8680
10804 9700
10805 9344
10806 8202
10807 9165
10808 9577
10809 8751
10810 8689
10811 8982
10813 9406
10814 9360
10815 8987
10816 9301
10817 9108
10818 8546
10819 8896
10820 9961
10821 9514
10823 9063
10824 9659
10825 9261
10826 8215
10827 8879
10828 8743
10829 8907
10831 9767
10832 9325
10833 9310
10835 8671
10836 8474
10837 9647
10838 8473
10839 8066
10840 9663
10841 9341
10842 9127
10843 9488
10844 9427
10845 9258
10846 9122
10847 9543
10848 8655
10850 8966
10851 8305
10852 9733
10853 8141
10856 8287
10857 8221
10858 9066
10860 8319
10861 8684
10863 8663
10864 9695
10866 8192
10867 8358
10868 9903
10872 9945
10874 9287
10876 8268
10877 9713
10878 9286
10881 8922
10882 9823
10884 9532
10885 8415
10886 9172
10887 9736
10888 8399
10889 8280
10891 8099
10892 9420
10893 9194
10894 8735
10895 8540
10896 9421
10897 9929
10898 8474
10900 8726
10904 8003
10906 9432
10908 9615
10909 8911
10912 9261
10913 9992
10914 8917
10915 8398
10917 9764
10918 8127
10919 8905
10920 9763
10921 9185
10922 9070
10923 8349
10924 8740
10927 8545
10930 8524
10931 8106
10933 8978
10934 8985
10935 9844
10938 8917
10942 9596
10943 9347
10945 9646
10946 8434
10948 8694
10949 9902
10950 9312
10951 9527
10953 8910
10954 9673
10955 9444
10958 9873
10959 8703
10960 9831
10961 8051
10963 8727
10964 9661
10965 9651
10966 8842
10967 8975
10970 8954
10974 8228
10975 9052
10977 8255
10978 8407
10979 9369
10980 8842
10983 9749
10984 8188
10985 9900
10987 9126
10988 9831
10989 9809
10990 9703
10991 9629
10993 9655
10999 9940
11000 8172
11001 9717
11002 9620
11003 8823
11004 8638
11005 8484
11007 8822
11009 9811
11010 8553
11011 8988
11012 8007
11014 9458
11015 9942
11016 9721
11017 9446
11019 8198
11020 9929
11021 8385
11022 8604
11024 8278
11025 8616
11026 9692
11027 9275
11031 8745
11033 8851
11035 9627
11038 9733
11040 8995
11041 9623
11042 8142
11044 8177
11045 8493
11046 9699
11047 9435
11050 9279
11051 8988
11052 9956
11053 9307
11056 9986
11057 8723
11059 9700
11060 8179
11061 9344
11063 8917
11064 8405
11065 8598
11066 9381
11067 8745
11068 8203
11071 9186
11072 8366
11074 8768
11075 9824
11076 9965
11077 8754
11078 9691
11079 8216
11080 8837
11082 8315
11083 8301
11086 9501
11087 9058
11090 8564
11092 8226
11093 8249
11095 9182
11098 9996
11100 8170
11101 9038
11103 9649
11107 9017
11112 8864
11113 8969
11114 8124
11117 8433
11118 8955
11119 8225
11120 9025
11122 8185
11123 8911
11124 8167
11125 9955
11126 8663
11127 9927
11128 9015
11129 9435
11131 8654
11132 8199
11133 9015
11135 8251
11136 9822
11137 9870
11139 9010
11141 8165
11143 8397
11144 8250
11145 8188
11146 9031
11148 8625
11149 9264
11151 8529
11153 9749
11155 9132
11156 8959
11157 9448
11159 9970
11160 9612
11162 9246
11164 8410
11167 8612
11169 8652
11170 9453
11172 8617
11174 8508
11176 9401
11177 8068
11178 8815
11180 8332
11183 9296
11184 9567
11185 8428
11187 9794
11188 8078
11191 9257
11192 8288
11193 9118
11199 9175
11200 8689
11201 9683
11203 9709
11204 8389
11208 8149
11209 9692
11211 8582
11212 9216
11213 9600
11214 9019
11220 9611
11221 8159
11222 9971
11223 8871
11224 9722
11225 9200
11226 9483
11227 8598
11228 9255
11229 8472
11232 8033
11233 9587
11235 9614
11236 9739
11238 9828
11239 8839
11241 9804
11242 8799
11243 8801
11244 8971
11248 8400
11249 9829
11250 9341
11252 9049
11255 9297
11256 9939
11258 8465
11259 9742
11260 9304
11262 8822
11263 9761
11264 9331
11268 8392
11269 8160
11271 9701
11272 9970
11276 9418
11278 9503
11280 8384
11281 9210
11282 9596
11283 9589
11284 8923
11287 8816
11288 9218
11292 9645
11293 9610
11294 8527
11297 9857
11298 8061
11300 8669
11302 9957
11303 9359
11304 9155
11305 9416
11306 8941
11307 8682
11308 8428
11309 9244
11310 8177
11313 8028
11314 8917
11315 8745
11316 8205
11317 8338
11320 9839
11321 9260
11322 8341
11324 8073
11327 8226
11328 8057
11329 9467
11331 8371
11332 8900
11334 8553
11335 8242
11336 9690
11337 8105
11338 9243
11341 8104
11342 8026
11343 8823
11344 8238
11345 9506
11346 9687
11347 9121
11348 8581
11350 9425
11351 8054
11353 8363
11356 9879
11357 9378
11358 9763
11359 8063
11360 8648
11362 9937
11363 9817
11364 8785
11365 9109
11367 8646
11368 8400
11369 9845
11370 9604
11371 9345
11373 9608
11374 9655
11375 9288
11378 9139
11379 9928
11385 9313
11388 9530
11389 9295
11391 9587
11392 9870
11393 8422
11394 8428
11395 9417
11396 8792
11400 9295
11404 9467
11406 8421
11407 9232
11409 9819
11412 8813
11414 8913
11415 8096
11416 9228
11418 8655
11421 8223
11422 9900
11424 9582
11425 8182
11426 8401
11427 9760
11429 9583
11430 9064
11435 9977
11436 8237
11440 9213
11441 8622
11442 9460
11443 8021
11445 9553
11447 8126
11449 9237
11451 9232
11453 9891
11457 8109
11459 8102
11460 9718
11461 8180
11464 9090
11466 8924
11469 9339
11471 9311
11472 9708
11474 8944
11477 8421
11478 9297
11479 9483
11481 9112
11482 8036
11485 9127
11486 9679
11488 8794
11490 8575
11491 9326
11492 9502
11493 8968
11494 9474
11495 9714
11496 8026
11497 9583
11498 8399
11501 8033
11502 8240
11504 8280
11505 8650
11510 8150
11511 8862
11512 9735
11513 9064
11515 8729
11516 9915
11518 8200
11519 8503
11520 9877
11521 9213
11522 8715
11523 9573
11524 8845
11529 8999
11530 9294
11531 8364
11534 9715
11535 8015
11536 9430
11538 8864
11539 8482
11541 9475
11543 8035
11545 8093
11547 9569
11548 9393
11549 8105
11552 9012
11555 9004
11556 8646
11557 8471
11558 9471
11559 9219
11560 9119
11562 9604
11563 9541
11565 9295
11566 8097
11567 9781
11569 8920
11570 8225
11573 8087
11575 9061
11577 9026
11580 8086
11584 9283
11586 9122
11587 8773
11589 9843
11591 8121
11592 8827
11594 9815
11596 8402
11598 8417
11599 8564
11600 8679
11602 9532
11603 8550
11605 8016
11606 9129
11607 8634
11608 9606
11609 9276
11611 9257
11613 8195
11615 8308
11617 8712
11622 8410
11624 8162
11625 9026
11627 8698
11628 8086
11631 9446
11632 9815
11633 9399
11634 8885
11635 8176
11636 8880
11637 9770
11638 9509
11640 8719
11641 9674
11642 9180
11643 8295
11646 8331
11647 8168
11649 9580
11650 9445
11651 9240
11652 9199
11653 8184
11654 9692
11657 9557
11658 9989
11659 9094
11660 8787
11662 9088
11664 9961
11666 9187
11668 8509
11669 8952
11670 8390
11671 9859
11672 8303
11673 9113
11674 8583
11676 9159
11677 9664
11678 9238
11683 8238
11684 9242
11685 9635
11687 8971
11689 9193
11691 9368
11692 9544
11695 8786
11696 9403
11697 8161
11699 8842
11700 8157
11702 9837
11703 8338
11704 9853
11705 8853
11706 8280
11707 9495
11708 8643
11709 8364
11711 8152
11712 8453
11713 9088
11714 8831
11717 9688
11719 9016
11720 9695
11721 9487
11724 8885
11725 8715
11726 9811
11727 8642
11730 9652
11731 8064
11732 9417
11733 9447
11734 8447
11736 9883
11737 9734
11738 8043
11739 8546
11740 8981
11741 9955
11742 9146
11745 8564
11747 9938
11748 8359
11749 9404
11750 9652
11751 8209
11752 8107
11755 9819
11757 9706
11758 9019
11760 9078
11762 9775
11764 9384
11766 9661
11767 9096
11768 8374
11769 8722
11771 9290
11774 8747
11775 9136
11776 8308
11780 8409
11781 8325
11782 9751
11784 9047
11786 8389
11787 8689
11788 9198
11790 8784
11792 9216
11793 9604
11794 9745
11795 9655
11796 9389
11800 8518
11801 9923
11804 8173
11805 8334
11806 8461
11807 9103
11808 8803
11809 9307
11810 9434
11811 8734
11812 9464
11815 9579
11816 8867
11817 9019
11818 8867
11819 8104
11821 8261
11823 8503
11824 8898
11825 9530
11827 9780
11828 8983
11830 8275
11831 8160
11832 9713
11835 8865
11836 8462
11837 9460
11838 9353
11839 8307
11840 8652
11841 9615
11843 9584
11844 9713
11845 9938
11847 8862
11848 9090
11850 8685
11851 9815
11855 9947
11856 8744
11857 9128
11858 8863
11860 8943
11861 8630
11862 9370
11864 8456
11865 8463
11868 9110
11870 8635
11871 9360
11872 8661
11873 8570
11876 9196
11878 8041
11883 9244
11884 9644
11885 9921
11886 8674
11889 9286
11891 9221
11893 8431
11895 9130
11896 8812
11898 9035
11899 9724
11900 8331
11901 8798
11902 8950
11903 8924
11904 8937
11906 9864
11907 8384
11908 8994
11910 9058
11911 9527
11912 8980
11913 8394
11914 9886
11915 8001
11916 9332
11917 9654
11918 8164
11919 9874
11921 9595
11923 9867
11925 9578
11926 8165
11927 8462
11932 8878
11933 9459
11936 9913
11937 9854
11938 8819
11939 8213
11941 8683
11942 8408
11943 9588
11944 8370
11945 9781
11946 9756
11947 9476
11950 8150
11954 8682
11955 8754
11956 9345
11959 8376
11960 8467
11961 8782
11962 9663
11963 8543
11964 8348
11965 8001
11966 9391
11968 9831
11969 8920
11971 8627
11972 8712
11975 8166
11981 9295
11982 8500
11983 8678
11984 9886
11985 8406
11986 9809
11987 8794
11988 9932
11989 8720
11990 9212
11991 8455
11993 8892
11994 9515
11995 9435
11996 9442
11997 8252
11998 8717
8192 6374
8195 7797
8197 7917
8198 7922
8199 6161
8200 7500
8202 6681
8203 6732
8204 6598
8205 7260
8206 7089
8209 7185
8213 6169
8215 7592
8216 6128
8219 6352
8221 7946
8223 7727
8225 7874
8226 6114
8228 7690
8229 6581
8236 7032
8237 6877
8238 7071
8240 7799
8241 6325
8242 7893
8249 7060
8250 6748
8251 6065
8252 6842
8255 6303
8261 6040
8265 6371
8268 7485
8275 6090
8278 7676
8280 7615
8285 7184
8287 6924
8288 7654
8290 6834
8293 7449
8295 6672
8297 6989
8301 7458
8303 6511
8305 7377
8306 7308
8307 6633
8308 7976
8309 6531
8311 7567
8315 7499
8317 7651
8319 6983
8322 6508
8323 7238
8325 6856
8326 7489
8331 6193
8332 7491
8334 6331
8338 7230
8340 6170
8341 7127
8348 7933
8349 7384
8355 7192
8358 7058
8359 6540
8361 6715
8363 7971
8364 7139
8366 6536
8367 7411
8370 6548
8371 7233
8374 6220
8376 6836
8377 7324
8380 7723
8383 6491
8384 6378
8385 7750
8389 6461
8390 7752
8392 7531
8394 6151
8397 6043
8398 6482
8399 7132
8400 6615
8401 6818
8402 6929
8405 7404
8406 6868
8407 6425
8408 7011
8409 6019
8410 7624
8412 6315
8413 6434
8415 7598
8417 6616
8419 7035
8421 6638
8422 6025
8425 7399
8427 6068
8428 6321
8431 7039
8433 6165
8434 6655
8443 7759
8444 6150
8447 6574
8449 7906
8453 6852
8455 7286
8456 7748
8458 7558
8461 7570
8462 6578
8463 6371
8464 7536
8465 7265
8467 6550
8470 6826
8471 7524
8472 6625
8473 7500
8474 7780
8475 6246
8476 6229
8477 6784
8478 7191
8482 6687
8484 6312
8487 6120
8488 6762
8489 7246
8493 7957
8494 6319
8496 6733
8500 7142
8503 6909
8507 7424
8508 6863
8509 7379
8512 7223
8514 7664
8518 7710
8524 6070
8527 6873
8529 6188
8530 6917
8534 7672
8536 7811
8540 7388
8541 6167
8543 6664
8545 6221
8546 7211
8549 7262
8550 6562
8553 7485
8559 7283
8560 7624
8562 6682
8564 6697
8569 6752
8570 6753
8571 6657
8573 7910
8575 6650
8577 6521
8581 7537
8582 6720
8583 7239
8593 7120
8598 6771
8604 7185
8611 7708
8612 6218
8615 6980
8616 7456
8617 6483
8618 6388
8622 6351
8625 6486
8626 7762
8627 7231
8630 7929
8634 7630
8635 7490
8637 6072
8638 7938
8640 7624
8642 6467
8643 7908
8644 6269
8646 7756
8648 6356
8650 6607
8652 6882
8654 7440
8655 7671
8661 7233
8663 7991
8665 6503
8669 6897
8671 6427
8673 6041
8674 7387
8676 6880
8677 6498
8678 7283
8679 6647
8680 7127
8681 6351
8682 6524
8683 6851
8684 7869
8685 6372
8687 6848
8688 7111
8689 7239
8694 7536
8698 7247
8700 6943
8701 6650
8703 7726
8707 6700
8708 6272
8710 6539
8712 7855
8714 6780
8715 7827
8717 7914
8719 7100
8720 6687
8722 7640
8723 7018
8726 6179
8727 6523
8729 6622
8731 7982
8734 7543
8735 6186
8736 7230
8737 7115
8739 7973
8740 7347
8742 7029
8743 7012
8744 6401
8745 6570
8747 7133
8751 6315
8754 7845
8755 6464
8756 7874
8758 7275
8760 7087
8765 7722
8766 7986
8768 6123
8770 6537
8771 6122
8773 7744
8775 7022
8776 6545
8779 6901
8782 6570
8784 7300
8785 7076
8786 7723
8787 7098
8792 7140
8793 7693
8794 7207
8795 7426
8798 7940
8799 7571
8801 7009
8803 6097
8805 7737
8811 7365
8812 6367
8813 6681
8815 7197
8816 7369
8819 6925
8822 7721
8823 7583
8825 6201
8826 7755
8827 6169
8830 6317
8831 7600
8836 7695
8837 7326
8839 6493
8841 7711
8842 6127
8845 7570
8849 6748
8851 6278
8853 7718
8854 6674
8856 6900
8861 7270
8862 7676
8863 7170
8864 7005
8865 7127
8867 6766
8869 7177
8871 7838
8878 6770
8879 7546
8880 7356
8881 7036
8885 6335
8892 6524
8893 7641
8895 7077
8896 7476
8897 6989
8898 6683
8900 6141
8904 7108
8905 7945
8907 7702
8910 7428
8911 7850
8913 7618
8914 6385
8917 7240
8919 6166
8920 6874
8922 7236
8923 6439
8924 7849
8925 6801
8933 7812
8934 6813
8937 7341
8938 6146
8941 6484
8943 6913
8944 6471
8950 6990
8952 6377
8954 6000
8955 6699
8958 7680
8959 7688
8961 7342
8966 7218
8968 6393
8969 7877
8970 6433
8971 7745
8973 7514
8975 6803
8976 7908
8977 7374
8978 6962
8980 7773
8981 7491
8982 7027
8983 7248
8985 7447
8987 7226
8988 7701
8990 6021
8992 7849
8994 6553
8995 6721
8998 6765
8999 7189
9001 7180
9002 7499
9004 7928
9006 6993
9010 7540
9012 7230
9013 6887
9015 6907
9016 7628
9017 7679
9019 7772
9025 7157
9026 6033
9031 7297
9033 6345
9034 6146
9035 7028
9038 6283
9047 7668
9049 7331
9050 6297
9052 6907
9053 6668
9054 6136
9056 6135
9058 7715
9059 6134
9061 6858
9063 6794
9064 6195
9066 6934
9068 6961
9069 7918
9070 6540
9073 7433
9077 7977
9078 6717
9088 7002
9090 7574
9092 6545
9094 7250
9096 7668
9101 6054
9102 7910
9103 7891
9104 6139
9106 7532
9108 7480
9109 6726
9110 7961
9112 6165
9113 6381
9115 6934
9118 6834
9119 7837
9121 7007
9122 6653
9126 6594
9127 6664
9128 6939
9129 7330
9130 6502
9132 6458
9133 7562
9136 7080
9139 6449
9140 6493
9145 6695
9146 7014
9147 7013
9150 6269
9152 6893
9154 7060
9155 6537
9156 7295
9159 6408
9161 6558
9162 6194
9163 6148
9165 6185
9171 6869
9172 6658
9173 6773
9175 7408
9178 6580
9180 7654
9181 7527
9182 7542
9185 6337
9186 7021
9187 7816
9189 6040
9191 6938
9193 7374
9194 7367
9196 7880
9197 7468
9198 6641
9199 6689
9200 6906
9207 7100
9210 6135
9212 6507
9213 6373
9215 6600
9216 6288
9218 7441
9219 6005
9221 6674
9228 6831
9231 6331
9232 7597
9233 7673
9237 7709
9238 7653
9240 7747
9242 7849
9243 7356
9244 7124
9246 6741
9248 7200
9253 7477
9255 7791
9257 7838
9258 6824
9260 6720
9261 7242
9264 7337
9269 7112
9273 7108
9275 6470
9276 7166
9277 7507
9279 7058
9283 7271
9285 7356
9286 7050
9287 7306
9288 6666
9289 6023
9290 7418
9294 6304
9295 7409
9296 7483
9297 7652
9298 7618
9301 6675
9304 7691
9307 7412
9308 6503
9310 7555
9311 6963
9312 7155
9313 7387
9318 6412
9322 7015
9324 7416
9325 7889
9326 6201
9327 7191
9328 7874
9331 7717
9332 7299
9339 7853
9341 7958
9342 7732
9344 6508
9345 7635
9346 6789
9347 6888
9353 6802
9359 7158
9360 7094
9364 6000
9365 7179
9366 7794
9368 6574
9369 7377
9370 7275
9378 7058
9380 7174
9381 7939
9383 7885
9384 7609
9389 7131
9391 7404
9393 6410
9399 6063
9401 7600
9403 6755
9404 7236
9406 7468
9408 6008
9411 7758
9416 6740
9417 7170
9418 6085
9420 6451
9421 6874
9425 6742
9427 7241
9430 6217
9432 7822
9434 6601
9435 7576
9442 6861
9444 6242
9445 7809
9446 6122
9447 7058
9448 7766
9452 7508
9453 6021
9454 7379
9455 6327
9458 6290
9459 6054
9460 6442
9464 6162
9467 6173
9471 6229
9474 6260
9475 6965
9476 6177
9483 7941
9484 6023
9485 7314
9487 6420
9488 7023
9493 6427
9495 6826
9500 6313
9501 7311
9502 7387
9503 7432
9506 7923
9508 6320
9509 6041
9510 6584
9513 7765
9514 6759
9515 6046
9518 6408
9523 6938
9527 7991
9529 6434
9530 6370
9532 6524
9541 6632
9543 6634
9544 6969
9545 6371
9548 6504
9549 7730
9550 7255
9553 6776
9554 7104
9557 7665
9558 7421
9567 7789
9569 7999
9573 6928
9577 6174
9578 7961
9579 7513
9580 7233
9582 7293
9583 7046
9584 6998
9586 7694
9587 6850
9588 7271
9589 6787
9591 6097
9595 6681
9596 7218
9598 6096
9599 6382
9600 6082
9604 7590
9606 7192
9608 6025
9610 7295
9611 6332
9612 7590
9613 6522
9614 6061
9615 7420
9619 7811
9620 6114
9623 7985
9624 6325
9627 7501
9629 6471
9633 7526
9635 6773
9640 7065
9644 7944
9645 6433
9646 6671
9647 6264
9649 6829
9650 7397
9651 6738
9652 6492
9653 6263
9654 7696
9655 7877
9656 7411
9659 7371
9660 6783
9661 6788
9663 6054
9664 6679
9666 7379
9670 7047
9671 6151
9673 7709
9674 7805
9679 7619
9680 6095
9683 7706
9687 6170
9688 7161
9690 7947
9691 6324
9692 6793
9695 6687
9696 6368
9699 6873
9700 6840
9701 6488
9703 6279
9706 6817
9708 7284
9709 7823
9713 6313
9714 7050
9715 7601
9716 7835
9717 7731
9718 6615
9721 6873
9722 6276
9724 6161
9726 6943
9733 7894
9734 6517
9735 6212
9736 7284
9738 7764
9739 6707
9742 6583
9745 7508
9749 7861
9751 6349
9753 6958
9756 7660
9759 6255
9760 7692
9761 7401
9763 6653
9764 7976
9767 6168
9769 6732
9770 6323
9771 7790
9775 7063
9776 6288
9780 6623
9781 7925
9787 7645
9789 6447
9794 6626
9802 6287
9804 7733
9808 7015
9809 6838
9811 6903
9815 6344
9817 6334
9818 6069
9819 7722
9822 7740
9823 7188
9824 7394
9825 7291
9827 6744
9828 6571
9829 6566
9830 7285
9831 6391
9833 7221
9837 7538
9839 6810
9840 6203
9843 6645
9844 6360
9845 6671
9847 7378
9849 6355
9853 6956
9854 6359
9857 7657
9859 7288
9861 7423
9864 6248
9865 6061
9867 7924
9868 7442
9870 6325
9873 6229
9874 6273
9876 7441
9877 6247
9879 7346
9880 6812
9883 7287
9884 7368
9886 6033
9887 7192
9891 7270
9900 6040
9902 7237
9903 6137
9904 6129
9910 6375
9913 7933
9915 6048
9916 6636
9917 7673
9921 7925
9923 6556
9927 6242
9928 6930
9929 6022
9932 7160
9933 7869
9934 7617
9937 6026
9938 6839
9939 6780
9940 7387
9942 7733
9945 6372
9946 7302
9947 7651
9953 6469
9955 6916
9956 7331
9957 6598
9959 7247
9961 7038
9965 6428
9967 7794
9970 7970
9971 7897
9974 7195
9975 6604
9977 6506
9978 6909
9979 6156
9986 6326
9989 6847
9991 7119
9992 7418
9996 6797
9999 7771
8001 6147
8003 6249
8004 6657
8006 7642
8007 7128
8015 7552
8016 7024
8018 7270
8021 7124
8022 6450
8026 7421
8028 7653
8030 7986
8031 7995
8033 6591
8035 7100
8036 6627
8041 6201
8042 7031
8043 6792
8051 6821
8054 6612
8055 6516
8057 6868
8059 7132
8061 7739
8062 6211
8063 7978
8064 6122
8066 6059
8068 7538
8073 7712
8078 6013
8084 6230
8086 6538
8087 7851
8093 7920
8096 6753
8097 7220
8098 7089
8099 7229
8102 6532
8104 7334
8105 7989
8106 7907
8107 7370
8108 6606
8109 7633
8116 7607
8120 7573
8121 6960
8124 6239
8125 6781
8126 6080
8127 6823
8129 7353
8136 6505
8139 7872
8140 6266
8141 7147
8142 6132
8144 7057
8149 7798
8150 7146
8152 7555
8154 6589
8157 6809
8159 6696
8160 6055
8161 7645
8162 7371
8164 6670
8165 6434
8166 7105
8167 7998
8168 7146
8169 7795
8170 6280
8172 6853
8173 6523
8176 7829
8177 7136
8178 6088
8179 6717
8180 6640
8182 7311
8183 7331
8184 6152
8185 7552
8188 6594
8189 6349
8191 7591
6146 5216
6147 4049
6148 4409
6150 5755
6151 5579
6152 4435
6156 5557
6161 4902
6162 5661
6165 4429
6166 4179
6167 4754
6168 5513
6169 4268
6170 4121
6173 5774
6174 5134
6177 5908
6179 4273
6185 5421
6186 4191
6188 5464
6193 4914
6194 5888
6195 5052
6201 4505
6203 4350
6211 5732
6212 4335
6217 5073
6218 5408
6220 4364
6221 4565
6229 5198
6230 5135
6239 5138
6242 4782
6246 5505
6247 4132
6248 4219
6249 4566
6255 5348
6260 4467
6263 4433
6264 5510
6266 4956
6269 4801
6272 5488
6273 4823
6276 5185
6278 4759
6279 5838
6280 5695
6283 4209
6287 4526
6288 4207
6290 4370
6297 4794
6303 5827
6304 4303
6312 5528
6313 5203
6315 5300
6317 5044
6319 4136
6320 4053
6321 4710
6323 5697
6324 4437
6325 5928
6326 4068
6327 5919
6331 5488
6332 5670
6334 5197
6335 4529
6337 5103
6344 5379
6345 5072
6349 5192
6351 4112
6352 5350
6355 5691
6356 4115
6359 5011
6360 5054
6367 5652
6368 4346
6370 5797
6371 5904
6372 5134
6373 5780
6374 4841
6375 5884
6377 5779
6378 4390
6381 4319
6382 5206
6385 4411
6388 4743
6391 4391
6393 4764
6401 5586
6408 4134
6410 5102
6412 4900
6420 4903
6425 5126
6427 5844
6428 5085
6433 4036
6434 5035
6439 4097
6442 4613
6447 4975
6449 5635
6450 5152
6451 4491
6458 4735
6461 5093
6464 4910
6467 4147
6469 4548
6470 4837
6471 4357
6482 5040
6483 5419
6484 4338
6486 5086
6488 5057
6491 4480
6492 4428
6493 5423
6498 5014
6502 5130
6503 4026
6504 4335
6505 4345
6506 4716
6507 5475
6508 5570
6511 5656
6516 5827
6517 4327
6521 4616
6522 4766
6523 5030
6524 5654
6531 5860
6532 4096
6536 4645
6537 5702
6538 5757
6539 5846
6540 4808
6545 5363
6548 4133
6550 5809
6553 5218
6556 4422
6558 4297
6562 5990
6566 5373
6570 4065
6571 4995
6574 5117
6578 5034
6580 5876
6581 5015
6583 5245
6584 4592
6589 4952
6591 5916
6594 4340
6598 4947
6600 5365
6601 4262
6604 4301
6606 5716
6607 5935
6612 4102
6615 5277
6616 5024
6622 4274
6623 4998
6625 4306
6626 4056
6627 4391
6632 5397
6633 5761
6634 4481
6636 4840
6638 5774
6640 5010
6641 5877
6645 5425
6647 4642
6650 5920
6653 4335
6655 5672
6657 4259
6658 5610
6664 5588
6666 4155
6668 5795
6670 4061
6671 5123
6672 4341
6674 5865
6675 5640
6679 4902
6681 5091
6682 5661
6683 5701
6687 5817
6689 5403
6695 5121
6696 5589
6697 5307
6699 5483
6700 5058
6707 5823
6715 5409
6717 4035
6720 4902
6721 5881
6726 5472
6732 5833
6733 5722
6738 5576
6740 5929
6741 4641
6742 4444
6744 5873
6748 4808
6752 4805
6753 4165
6755 4692
6759 4023
6762 5546
6765 5307
6766 4337
6770 4343
6771 4044
6773 4941
6776 5488
6780 5376
6781 5497
6783 4709
6784 4168
6787 5013
6788 5133
6789 5016
6792 4681
6793 5508
6794 5250
6797 5476
6801 4282
6802 5170
6803 4578
6809 5846
6810 4419
6812 4394
6813 5783
6817 5580
6818 5964
6821 4132
6823 4433
6824 5012
6826 5872
6829 5346
6831 4223
6834 5507
6836 4772
6838 5459
6839 4911
6840 4589
6842 5432
6847 5590
6848 5631
6850 4077
6851 5165
6852 5691
6853 5597
6856 4009
6858 4785
6861 5630
6863 5311
6868 4452
6869 4957
6873 4026
6874 5231
6877 4762
6880 5081
6882 5459
6887 5272
6888 5595
6893 4513
6897 4535
6900 5053
6901 5034
6903 5222
6906 5971
6907 4198
6909 5192
6913 4046
6916 4077
6917 4990
6924 5854
6925 4655
6928 4713
6929 4681
6930 4218
6934 5687
6938 5920
6939 4662
6943 4194
6956 4437
6958 4825
6960 5780
6961 4551
6962 4841
6963 4382
6965 4168
6969 4455
6980 4529
6983 5728
6989 5091
6990 4681
6993 4939
6998 4194
7002 5617
7005 4256
7007 5550
7009 4632
7011 5579
7012 4504
7013 4954
7014 4944
7015 5249
7018 5527
7021 5477
7022 4611
7023 4238
7024 4356
7027 4608
7028 5117
7029 4727
7031 4958
7032 5603
7035 4071
7036 5467
7038 4659
7039 5180
7046 4501
7047 5445
7050 4493
7057 5923
7058 4445
7060 4388
7063 4878
7065 4611
7071 4910
7076 5603
7077 4371
7080 4200
7087 5325
7089 5766
7094 5053
7098 4572
7100 4119
7104 4702
7105 5456
7108 5304
7111 5477
7112 4268
7115 4964
7119 5366
7120 5236
7124 5976
7127 4733
7128 4910
7131 4598
7132 5035
7133 5416
7136 5907
7139 5102
7140 4573
7142 5167
7146 5979
7147 4011
7155 4344
7157 4059
7158 5906
7160 5631
7161 5705
7166 4503
7170 4007
7174 5122
7177 5191
7179 4977
7180 5690
7184 4308
7185 4201
7188 4795
7189 4412
7191 4694
7192 4275
7195 4897
7197 5268
7200 5392
7207 4480
7211 4933
7218 5899
7220 5320
7221 4868
7223 5131
7226 5501
7229 4752
7230 5962
7231 4390
7233 4552
7236 4946
7237 5394
7238 4130
7239 5035
7240 4742
7241 5757
7242 4164
7246 5540
7247 5029
7248 4088
7250 4101
7255 5034
7260 4382
7262 4626
7265 5421
7270 4999
7271 5448
7275 5658
7283 4010
7284 5911
7285 5620
7286 5852
7287 4206
7288 5016
7291 5580
7293 5713
7295 5469
7297 4023
7299 5645
7300 5363
7302 4524
7306 5852
7308 4554
7311 4720
7314 5564
7324 4456
7326 5870
7330 5167
7331 5171
7334 5500
7337 5133
7341 5084
7342 4802
7346 5179
7347 4622
7353 4610
7356 4229
7365 5106
7367 5242
7368 5622
7369 5908
7370 5631
7371 4296
7374 5234
7377 5079
7378 4326
7379 5599
7384 4489
7387 4469
7388 4426
7394 5334
7397 5979
7399 5308
7401 4624
7404 4103
7408 4973
7409 5683
7411 5594
7412 5859
7416 4537
7418 5185
7420 4085
7421 5219
7423 4596
7424 4524
7426 4050
7428 5035
7432 5346
7433 4696
7440 4441
7441 5981
7442 5800
7447 5089
7449 4314
7456 5451
7458 5796
7468 4875
7476 5840
7477 4380
7480 4708
7483 5238
7485 5055
7489 5558
7490 5110
7491 4005
7499 4188
7500 4916
7501 4528
7507 5626
7508 5145
7513 4292
7514 4581
7524 5028
7526 4664
7527 5617
7531 5061
7532 5190
7536 4130
7537 4156
7538 5188
7540 5087
7542 4468
7543 5562
7546 4991
7552 5883
7555 4516
7558 5143
7562 5102
7567 4887
7570 4862
7571 5021
7573 4540
7574 5646
7576 4869
7583 5311
7590 4234
7591 4088
7592 5221
7597 5286
7598 4043
7600 4158
7601 4363
7607 4906
7609 5501
7615 5397
7617 5536
7618 5222
7619 4042
7624 4318
7628 4517
7630 5798
7633 5236
7635 5038
7640 5236
7641 5661
7642 4387
7645 5889
7651 4708
7652 4287
7653 4172
7654 5245
7657 4908
7660 4624
7664 5996
7665 4473
7668 5540
7671 4678
7672 5322
7673 5088
7676 4717
7679 4410
7680 5081
7688 5028
7690 5862
7691 4461
7692 4733
7693 5718
7694 5568
7695 4781
7696 4662
7701 5490
7702 4803
7706 5980
7708 5505
7709 5219
7710 4117
7711 4845
7712 5800
7715 5695
7717 4307
7718 5717
7721 5991
7722 4715
7723 5175
7726 5894
7727 5356
7730 4896
7731 5725
7732 5691
7733 4322
7737 5606
7739 5785
7740 4802
7744 4046
7745 4306
7747 4371
7748 5544
7750 5630
7752 5737
7755 5680
7756 4419
7758 4348
7759 4084
7762 4592
7764 4754
7765 4568
7766 4108
7771 4666
7772 5875
7773 5225
7780 4264
7789 5603
7790 4879
7791 4586
7794 4934
7795 5132
7797 4206
7798 5328
7799 5040
7805 4186
7809 4729
7811 5965
7812 5626
7816 5789
7822 5981
7823 5396
7827 4462
7829 4467
7835 4471
7837 5678
7838 4252
7845 5959
7849 5748
7850 4764
7851 4157
7853 5133
7855 5794
7861 5320
7869 4385
7872 4529
7874 5591
7877 4032
7880 5327
7885 5776
7889 5898
7891 5553
7893 4591
7894 5990
7897 5764
7906 5859
7907 5495
7908 5458
7910 4755
7914 4337
7917 5741
7918 4034
7920 4184
7922 5865
7923 4557
7924 5991
7925 4943
7928 4566
7929 4541
7933 4502
7938 5527
7939 5989
7940 4005
7941 4766
7944 4745
7945 5717
7946 4561
7947 5741
7957 4182
7958 5696
7961 5405
7970 4703
7971 4965
7973 5252
7976 4221
7977 4008
7978 4483
7982 4777
7985 4825
7986 5206
7989 5930
7991 4670
7995 5394
7998 5239
7999 4811
6000 5819
6005 5622
6008 5349
6013 4535
6019 4635
6021 4151
6022 4622
6023 5668
6025 4871
6026 4176
6033 5375
6040 5787
6041 5836
6043 4957
6046 5394
6048 5127
6054 5164
6055 4801
6059 4160
6061 4567
6063 4669
6065 5927
6068 4100
6069 4073
6070 5385
6072 5376
6080 5386
6082 4813
6085 4350
6088 4994
6090 5103
6095 5797
6096 4306
6097 5134
6114 4156
6120 5487
6122 5370
6123 4132
6127 5966
6128 5616
6129 4718
6132 5887
6134 5421
6135 4386
6136 4113
6137 4531
6139 4670
6141 5410
4096 3350
4097 2276
4100 2137
4101 3120
4102 2687
4103 2824
4108 3352
4112 3794
4113 3659
4115 3384
4117 2599
4119 2761
4121 2014
4130 3276
4132 2820
4133 3045
4134 3617
4136 3297
4147 3349
4151 3075
4155 3288
4156 3220
4157 2071
4158 2981
4160 2618
4164 3354
4165 3641
4168 3110
4172 2958
4176 3246
4179 2711
4182 2241
4184 3696
4186 3553
4188 2888
4191 3021
4194 3911
4198 2877
4200 2283
4201 2659
4206 2116
4207 2198
4209 3553
4218 2857
4219 2210
4221 3441
4223 3209
4229 2829
4234 3025
4238 2227
4252 2007
4256 2604
4259 2761
4262 3274
4264 2507
4268 3017
4273 2635
4274 3386
4275 2974
4282 3795
4287 3307
4292 2764
4296 2707
4297 2061
4301 3337
4303 2936
4306 2851
4307 2847
4308 3810
4314 3662
4318 3079
4319 2152
4322 3359
4326 3174
4327 3883
4335 2745
4337 3898
4338 2339
4340 2658
4341 2221
4343 3183
4344 3417
4345 2335
4346 2905
4348 2466
4350 3606
4356 3051
4357 2814
4363 2386
4364 2435
4370 2287
4371 2480
4380 2278
4382 2391
4385 2030
4386 3846
4387 3744
4388 2880
4390 3906
4391 2822
4394 3098
4409 3823
4410 2050
4411 3193
4412 2102
4419 3805
4422 3178
4426 3121
4428 3502
4429 2877
4433 3999
4435 3666
4437 3596
4441 3102
4444 2782
4445 3063
4452 3677
4455 3026
4456 2988
4461 2542
4462 3564
4467 2884
4468 2677
4469 2064
4471 3936
4473 3989
4480 2259
4481 2921
4483 2134
4489 3761
4491 2743
4493 2679
4501 3449
4502 2411
4503 2332
4504 3196
4505 3771
4513 2477
4516 2061
4517 3756
4524 3005
4526 2213
4528 3841
4529 2858
4531 2257
4535 3285
4537 3161
4540 2576
4541 2879
4548 3915
4551 3961
4552 2805
4554 3319
4557 3955
4561 3180
4565 2463
4566 3600
4567 3763
4568 2474
4572 2233
4573 2899
4578 2393
4581 3823
4586 3680
4589 3021
4591 3172
4592 3139
4596 2212
4598 2373
4608 2080
4610 2601
4611 2674
4613 3414
4616 2499
4622 3545
4624 2422
4626 2808
4632 2213
4635 3041
4641 2444
4642 2338
4645 2517
4655 2871
4659 3899
4662 2037
4664 3182
4666 3782
4669 2181
4670 2622
4678 3028
4681 2011
4692 3516
4694 3863
4696 3374
4702 2967
4703 3678
4708 3572
4709 3161
4710 3866
4713 3238
4715 2176
4716 3027
4717 2249
4718 3974
4720 3486
4727 2474
4729 2574
4733 2846
4735 2516
4742 2946
4743 2843
4745 2073
4752 2855
4754 2655
4755 2201
4759 3866
4762 2661
4764 3066
4766 3595
4772 2714
4777 3171
4781 3973
4782 3918
4785 3247
4794 2458
4795 2687
4801 3518
4802 3457
4803 2573
4805 3555
4808 2615
4811 2258
4813 2890
4823 2006
4825 2820
4837 2343
4840 2367
4841 2177
4845 3542
4862 3048
4868 2025
4869 2505
4871 3557
4875 3449
4878 3630
4879 2628
4887 3720
4896 3631
4897 3411
4900 2226
4902 3675
4903 3453
4906 3250
4908 3542
4910 2333
4911 2278
4914 2642
4916 3995
4933 2412
4934 3662
4939 2994
4941 2522
4943 2045
4944 3357
4946 3230
4947 3900
4952 2136
4954 3844
4956 3674
4957 3201
4958 3962
4964 3776
4965 3480
4973 2889
4975 3651
4977 2371
4990 3640
4991 2921
4994 3936
4995 2698
4998 2160
4999 2533
5010 2235
5011 2160
5012 3561
5013 3277
5014 2584
5015 3868
5016 2726
5021 2883
5024 3825
5028 3222
5029 3378
5030 3603
5034 3235
5035 2373
5038 3110
5040 3666
5044 3384
5052 3868
5053 2326
5054 3350
5055 2957
5057 3497
5058 2671
5061 3722
5072 2831
5073 3363
5079 3369
5081 2147
5084 3659
5085 3544
5086 3880
5087 2715
5088 2727
5089 2672
5091 3436
5093 2650
5102 2609
5103 3736
5106 2630
5110 2921
5117 2797
5121 2591
5122 2894
5123 2870
5126 2005
5127 3180
5130 2309
5131 2668
5132 3904
5133 2818
5134 3985
5135 3313
5138 3378
5143 3577
5145 3054
5152 2642
5164 3902
5165 3981
5167 2958
5170 2482
5171 3404
5175 2108
5179 2916
5180 2788
5185 3984
5188 2606
5190 3943
5191 2666
5192 3826
5197 2689
5198 2000
5203 3692
5206 3534
5216 3785
5218 2139
5219 3803
5221 2368
5222 3132
5225 3966
5231 3884
5234 2510
5236 3053
5238 3339
5239 3525
5242 2172
5245 2601
5249 3826
5250 2282
5252 2276
5268 2294
5272 3466
5277 3674
5286 3968
5300 2893
5304 3082
5307 3374
5308 2975
5311 3528
5320 2160
5322 3829
5325 3697
5327 2216
5328 2930
5334 2435
5346 2846
5348 2218
5349 3195
5350 2321
5356 2997
5363 2535
5365 3911
5366 2654
5370 2705
5373 2396
5375 3177
5376 2061
5379 3507
5385 2098
5386 2386
5392 3241
5394 2703
5396 3854
5397 2849
5403 3987
5405 3706
5408 3420
5409 2809
5410 2265
5416 3279
5419 3513
5421 3129
5423 2775
5425 3132
5432 3598
5445 3105
5448 3039
5451 2965
5456 2219
5458 2338
5459 2636
5464 3338
5467 3836
5469 3589
5472 2933
5475 3247
5476 2544
5477 2071
5483 2295
5487 2117
5488 2748
5490 3716
5495 2209
5497 2551
5500 2765
5501 3816
5505 3489
5507 3270
5508 3029
5510 3811
5513 3462
5527 2534
5528 2139
5536 2057
5540 3916
5544 3249
5546 3964
5550 2086
5553 3913
5557 2398
5558 3004
5562 2159
5564 2296
5568 2407
5570 2300
5576 3498
5579 3035
5580 3583
5586 3164
5588 3834
5589 2977
5590 3003
5591 2657
5594 3032
5595 2574
5597 3084
5599 3754
5603 3276
5606 2290
5610 2042
5616 2311
5617 3489
5620 2318
5622 3015
5626 2845
5630 2068
5631 3547
5635 3864
5640 3978
5645 2509
5646 3840
5652 2664
5654 2955
5656 3425
5658 2628
5661 3295
5668 3999
5670 2488
5672 2193
5678 3386
5680 3591
5683 3266
5687 2186
5690 3215
5691 2714
5695 3938
5696 2647
5697 3312
5701 2677
5702 3167
5705 3169
5713 3316
5716 2499
5717 3699
5718 3114
5722 2850
5725 2311
5728 3546
5732 3791
5737 2868
5741 2883
5748 3964
5755 3261
5757 2011
5761 3692
5764 3233
5766 3927
5774 2568
5776 3509
5779 3603
5780 3067
5783 2106
5785 3113
5787 2143
5789 2342
5794 2984
5795 3720
5796 2747
5797 2340
5798 2822
5800 2503
5809 2444
5817 3252
5819 2946
5823 2601
5827 2534
5833 3330
5836 2265
5838 2009
5840 3963
5844 2202
5846 2364
5852 3223
5854 2863
5859 2773
5860 2790
5862 3321
5865 3423
5870 2256
5872 2723
5873 2269
5875 2046
5876 3840
5877 3364
5881 2169
5883 2645
5884 3442
5887 3653
5888 2017
5889 2366
5894 2552
5898 2107
5899 3302
5904 2905
5906 2944
5907 2069
5908 2266
5911 3689
5916 3051
5919 3039
5920 2123
5923 2545
5927 2204
5928 2069
5929 3772
5930 3705
5935 2915
5959 2109
5962 2612
5964 3418
5965 3992
5966 2426
5971 2548
5976 2357
5979 2437
5980 3914
5981 3759
5989 2470
5990 2427
5991 3204
5996 2549
4005 3527
4007 3832
4008 2816
4009 2512
4010 2442
4011 2943
4023 2458
4026 3070
4032 2843
4034 2593
4035 3491
4036 2275
4042 2694
4043 3361
4044 2768
4046 2708
4049 3663
4050 3562
4053 3347
4056 2113
4059 2657
4061 3062
4065 2706
4068 3595
4071 3963
4073 3533
4077 3708
4084 3151
4085 2427
4088 2356
2050 919
2057 1656
2061 1848
2064 1562
2068 394
2069 1250
2071 1995
2073 1523
2080 881
2086 1972
2098 1993
2102 1118
2106 1823
2107 1093
2108 20
2109 568
2113 691
2116 668
2117 1327
2123 1234
2134 1934
2136 238
2137 1999
2139 500
2143 745
2147 2
2152 1427
2159 1992
2160 1665
2169 1491
2172 1797
2176 1508
2177 1183
2181 1651
2186 754
2193 1573
2198 417
2201 150
2202 30
2204 1568
2209 1277
2210 423
2212 1123
2213 637
2216 1335
2218 467
2219 1862
2221 1193
2226 1404
2227 1019
2233 1136
2235 816
2241 1710
2249 863
2256 421
2257 758
2258 331
2259 197
2265 1107
2266 606
2269 1881
2275 214
2276 1839
2278 1488
2282 1948
2283 1161
2287 518
2290 1915
2294 1819
2295 625
2296 96
2300 1863
2309 357
2311 866
2318 1201
2321 1018
2326 1446
2332 1053
2333 675
2335 632
2338 82
2339 1346
2340 1675
2342 1151
2343 1754
2356 1887
2357 406
2364 1571
2366 1016
2367 1726
2368 762
2371 1815
2373 1131
2386 1517
2391 264
2393 919
2396 804
2398 1870
2407 1540
2411 943
2412 916
2422 161
2426 382
2427 1122
2435 220
2437 1704
2442 1792
2444 1355
2458 1184
2463 382
2466 281
2470 202
2474 1391
2477 1575
2480 505
2482 608
2488 70
2499 324
2503 1845
2505 1711
2507 914
2509 1400
2510 515
2512 359
2516 1893
2517 859
2522 1629
2533 582
2534 931
2535 1126
2542 1
2544 38
2545 1034
2548 798
2549 268
2551 1271
2552 716
2568 345
2573 613
2574 1724
2576 177
2584 1134
2591 1133
2593 159
2599 1491
2601 149
2604 642
2606 928
2609 894
2612 258
2615 463
2618 458
2622 1941
2628 1130
2630 1921
2635 1723
2636 721
2642 499
2645 520
2647 579
2650 951
2654 1421
2655 1429
2657 1494
2658 526
2659 467
2661 168
2664 547
2666 783
2668 897
2671 63
2672 1772
2674 1123
2677 953
2679 707
2687 31
2689 52
2694 1786
2698 472
2703 1997
2705 87
2706 1414
2707 1783
2708 1246
2711 182
2714 664
2715 1641
2723 548
2726 1563
2727 119
2743 1209
2745 1005
2747 905
2748 422
2761 1258
2764 1754
2765 590
2768 1794
2773 758
2775 1251
2782 1624
2788 365
2790 197
2797 1547
2805 1607
2808 1519
2809 101
2814 459
2816 1942
2818 1925
2820 1766
2822 698
2824 1489
2829 1959
2831 1982
2843 1050
2845 172
2846 923
2847 1308
2849 1137
2850 662
2851 1794
2855 1467
2857 1497
2858 307
2863 1766
2868 1238
2870 1686
2871 1765
2877 151
2879 44
2880 1228
2883 1937
2884 372
2888 1425
2889 538
2890 75
2893 1427
2894 129
2899 952
2905 637
2915 1632
2916 807
2921 340
2930 433
2933 1399
2936 1891
2943 1367
2944 1773
2946 388
2955 1061
2957 1194
2958 388
2965 1669
2967 95
2974 1028
2975 1704
2977 1883
2981 1786
2984 203
2988 1225
2994 327
2997 903
3003 252
3004 838
3005 1332
3015 353
3017 1950
3021 277
3025 1956
3026 1367
3027 1030
3028 667
3029 851
3032 262
3035 1025
3039 1669
3041 1809
3045 478
3048 1270
3051 1138
3053 1815
3054 504
3062 1141
3063 1109
3066 992
3067 130
3070 1254
3075 518
3079 1162
3082 1116
3084 534
3098 765
3102 318
3105 1018
3110 820
3113 1680
3114 721
3120 684
3121 1795
3129 1299
3132 1813
3139 1633
3151 150
3161 640
3164 1349
3167 398
3169 1213
3171 1209
3172 1434
3174 1188
3177 1219
3178 1931
3180 1722
3182 1651
3183 1227
3193 578
3195 316
3196 1318
3201 1598
3204 681
3209 1764
3215 1157
3220 1507
3222 547
3223 1242
3230 683
3233 1424
3235 1124
3238 1385
3241 1852
3246 1844
3247 585
3249 1968
3250 1993
3252 1957
3261 60
3266 1032
3270 327
3274 787
3276 1957
3277 820
3279 535
3285 1024
3288 446
3295 422
3297 878
3302 787
3307 205
3312 371
3313 1811
3316 79
3319 1092
3321 1460
3330 177
3337 1730
3338 478
3339 1567
3347 968
3349 1744
3350 1658
3352 1989
3354 730
3357 1952
3359 755
3361 1485
3363 77
3364 1550
3369 229
3374 18
3378 1687
3384 942
3386 1606
3404 135
3411 1181
3414 1472
3417 992
3418 1662
3420 1606
3423 1666
3425 288
3436 1973
3441 1983
3442 450
3449 462
3453 1938
3457 1955
3462 722
3466 378
3480 1698
3486 409
3489 802
3491 1906
3497 375
3498 1657
3502 528
3507 521
3509 757
3513 784
3516 847
3518 666
3525 1835
3527 586
3528 923
3533 1227
3534 452
3542 1148
3544 892
3545 1190
3546 298
3547 878
3553 1837
3555 78
3557 1039
3561 788
3562 1409
3564 1349
3572 1349
3577 892
3583 258
3589 1860
3591 1178
3595 288
3596 1984
3598 1588
3600 1058
3603 560
3606 1280
3617 808
3630 148
3631 1344
3640 1639
3641 1393
3651 1859
3653 660
3659 777
3662 1578
3663 1879
3666 1629
3674 431
3675 707
3677 856
3678 855
3680 286
3689 1443
3692 1537
3696 293
3697 1281
3699 1630
3705 575
3706 609
3708 860
3716 1428
3720 198
3722 956
3736 584
3744 1920
3754 333
3756 1019
3759 1947
3761 1493
3763 54
3771 1615
3772 256
3776 1894
3782 343
3785 690
3791 140
3794 144
3795 197
3803 1078
3805 1568
3810 1776
3811 1868
3816 1770
3823 1683
3825 127
3826 81
3829 1054
3832 349
3834 66
3836 1632
3840 697
3841 752
3844 1699
3846 1830
3854 1699
3863 1398
3864 1311
3866 1488
3868 1792
3880 1529
3883 1638
3884 610
3898 1523
3899 951
3900 222
3902 1266
3904 607
3906 130
3911 1966
3913 343
3914 1327
3915 400
3916 1891
3918 1123
3927 166
3936 692
3938 800
3943 960
3955 1706
3961 988
3962 931
3963 1486
3964 243
3966 1606
3968 1043
3973 619
3974 652
3978 660
3981 396
3984 1656
3985 866
3987 15
3989 1364
3992 1813
3995 826
3999 1526
2000 1631
2005 744
2006 1329
2007 1310
2009 558
2011 309
2014 317
2017 1589
2025 1939
2030 1124
2037 1013
2042 1490
2045 7
2046 517
