12000 11624
12001 11020
12002 10099
12003 11655
12004 11937
12005 11760
12006 11191
12007 11484
12008 10119
12009 11658
12010 10281
12011 11718
12012 11334
12013 11794
12014 11317
12015 10218
12016 10384
12017 11045
12018 11742
12019 10744
12020 10436
12021 10675
12022 11800
12023 11994
12024 10263
12025 11027
12026 11592
12027 11008
12028 10514
12029 10922
12030 10818
12031 10990
12032 11460
12033 11493
12034 11939
12035 11758
12036 11252
12037 11414
12038 10865
12039 11349
12040 11587
12041 11854
12042 10500
12043 10726
12044 11070
12045 10985
12046 11843
12047 11051
12048 11553
12049 11954
12050 11466
12051 10465
12052 10963
12053 10311
12054 11240
12055 10874
12056 11764
12057 11155
12058 10844
12059 11359
12060 11535
12061 11777
12062 11368
12063 11610
12064 11119
12065 11045
12066 10676
12067 10681
12068 10688
12069 11457
12070 10828
12071 11737
12072 10060
12073 10984
12074 10204
12075 11820
12076 11314
12077 10014
12078 11873
12079 10708
12080 11985
12081 11429
12082 10755
12083 10758
12084 10649
12085 11837
12086 11601
12087 10670
12088 10455
12089 10747
12090 10676
12091 10244
12092 11733
12093 11520
12094 11937
12095 11980
12096 11503
12097 10493
12098 11830
12099 10317
12100 11476
12101 11224
12102 10232
12103 11912
12104 10525
12105 11392
12106 10032
12107 11668
12108 10141
12109 11672
12110 11793
12111 10080
12112 11064
12113 10644
12114 10991
12115 10879
12116 11741
12117 11741
12118 11725
12119 11117
12120 11963
12121 11515
12122 10533
12123 10464
12124 10095
12125 11128
12126 10551
12127 10124
12128 10844
12129 10200
12130 11474
12131 10021
12132 10027
12133 10737
12134 11478
12135 11496
12136 10514
12137 11913
12138 10057
12139 11545
12140 10292
12141 10924
12142 10198
12143 11883
12144 11635
12145 10919
12146 11671
12147 11548
12148 11920
12149 10918
12150 11841
12151 10422
12152 11687
12153 11563
12154 10021
12155 11571
12156 10334
12157 10191
12158 11917
12159 11563
12160 11146
12161 10223
12162 10138
12163 11834
12164 10131
12165 10652
12166 10950
12167 10824
12168 11281
12169 10551
12170 10828
12171 11960
12172 10774
12173 10434
12174 10318
12175 10201
12176 11956
12177 10489
12178 11697
12179 11255
12180 11763
12181 10109
12182 10156
12183 10970
12184 10002
12185 10263
12186 11365
12187 11745
12188 10591
12189 11263
12190 10342
12191 11368
12192 10207
12193 11261
12194 11494
12195 11572
12196 11136
12197 10321
12198 10286
12199 11305
12200 10951
12201 11284
12202 11750
12203 11304
12204 10139
12205 11228
12206 10752
12207 10221
12208 11790
12209 11179
12210 10504
12211 10355
12212 10270
12213 10966
12214 10789
12215 11605
12216 11574
12217 10741
12218 10385
12219 11229
12220 11364
12221 11812
12222 10116
12223 10375
12224 11871
12225 11092
12226 10112
12227 10255
12228 10149
12229 11342
12230 11317
12231 10387
12232 11303
12233 10901
12234 11025
12235 11763
12236 10623
12237 10226
12238 11423
12239 11697
12240 10161
12241 10954
12242 10114
12243 11337
12244 11203
12245 11417
12246 10913
12247 10398
12248 11907
12249 10035
12250 10747
12251 11901
12252 11107
12253 11635
12254 10155
12255 11704
12256 10568
12257 11361
12258 10568
12259 11178
12260 10549
12261 11031
12262 11069
12263 10790
12264 11964
12265 10322
12266 11329
12267 11774
12268 11510
12269 10105
12270 10218
12271 10373
12272 11900
12273 10797
12274 11549
12275 10767
12276 11725
12277 10319
12278 11937
12279 10999
12280 11512
12281 10178
12282 10931
12283 10467
12284 10891
12285 11140
12286 10989
12287 11794
12288 10819
12289 10137
12290 11982
12291 10701
12292 10056
12293 10417
12294 10629
12295 11066
12296 10583
12297 11435
12298 11082
12299 11341
12300 10205
12301 11886
12302 11042
12303 11487
12304 11497
12305 11891
12306 10079
12307 11087
12308 10479
12309 10579
12310 10805
12311 10915
12312 11647
12313 10320
12314 10089
12315 10770
12316 10046
12317 11060
12318 11745
12319 11072
12320 10470
12321 11602
12322 10741
12323 10889
12324 11426
12325 11262
12326 10004
12327 10122
12328 10409
12329 11684
12330 10820
12331 10492
12332 10052
12333 10149
12334 11348
12335 11714
12336 11679
12337 11074
12338 10629
12339 11921
12340 10351
12341 10292
12342 10133
12343 10444
12344 11142
12345 11964
12346 10712
12347 10085
12348 11365
12349 10740
12350 10974
12351 11167
12352 10750
12353 11401
12354 10630
12355 10647
12356 10674
12357 10122
12358 10042
12359 10074
12360 11911
12361 11519
12362 10788
12363 11086
12364 11688
12365 11767
12366 11123
12367 10623
12368 11677
12369 11538
12370 11673
12371 10876
12372 10594
12373 10445
12374 10176
12375 11756
12376 10780
12377 10223
12378 10151
12379 10553
12380 11552
12381 11725
12382 11898
12383 11157
12384 11014
12385 10016
12386 10492
12387 11932
12388 10056
12389 11720
12390 11122
12391 10764
12392 11569
12393 11010
12394 11313
12395 10628
12396 11081
12397 11146
12398 10349
12399 11210
12400 10171
12401 10293
12402 10487
12403 11709
12404 10739
12405 10028
12406 10606
12407 10985
12408 11208
12409 10727
12410 11796
12411 10596
12412 10900
12413 11780
12414 10330
12415 10223
12416 11174
12417 11056
12418 11884
12419 11862
12420 10949
12421 11223
12422 10388
12423 11430
12424 10824
12425 10057
12426 10540
12427 11834
12428 10408
12429 10892
12430 10947
12431 10762
12432 10392
12433 11087
12434 11667
12435 11529
12436 10687
12437 10004
12438 10731
12439 11986
12440 10816
12441 11091
12442 10780
12443 10652
12444 11585
12445 10097
12446 10858
12447 11751
12448 10594
12449 10082
12450 11390
12451 10647
12452 11004
12453 10469
12454 11534
12455 11942
12456 11586
12457 10416
12458 10836
12459 11873
12460 10529
12461 11671
12462 11093
12463 10112
12464 11023
12465 11427
12466 11448
12467 11371
12468 10027
12469 10039
12470 11200
12471 10916
12472 10382
12473 11297
12474 11695
12475 10808
12476 10126
12477 11651
12478 11436
12479 11900
12480 11624
12481 10860
12482 10075
12483 10209
12484 10368
12485 11303
12486 11851
12487 11785
12488 11824
12489 10908
12490 11734
12491 10059
12492 11768
12493 11482
12494 10212
12495 10498
12496 10560
12497 10423
12498 11996
12499 10056
12500 10436
12501 10324
12502 10582
12503 10868
12504 11530
12505 10140
12506 11668
12507 11833
12508 11487
12509 10652
12510 11992
12511 11241
12512 10694
12513 11223
12514 11331
12515 11425
12516 10905
12517 11311
12518 10114
12519 10615
12520 10634
12521 10610
12522 11082
12523 11124
12524 11160
12525 11504
12526 11717
12527 11153
12528 11808
12529 11862
12530 10372
12531 10273
12532 11252
12533 11407
12534 11461
12535 11181
12536 10776
12537 10361
12538 11565
12539 10293
12540 10166
12541 10307
12542 10509
12543 10703
12544 10066
12545 11970
12546 10136
12547 11926
12548 10124
12549 11019
12550 11059
12551 11490
12552 10288
12553 11121
12554 10842
12555 10489
12556 10230
12557 11190
12558 10095
12559 10935
12560 10819
12561 10011
12562 11356
12563 10634
12564 10278
12565 11051
12566 11665
12567 11447
12568 10833
12569 10377
12570 11828
12571 10863
12572 10075
12573 11065
12574 10103
12575 11460
12576 11368
12577 11903
12578 11041
12579 11734
12580 11193
12581 11282
12582 10010
12583 10816
12584 10700
12585 11833
12586 11653
12587 10640
12588 11637
12589 11909
12590 10354
12591 10010
12592 10764
12593 11193
12594 10617
12595 10867
12596 11818
12597 11780
12598 11352
12599 10085
12600 10382
12601 10005
12602 10885
12603 11415
12604 11906
12605 11741
12606 10590
12607 10821
12608 11293
12609 11490
12610 10154
12611 10376
12612 10317
12613 11136
12614 10984
12615 11073
12616 11045
12617 10019
12618 11903
12619 10634
12620 10846
12621 11647
12622 11707
12623 10193
12624 11061
12625 10674
12626 10524
12627 11491
12628 11740
12629 10173
12630 10674
12631 10975
12632 10056
12633 10924
12634 11066
12635 10418
12636 11189
12637 11372
12638 10304
12639 11749
12640 11417
12641 10103
12642 11640
12643 11281
12644 10406
12645 11148
12646 10625
12647 11870
12648 11144
12649 10502
12650 10776
12651 10327
12652 10701
12653 11705
12654 10379
12655 10948
12656 11781
12657 11511
12658 11385
12659 11633
12660 10796
12661 10965
12662 11871
12663 10834
12664 10883
12665 11005
12666 10719
12667 10588
12668 10466
12669 11512
12670 10127
12671 10626
12672 10219
12673 10827
12674 11390
12675 10677
12676 11888
12677 10220
12678 11459
12679 10671
12680 10833
12681 10914
12682 10150
12683 11804
12684 10629
12685 10066
12686 10139
12687 10731
12688 11505
12689 11676
12690 10324
12691 11435
12692 10756
12693 10509
12694 11226
12695 10137
12696 11940
12697 11984
12698 11817
12699 11520
12700 10979
12701 10199
12702 10656
12703 10315
12704 10410
12705 11994
12706 11346
12707 11633
12708 10172
12709 10505
12710 11989
12711 10324
12712 10934
12713 11947
12714 11389
12715 11742
12716 11642
12717 11636
12718 10831
12719 10343
12720 10421
12721 11017
12722 10954
12723 11100
12724 10914
12725 10149
12726 11865
12727 11982
12728 10205
12729 11442
12730 10932
12731 10480
12732 10388
12733 11408
12734 10568
12735 10823
12736 11051
12737 10430
12738 11434
12739 10284
12740 11806
12741 11083
12742 11692
12743 10611
12744 11856
12745 11239
12746 10588
12747 11015
12748 11811
12749 11594
12750 11522
12751 11136
12752 11656
12753 11363
12754 11074
12755 11518
12756 10857
12757 10006
12758 11174
12759 11712
12760 11739
12761 10389
12762 10574
12763 10321
12764 10018
12765 10258
12766 11733
12767 11468
12768 11297
12769 11938
12770 11479
12771 11243
12772 10298
12773 11051
12774 10341
12775 10786
12776 10070
12777 11990
12778 11991
12779 10998
12780 11951
12781 11608
12782 10728
12783 11969
12784 10714
12785 10920
12786 11926
12787 11598
12788 11346
12789 10094
12790 10599
12791 10481
12792 10450
12793 10987
12794 11562
12795 11626
12796 11607
12797 10555
12798 10024
12799 11732
12800 11489
12801 10629
12802 11041
12803 11424
12804 10951
12805 10619
12806 11957
12807 11358
12808 11328
12809 11921
12810 11163
12811 10500
12812 10450
12813 11472
12814 11520
12815 10741
12816 10232
12817 11339
12818 11180
12819 11315
12820 11706
12821 11047
12822 11341
12823 10284
12824 10161
12825 11942
12826 10020
12827 10747
12828 10139
12829 10719
12830 11919
12831 10110
12832 11374
12833 11793
12834 11220
12835 11985
12836 11492
12837 10284
12838 10629
12839 10807
12840 11602
12841 10584
12842 11361
12843 11705
12844 11795
12845 10654
12846 11133
12847 10558
12848 10272
12849 11307
12850 11025
12851 10700
12852 11517
12853 11926
12854 11530
12855 10759
12856 11879
12857 11774
12858 11407
12859 11456
12860 11199
12861 11697
12862 10769
12863 11817
12864 10837
12865 11933
12866 11501
12867 11258
12868 11587
12869 10852
12870 10760
12871 10046
12872 11990
12873 11693
12874 10241
12875 11640
12876 10712
12877 10869
12878 10841
12879 11034
12880 10233
12881 10059
12882 11026
12883 11860
12884 10942
12885 10992
12886 10775
12887 11597
12888 10114
12889 11148
12890 10378
12891 11913
12892 11754
12893 11671
12894 11630
12895 11017
12896 10794
12897 10491
12898 10216
12899 10606
12900 11498
12901 11027
12902 11983
12903 10248
12904 10333
12905 11069
12906 11125
12907 11818
12908 10324
12909 10377
12910 10792
12911 10822
12912 10067
12913 11859
12914 10933
12915 11493
12916 10709
12917 11646
12918 10914
12919 11917
12920 11851
12921 11846
12922 10132
12923 10017
12924 10774
12925 11815
12926 11661
12927 11940
12928 10887
12929 10422
12930 10307
12931 11145
12932 11936
12933 11524
12934 10894
12935 11720
12936 11477
12937 10112
12938 10144
12939 10021
12940 10257
12941 11228
12942 10160
12943 11441
12944 11366
12945 10686
12946 11467
12947 10775
12948 10838
12949 11730
12950 11495
12951 10326
12952 10790
12953 10838
12954 11092
12955 11050
12956 11628
12957 11279
12958 11608
12959 10965
12960 11617
12961 10063
12962 10451
12963 10389
12964 11126
12965 10565
12966 11185
12967 10395
12968 10924
12969 11528
12970 11200
12971 11212
12972 11973
12973 10418
12974 11617
12975 11066
12976 11220
12977 10982
12978 10312
12979 11046
12980 11755
12981 11353
12982 10168
12983 10848
12984 11099
12985 10672
12986 10328
12987 10061
12988 11674
12989 10598
12990 11530
12991 11243
12992 10845
12993 10416
12994 11295
12995 10417
12996 10053
12997 11770
12998 10043
12999 10063
13000 11663
13001 10390
13002 11147
13003 10754
13004 11989
13005 10839
13006 11287
13007 11370
13008 11591
13009 11750
13010 10543
13011 10652
13012 10965
13013 11919
13014 11752
13015 10219
13016 10358
13017 11944
13018 11704
13019 11733
13020 11397
13021 11200
13022 10323
13023 10487
13024 10369
13025 11050
13026 11315
13027 11588
13028 10481
13029 11994
13030 10778
13031 11128
13032 11558
13033 11491
13034 11176
13035 11765
13036 10499
13037 10901
13038 10802
13039 11145
13040 10234
13041 11504
13042 10281
13043 11011
13044 10778
13045 10373
13046 11906
13047 11335
13048 11841
13049 11182
13050 11308
13051 10265
13052 11699
13053 11624
13054 11808
13055 10783
13056 10300
13057 11776
13058 11915
13059 10804
13060 11204
13061 11589
13062 11130
13063 10620
13064 10820
13065 10850
13066 10577
13067 11316
13068 11998
13069 11187
13070 10888
13071 10114
13072 11945
13073 11932
13074 11389
13075 11181
13076 10709
13077 11809
13078 10439
13079 10556
13080 10541
13081 11914
13082 11185
13083 11622
13084 10540
13085 11707
13086 10738
13087 11099
13088 10356
13089 10695
13090 11395
13091 10578
13092 10106
13093 11168
13094 11221
13095 11020
13096 11233
13097 11133
13098 10020
13099 11100
13100 10281
13101 10843
13102 11767
13103 11740
13104 11902
13105 11153
13106 10289
13107 11870
13108 10736
13109 10236
13110 11923
13111 10032
13112 10674
13113 10749
13114 11003
13115 11626
13116 11119
13117 10638
13118 10729
13119 11420
13120 11285
13121 11730
13122 11487
13123 11169
13124 11845
13125 10773
13126 11805
13127 10380
13128 10912
13129 11302
13130 10806
13131 11115
13132 10809
13133 10856
13134 10896
13135 10000
13136 11667
13137 10884
13138 10078
13139 11638
13140 10858
13141 10228
13142 10980
13143 10276
13144 10755
13145 11732
13146 10096
13147 11388
13148 10581
13149 10521
13150 10228
13151 11222
13152 10768
13153 10490
13154 10776
13155 11258
13156 11710
13157 10158
13158 10726
13159 11284
13160 10759
13161 11378
13162 11568
13163 10593
13164 11333
13165 11474
13166 11847
13167 10043
13168 10851
13169 10678
13170 11787
13171 11936
13172 10991
13173 10348
13174 11394
13175 11125
13176 10989
13177 11129
13178 10993
13179 10246
13180 10490
13181 10446
13182 10609
13183 10089
13184 10426
13185 10139
13186 11165
13187 11282
13188 11483
13189 10322
13190 10509
13191 11567
13192 11970
13193 10234
13194 10149
13195 10835
13196 11910
13197 11904
13198 10838
13199 10336
13200 10243
13201 10072
13202 10351
13203 11038
13204 10234
13205 10484
13206 11701
13207 11113
13208 11864
13209 10804
13210 10686
13211 10899
13212 11223
13213 10168
13214 10581
13215 11774
13216 10156
13217 11606
13218 10772
13219 10606
13220 10317
13221 10894
13222 11727
13223 11857
13224 11020
13225 10927
13226 11603
13227 10701
13228 10909
13229 10814
13230 10407
13231 10654
13232 10750
13233 11609
13234 11499
13235 10412
13236 10807
13237 11012
13238 10674
13239 11063
13240 11702
13241 11371
13242 10011
13243 11679
13244 10148
13245 10026
13246 10958
13247 10571
13248 10027
13249 10833
13250 10667
13251 10759
13252 11238
13253 10466
13254 11150
13255 10684
13256 10040
13257 10857
13258 10922
13259 10104
13260 10362
13261 10535
13262 11125
13263 11523
13264 10450
13265 11673
13266 11020
13267 10196
13268 11464
13269 11548
13270 10750
13271 11443
13272 10984
13273 10190
13274 11444
13275 11427
13276 10641
13277 10856
13278 11141
13279 11559
13280 10046
13281 10056
13282 11495
13283 11986
13284 10249
13285 10039
13286 11702
13287 10238
13288 10856
13289 10040
13290 11786
13291 11658
13292 11064
13293 11276
13294 10552
13295 11988
13296 11577
13297 11066
13298 10677
13299 11125
13300 10696
13301 10447
13302 10502
13303 10226
13304 11709
13305 10122
13306 11988
13307 10405
13308 11236
13309 11481
13310 10884
13311 10714
13312 10620
13313 11845
13314 10101
13315 10141
13316 11925
13317 10092
13318 10501
13319 10646
13320 10663
13321 10619
13322 11401
13323 10788
13324 11370
13325 11792
13326 10920
13327 11143
13328 11220
13329 11769
13330 11378
13331 11690
13332 11243
13333 10981
13334 10754
13335 11839
13336 11025
13337 10039
13338 11841
13339 11823
13340 10083
13341 10485
13342 11831
13343 11126
13344 10284
13345 10440
13346 10605
13347 11801
13348 11164
13349 10542
13350 10820
13351 10238
13352 10547
13353 10795
13354 10527
13355 11424
13356 11655
13357 11167
13358 11556
13359 11363
13360 10607
13361 11558
13362 11617
13363 10350
13364 11270
13365 11450
13366 10664
13367 10414
13368 10103
13369 10302
13370 11334
13371 10361
13372 10555
13373 11631
13374 10919
13375 10974
13376 10759
13377 11341
13378 11826
13379 11811
13380 11185
13381 11051
13382 10800
13383 10805
13384 11479
13385 10313
13386 11302
13387 11920
13388 11223
13389 11921
13390 11525
13391 11495
13392 11471
13393 11441
13394 10088
13395 11636
13396 10697
13397 11713
13398 11446
13399 10681
13400 10421
13401 10873
13402 10322
13403 11056
13404 10510
13405 11623
13406 10703
13407 11118
13408 10543
13409 10719
13410 11698
13411 10787
13412 10739
13413 10277
13414 10614
13415 10887
13416 10466
13417 11393
13418 10906
13419 10896
13420 11175
13421 11017
13422 10285
13423 11996
13424 10808
13425 11747
13426 11078
13427 10478
13428 10088
13429 10795
13430 10662
13431 11737
13432 11185
13433 11598
13434 11065
13435 10386
13436 11542
13437 11336
13438 10845
13439 11212
13440 11238
13441 10047
13442 11344
13443 11003
13444 10306
13445 11909
13446 11248
13447 10273
13448 10783
13449 10564
13450 10833
13451 10889
13452 10510
13453 11362
13454 11643
13455 10156
13456 10335
13457 10779
13458 11896
13459 10052
13460 10415
13461 10023
13462 10812
13463 11607
13464 11804
13465 11215
13466 11630
13467 10529
13468 10432
13469 10291
13470 11496
13471 11817
13472 10845
13473 11079
13474 10572
13475 11177
13476 10979
13477 11281
13478 11142
13479 10247
13480 11775
13481 11769
13482 10888
13483 10129
13484 10340
13485 11961
13486 10048
13487 10201
13488 11306
13489 10472
13490 10894
13491 10360
13492 10884
13493 11225
13494 11726
13495 10815
13496 10981
13497 11300
13498 10225
13499 11425
13500 10239
13501 11558
13502 11173
13503 11364
13504 10688
13505 10867
13506 10540
13507 11071
13508 10476
13509 10358
13510 11885
13511 10974
13512 10877
13513 11074
13514 11268
13515 10942
13516 11117
13517 10809
13518 11015
13519 10727
13520 11794
13521 10567
13522 10115
13523 11066
13524 10282
13525 11157
13526 11185
13527 10431
13528 10529
13529 11101
13530 11634
13531 11262
13532 10955
13533 11470
13534 11342
13535 10647
13536 11667
13537 10735
13538 10224
13539 11289
13540 11102
13541 11261
13542 11677
13543 10275
13544 10650
13545 11006
13546 11510
13547 11501
13548 10034
13549 10064
13550 11547
13551 10357
13552 11834
13553 10934
13554 10498
13555 10020
13556 10314
13557 10381
13558 10129
13559 10078
13560 10559
13561 10904
13562 11876
13563 10530
13564 11951
13565 10931
13566 11974
13567 11511
13568 11554
13569 11885
13570 11158
13571 10646
13572 10593
13573 11321
13574 11060
13575 11272
13576 10518
13577 10011
13578 11229
13579 10416
13580 11860
13581 11342
13582 10314
13583 11862
13584 11647
13585 10354
13586 10796
13587 11795
13588 10052
13589 11379
13590 11818
13591 10772
13592 10978
13593 11733
13594 11152
13595 11126
13596 10888
13597 10273
13598 10022
13599 11824
13600 10650
13601 11418
13602 10579
13603 11252
13604 10207
13605 10245
13606 10117
13607 10837
13608 11915
13609 10893
13610 11869
13611 10007
13612 11899
13613 11249
13614 10707
13615 10861
13616 10570
13617 11333
13618 10860
13619 11697
13620 11177
13621 10012
13622 11442
13623 11251
13624 11718
13625 11958
13626 11936
13627 11112
13628 10732
13629 11053
13630 11279
13631 11839
13632 11374
13633 10018
13634 11561
13635 10753
13636 10088
13637 10219
13638 10740
13639 10284
13640 11448
13641 11315
13642 11012
13643 10437
13644 10375
13645 10273
13646 11912
13647 10551
13648 10912
13649 10736
13650 11748
13651 10272
13652 11672
13653 11684
13654 11782
13655 10965
13656 11415
13657 10156
13658 11226
13659 11009
13660 10152
13661 11986
13662 10787
13663 11962
13664 11405
13665 10635
13666 10734
13667 10073
13668 11125
13669 10961
13670 10528
13671 11842
13672 11220
13673 11264
13674 11884
13675 11046
13676 10843
13677 11942
13678 11374
13679 10020
13680 10810
13681 11604
13682 10829
13683 11766
13684 11594
13685 10131
13686 10258
13687 11369
13688 10260
13689 10075
13690 11394
13691 10766
13692 11702
13693 10191
13694 10159
13695 11452
13696 10435
13697 10958
13698 10849
13699 10123
13700 11127
13701 10938
13702 11189
13703 10974
13704 11367
13705 11900
13706 10184
13707 10795
13708 11018
13709 10589
13710 10095
13711 11176
13712 11058
13713 11801
13714 10820
13715 11825
13716 10944
13717 11000
13718 11616
13719 11336
13720 10389
13721 11078
13722 10086
13723 11256
13724 11133
13725 10439
13726 10568
13727 10264
13728 10310
13729 10748
13730 11967
13731 11460
13732 11265
13733 10656
13734 10347
13735 10585
13736 10049
13737 11420
13738 10908
13739 10432
13740 10383
13741 10804
13742 10026
13743 10913
13744 10778
13745 10616
13746 10811
13747 10841
13748 11039
13749 11804
13750 10469
13751 11497
13752 11599
13753 10415
13754 11005
13755 10899
13756 10431
13757 10265
13758 11424
13759 11982
13760 10695
13761 10259
13762 11738
13763 11954
13764 11567
13765 10989
13766 11504
13767 11303
13768 11374
13769 10688
13770 11149
13771 10988
13772 11837
13773 11125
13774 11350
13775 10616
13776 11845
13777 11537
13778 11848
13779 10598
13780 10223
13781 10428
13782 10122
13783 11491
13784 10546
13785 11304
13786 11309
13787 10324
13788 11580
13789 10524
13790 11870
13791 11918
13792 11557
13793 11511
13794 10780
13795 11016
13796 10457
13797 11358
13798 10040
13799 11496
13800 11371
13801 10701
13802 10919
13803 11292
13804 10975
13805 11033
13806 10419
13807 10829
13808 11135
13809 10300
13810 11347
13811 10432
13812 10817
13813 10601
13814 10055
13815 11612
13816 11368
13817 11052
13818 10412
13819 11786
13820 10523
13821 11615
13822 10564
13823 11343
13824 10197
13825 11326
13826 11268
13827 10282
13828 11856
13829 11320
13830 11682
13831 11748
13832 11249
13833 11893
13834 11209
13835 10409
13836 10566
13837 10679
13838 11325
13839 10883
13840 11000
13841 10167
13842 10552
13843 11302
13844 10022
13845 11651
13846 10976
13847 11094
13848 11047
13849 11554
13850 11298
13851 10582
13852 11351
13853 11003
13854 10740
13855 11239
13856 11256
13857 10487
13858 10412
13859 10247
13860 10795
13861 10076
13862 11987
13863 11653
13864 10591
13865 11541
13866 11894
13867 10851
13868 11135
13869 11126
13870 11807
13871 11581
13872 11130
13873 10816
13874 10907
13875 10611
13876 10736
13877 11946
13878 10306
13879 11076
13880 10846
13881 10661
13882 11245
13883 10881
13884 11208
13885 10852
13886 11138
13887 11936
13888 11492
13889 11668
13890 11144
13891 10711
13892 10920
13893 10597
13894 11587
13895 10249
13896 11808
13897 10857
13898 10023
13899 11307
13900 10935
13901 10703
13902 11632
13903 11849
13904 10458
13905 11652
13906 10484
13907 11171
13908 11222
13909 11067
13910 11539
13911 11968
13912 10961
13913 11066
13914 10378
13915 11414
13916 10252
13917 10093
13918 11542
13919 10416
13920 11566
13921 11232
13922 10408
13923 11535
13924 10967
13925 11850
13926 10393
13927 11676
13928 10527
13929 10883
13930 11725
13931 10808
13932 10369
13933 10194
13934 10045
13935 10623
13936 10163
13937 11369
13938 10552
13939 11345
13940 11512
13941 11622
13942 10827
13943 11801
13944 11704
13945 10212
13946 11705
13947 11076
13948 11960
13949 11336
13950 10985
13951 11357
13952 11141
13953 10451
13954 11212
13955 11918
13956 11142
13957 11124
13958 11789
13959 10455
13960 10180
13961 11523
13962 11265
13963 10953
13964 11202
13965 11122
13966 11633
13967 10180
13968 10663
13969 11222
13970 10119
13971 11969
13972 11763
13973 10810
13974 10591
13975 10590
13976 11429
13977 11033
13978 11177
13979 10328
13980 10848
13981 10966
13982 10323
13983 11079
13984 10084
13985 11539
13986 11795
13987 11412
13988 11667
13989 10900
13990 10866
13991 10698
13992 11556
13993 11322
13994 10324
13995 11234
13996 11101
13997 11649
13998 10772
13999 10912
10000 9806
10002 8563
10004 8615
10005 8506
10006 9132
10007 9866
10010 9786
10011 9405
10012 8914
10014 8498
10016 8431
10017 8939
10018 8677
10019 9716
10020 9199
10021 9528
10022 9626
10023 9559
10024 8830
10026 8960
10027 9588
10028 8758
10032 9184
10034 9248
10035 9677
10039 8530
10040 9059
10042 8627
10043 8688
10045 8030
10046 9650
10047 8426
10048 9268
10049 9322
10052 8473
10053 8907
10055 8378
10056 8824
10057 8716
10059 8333
10060 8804
10061 8862
10063 9991
10064 9180
10066 8488
10067 8054
10070 9746
10072 8284
10073 9488
10074 8905
10075 8072
10076 9173
10078 8770
10079 9943
10080 9678
10082 9318
10083 8195
10084 9671
10085 9632
10086 8291
10088 8116
10089 8219
10092 9411
10093 8192
10094 9446
10095 8639
10096 8869
10097 9162
10099 8446
10101 9232
10103 9660
10104 8558
10105 8598
10106 8027
10109 9275
10110 8987
10112 8005
10114 8250
10115 9667
10116 9378
10117 9872
10119 8205
10122 9513
10123 9390
10124 8971
10126 9975
10127 8477
10129 8205
10131 8947
10132 9050
10133 9214
10136 8137
10137 9150
10138 9832
10139 9975
10140 9885
10141 9365
10144 9594
10148 9632
10149 9523
10150 8128
10151 8112
10152 8905
10154 8864
10155 8447
10156 9359
10158 8687
10159 8973
10160 8224
10161 8360
10163 8005
10166 9726
10167 9967
10168 8860
10171 9162
10172 8124
10173 8770
10176 8830
10178 8958
10180 8836
10184 9819
10190 8742
10191 9012
10193 8702
10194 8384
10196 8323
10197 9033
10198 8194
10199 9632
10200 9346
10201 8664
10204 9005
10205 8737
10207 8736
10209 9824
10212 9252
10216 9400
10218 8139
10219 9587
10220 8030
10221 8040
10223 9866
10224 8878
10225 8771
10226 9310
10228 8239
10230 9529
10232 9554
10233 8644
10234 9848
10236 9509
10238 9159
10239 9163
10241 8914
10243 9065
10244 8154
10245 8848
10246 9108
10247 9916
10248 9104
10249 8518
10252 8319
10255 9012
10257 8532
10258 8548
10259 8755
10260 9841
10263 9454
10264 9006
10265 9331
10270 9567
10272 8099
10273 9272
10275 9000
10276 9733
10277 8880
10278 8974
10281 8445
10282 8593
10284 8084
10285 8265
10286 9645
10288 8376
10289 9277
10291 9465
10292 9650
10293 9831
10298 9238
10300 8971
10302 8413
10304 9522
10306 9828
10307 8063
10310 9107
10311 9279
10312 8388
10313 8999
10314 8399
10315 9147
10317 9103
10318 8406
10319 9393
10320 8874
10321 8236
10322 8398
10323 8764
10324 9035
10326 8340
10327 9932
10328 8300
10330 9763
10333 9653
10334 9775
10335 9003
10336 8407
10340 8574
10341 8043
10342 9783
10343 8457
10347 8782
10348 9076
10349 8477
10350 9946
10351 9509
10354 8206
10355 9653
10356 9809
10357 9301
10358 9174
10360 8711
10361 9598
10362 8588
10368 9759
10369 9916
10372 9230
10373 9219
10375 8680
10376 9550
10377 9738
10378 9979
10379 9860
10380 9187
10381 8967
10382 8371
10383 9775
10384 9270
10385 8810
10386 8893
10387 9668
10388 8237
10389 9326
10390 9824
10392 9072
10393 8992
10395 9297
10398 9500
10405 8171
10406 8857
10407 9295
10408 8178
10409 9277
10410 8237
10412 8580
10414 8331
10415 9160
10416 9285
10417 8202
10418 8290
10419 9298
10421 9284
10422 9114
10423 8367
10426 9994
10428 9755
10430 9170
10431 9068
10432 8573
10434 9255
10435 8026
10436 8241
10437 9671
10439 8426
10440 9865
10444 9923
10445 8399
10446 8058
10447 9619
10450 8564
10451 8955
10455 8576
10457 8766
10458 9992
10464 9676
10465 8531
10466 9840
10467 8182
10469 9715
10470 8205
10472 9511
10476 9420
10478 8308
10479 8673
10480 8646
10481 8411
10484 9589
10485 9493
10487 9528
10489 9382
10490 9970
10491 9958
10492 9953
10493 9325
10498 8494
10499 9597
10500 8225
10501 8640
10502 8364
10504 9550
10505 8182
10509 9738
10510 8976
10514 9518
10518 8701
10521 8214
10523 8932
10524 8841
10525 8639
10527 8190
10528 9776
10529 8760
10530 8887
10533 9975
10535 8368
10540 8030
10541 8679
10542 8189
10543 8536
10546 9485
10547 8898
10549 9178
10551 8918
10552 8778
10553 8196
10555 8562
10556 9847
10558 9645
10559 8293
10560 8022
10564 8855
10565 9867
10566 9624
10567 8496
10568 9652
10570 8380
10571 9833
10572 9489
10574 8031
10577 8951
10578 9309
10579 9033
10581 9553
10582 8021
10583 9256
10584 9145
10585 8229
10588 9988
10589 9789
10590 8470
10591 8764
10593 9569
10594 9381
10596 8141
10597 8034
10598 8895
10599 8300
10601 8197
10605 8226
10606 9154
10607 8252
10609 8546
10610 8873
10611 9364
10614 8394
10615 8863
10616 9629
10617 8774
10619 9141
10620 8635
10623 9692
10625 8104
10626 9598
10628 8455
10629 8323
10630 9185
10634 8465
10635 8317
10638 9793
10640 9013
10641 8168
10644 8142
10646 8487
10647 9666
10649 9515
10650 9755
10652 8731
10654 8007
10656 8430
10661 9436
10662 9876
10663 9620
10664 8377
10667 9184
10670 8413
10671 8489
10672 9196
10674 8757
10675 8684
10676 8564
10677 9057
10678 8969
10679 8144
10681 9118
10684 8570
10686 9339
10687 9881
10688 8576
10694 9591
10695 9367
10696 9094
10697 8226
10698 9880
10700 8424
10701 9093
10703 8700
10707 8459
10708 9904
10709 8534
10711 9511
10712 9826
10714 9876
10719 8236
10726 8571
10727 9152
10728 8622
10729 9549
10731 8904
10732 9640
10734 8794
10735 9364
10736 9132
10737 8560
10738 9032
10739 9829
10740 8449
10741 8519
10744 9053
10747 8897
10748 8407
10749 8616
10750 8689
10752 8108
10753 8327
10754 8204
10755 8120
10756 8207
10758 9400
10759 9159
10760 9703
10762 8689
10764 9073
10766 9194
10767 9329
10768 8991
10769 9656
10770 9517
10772 9998
10773 8785
10774 9771
10775 8917
10776 8302
10778 8311
10779 9343
10780 8514
10783 9724
10786 8867
10787 9613
10788 9649
10789 8793
10790 8167
10792 8828
10794 8827
10795 9128
10796 8707
10797 8571
10800 8637
10802 8979
10804 9701
10805 9345
10806 8202
10807 9165
10808 9577
10809 8750
10810 8688
10811 8982
10812 8603
10814 9360
10815 8987
10816 9300
10817 9109
10818 8547
10819 8896
10820 9961
10821 9514
10822 9536
10823 9062
10824 9659
10827 8878
10828 8743
10829 8906
10831 9766
10833 9311
10834 8473
10835 8670
10836 8475
10837 9646
10838 8473
10839 8067
10841 9340
10842 9126
10843 9488
10844 9427
10845 9259
10846 9123
10848 8655
10849 8100
10850 8966
10851 8304
10852 9733
10856 8287
10857 8221
10858 9066
10860 8319
10861 8685
10863 8663
10865 8832
10866 8193
10867 8358
10868 9903
10869 9648
10873 9649
10874 9286
10876 8269
10877 9713
10879 9210
10881 8922
10883 8175
10884 9533
10885 8415
10887 9737
10888 8398
10889 8281
10891 8098
10892 9421
10893 9195
10894 8734
10896 9421
10899 9294
10900 8727
10901 9252
10904 8002
10905 8286
10906 9433
10907 9762
10908 9614
10909 8910
10912 9260
10913 9993
10914 8916
10915 8398
10916 8547
10918 8127
10919 8905
10920 9763
10922 9071
10924 8740
10927 8544
10931 8106
10932 9637
10933 8979
10934 8984
10935 9845
10938 8916
10942 9596
10944 8741
10947 9869
10948 8694
10949 9903
10950 9312
10951 9527
10953 8911
10954 9672
10955 9445
10958 9873
10961 8051
10963 8726
10965 9651
10966 8842
10967 8974
10970 8955
10974 8228
10975 9053
10976 8901
10978 8406
10979 9368
10980 8843
10981 9217
10982 8152
10984 8189
10985 9901
10987 9126
10988 9830
10989 9809
10990 9703
10991 9629
10992 9799
10993 9655
10998 9802
10999 9940
11000 8173
11003 8822
11004 8638
11005 8484
11006 8623
11008 9639
11009 9810
11010 8552
11011 8988
11012 8007
11014 9459
11015 9942
11016 9721
11017 9447
11018 9678
11019 8198
11020 9929
11023 9806
11025 8617
11026 9693
11027 9275
11031 8745
11033 8851
11034 8909
11038 9732
11039 9147
11041 9622
11042 8143
11045 8493
11046 9698
11047 9435
11050 9278
11051 8989
11052 9956
11053 9306
11056 9986
11058 9445
11059 9700
11060 8179
11061 9345
11063 8917
11064 8404
11065 8599
11066 9381
11067 8744
11069 8205
11070 8308
11071 9187
11072 8367
11073 8476
11074 8769
11076 9965
11078 9690
11079 8216
11081 8623
11082 8315
11083 8301
11086 9500
11087 9059
11091 8061
11092 8227
11093 8248
11094 9258
11099 8352
11100 8170
11101 9038
11102 8191
11107 9016
11112 8865
11113 8968
11115 8510
11117 8433
11118 8955
11119 8225
11121 9061
11122 8184
11123 8910
11124 8167
11125 9955
11126 8663
11127 9926
11128 9015
11129 9435
11130 8339
11133 9014
11135 8251
11136 9823
11138 8835
11140 9065
11141 8165
11142 8424
11143 8396
11144 8251
11145 8189
11146 9031
11147 9305
11148 8624
11149 9265
11150 8024
11152 9648
11153 9748
11155 9133
11157 9449
11158 9854
11160 9612
11163 8498
11164 8410
11165 8736
11167 8613
11168 9052
11169 8653
11171 8517
11173 8621
11174 8508
11175 8611
11176 9401
11177 8068
11178 8814
11179 8223
11180 8333
11181 8136
11182 8595
11185 8428
11187 9794
11189 8529
11190 8505
11191 9257
11193 9119
11199 9175
11200 8689
11202 8313
11203 9709
11204 8389
11208 8149
11209 9693
11210 9517
11212 9217
11215 8447
11220 9611
11221 8159
11222 9970
11223 8871
11224 9723
11225 9200
11226 9483
11228 9255
11229 8473
11232 8033
11233 9586
11234 8957
11236 9739
11238 9828
11239 8838
11240 8303
11241 9805
11243 8800
11245 8886
11248 8401
11249 9829
11251 9676
11252 9048
11255 9297
11256 9939
11258 8465
11261 9356
11262 8822
11263 9760
11264 9330
11265 9082
11268 8393
11270 8723
11272 9970
11276 9418
11279 8546
11281 9210
11282 9597
11284 8922
11285 8700
11287 8817
11289 9136
11292 9644
11293 9610
11295 9402
11297 9857
11298 8060
11300 8668
11302 9956
11303 9358
11304 9155
11305 9416
11306 8940
11307 8682
11308 8428
11309 9244
11311 9367
11313 8029
11314 8917
11315 8745
11316 8205
11317 8339
11320 9839
11321 9261
11322 8341
11325 8119
11326 8016
11328 8057
11329 9466
11331 8371
11333 8036
11334 8553
11335 8243
11336 9691
11337 8104
11339 8777
11341 8105
11342 8026
11343 8822
11344 8238
11345 9507
11346 9686
11347 9121
11348 8580
11349 9881
11350 9425
11351 8054
11352 9226
11353 8362
11356 9878
11357 9379
11358 9763
11359 8063
11361 8615
11362 9936
11363 9816
11364 8785
11365 9108
11366 9438
11367 8646
11368 8401
11369 9845
11370 9605
11371 9345
11372 9544
11374 9655
11378 9138
11379 9929
11385 9313
11388 9531
11389 9295
11390 9326
11392 9871
11393 8423
11394 8428
11395 9416
11397 9217
11401 8405
11405 9721
11407 9233
11408 9840
11412 8812
11414 8913
11415 8096
11417 8445
11418 8654
11420 9886
11423 8646
11424 9583
11425 8183
11426 8401
11427 9761
11429 9582
11430 9064
11434 8006
11435 9976
11436 8237
11441 8623
11442 9460
11443 8021
11444 8196
11446 8913
11447 8127
11448 8952
11450 9469
11452 9391
11456 8913
11457 8108
11459 8103
11460 9718
11461 8180
11464 9091
11466 8925
11467 9803
11468 9875
11470 8503
11471 9310
11472 9708
11474 8944
11476 9053
11477 8420
11478 9297
11479 9483
11481 9112
11482 8036
11483 8702
11484 8989
11487 8143
11489 8594
11490 8575
11491 9326
11492 9502
11493 8969
11494 9474
11495 9715
11496 8027
11497 9582
11498 8398
11499 9919
11501 8032
11503 8335
11504 8281
11505 8650
11510 8150
11511 8863
11512 9735
11515 8728
11517 8713
11518 8201
11519 8503
11520 9876
11522 8714
11523 9573
11524 8845
11525 8618
11528 8227
11529 8998
11530 9295
11534 9715
11535 8015
11537 8328
11538 8864
11539 8483
11541 9475
11542 8328
11545 8092
11547 9569
11548 9393
11549 8104
11552 9012
11553 8601
11554 8779
11556 8646
11557 8470
11558 9471
11559 9219
11561 9411
11562 9604
11563 9540
11565 9294
11566 8096
11567 9780
11568 9543
11569 8920
11571 9553
11572 8860
11574 8245
11577 9027
11580 8086
11581 9178
11585 9459
11586 9123
11587 8773
11588 8931
11589 9842
11591 8120
11592 8827
11594 9815
11597 9988
11598 8417
11599 8564
11601 8238
11602 9532
11603 8551
11604 9025
11605 8017
11606 9128
11607 8634
11608 9606
11609 9277
11610 8210
11612 8331
11615 8309
11616 9152
11617 8713
11622 8411
11623 8384
11624 8162
11626 8198
11628 8086
11630 9602
11631 9447
11632 9814
11633 9398
11634 8884
11635 8177
11636 8881
11637 9771
11638 9509
11640 8718
11642 9180
11643 8295
11646 8330
11647 8168
11649 9581
11651 9241
11652 9199
11653 8184
11655 8934
11656 8312
11658 9988
11661 9298
11663 9406
11665 8746
11667 9897
11668 8508
11671 9859
11672 8302
11673 9112
11674 8583
11676 9158
11677 9664
11679 9970
11682 8895
11684 9242
11687 8971
11688 8051
11690 9514
11692 9544
11693 8711
11695 8786
11697 8161
11698 8918
11699 8842
11701 9163
11702 9836
11704 9852
11705 8853
11706 8281
11707 9494
11709 8364
11710 8628
11712 8452
11713 9088
11714 8831
11717 9688
11718 8369
11720 9695
11725 8714
11726 9811
11727 8643
11730 9653
11732 9417
11733 9447
11734 8446
11737 9734
11738 8042
11739 8546
11740 8980
11741 9954
11742 9146
11745 8565
11747 9939
11748 8358
11749 9405
11750 9653
11751 8208
11752 8106
11754 8437
11755 9818
11756 9391
11758 9019
11760 9078
11763 9203
11764 9384
11765 8393
11766 9661
11767 9097
11768 8375
11769 8723
11770 8571
11774 8747
11775 9136
11776 8308
11777 9080
11780 8408
11781 8324
11782 9750
11785 9780
11786 8389
11787 8688
11789 9209
11790 8784
11792 9216
11793 9604
11794 9745
11795 9655
11796 9389
11800 8518
11801 9923
11804 8173
11805 8334
11806 8461
11807 9102
11808 8802
11809 9306
11811 8735
11812 9464
11815 9578
11817 9019
11818 8866
11820 9046
11823 8502
11824 8898
11825 9531
11826 9018
11828 8983
11830 8275
11831 8161
11833 8719
11834 9458
11837 9460
11839 8307
11841 9614
11842 9068
11843 9585
11845 9939
11846 9147
11847 8862
11848 9090
11849 8911
11850 8685
11851 9815
11854 9362
11856 8745
11857 9128
11859 9324
11860 8943
11862 9371
11864 8456
11865 8462
11869 8751
11870 8634
11871 9360
11873 8571
11876 9197
11879 9352
11883 9244
11884 9645
11885 9920
11886 8675
11888 8080
11891 9220
11893 8430
11894 9434
11896 8812
11898 9035
11899 9724
11900 8330
11901 8799
11902 8951
11903 8925
11904 8937
11906 9864
11907 8385
11909 8080
11910 9058
11911 9526
11912 8981
11913 8395
11914 9887
11915 8001
11917 9654
11918 8164
11919 9875
11920 8722
11921 9595
11923 9866
11925 9579
11926 8164
11932 8879
11933 9458
11936 9912
11937 9855
11938 8819
11939 8212
11940 9677
11942 8409
11944 8371
11945 9781
11946 9757
11947 9476
11951 8861
11954 8682
11956 9344
11957 8772
11958 9867
11960 8466
11961 8782
11962 9663
11963 8542
11964 8349
11967 9519
11968 9830
11969 8920
11970 9456
11973 9509
11974 8357
11980 9577
11982 8500
11983 8678
11984 9886
11985 8406
11986 9808
11987 8794
11988 9932
11989 8720
11990 9212
11991 8455
11992 8791
11994 9514
11996 9442
11998 8717
8192 6375
8193 7348
8194 7273
8195 7797
8196 7099
8197 7916
8198 7922
8201 7111
8202 6680
8204 6599
8205 7260
8206 7088
8207 6501
8208 6571
8210 6850
8212 7281
8214 7954
8216 6128
8219 6353
8221 7946
8223 7727
8224 6566
8225 7874
8226 6114
8227 6847
8228 7691
8229 6581
8236 7033
8237 6876
8238 7070
8239 7799
8241 6324
8243 6422
8245 6578
8248 7957
8250 6749
8251 6065
8252 6843
8265 6370
8269 7497
8275 6091
8281 6524
8284 7023
8286 7026
8287 6925
8290 6834
8291 7734
8293 7449
8295 6673
8300 7351
8301 7458
8302 6160
8303 6510
8304 7304
8307 6633
8308 7976
8309 6531
8311 7567
8312 7896
8313 6606
8315 7499
8317 7650
8319 6982
8323 7238
8324 6320
8327 7113
8328 6065
8330 7889
8331 6192
8333 7820
8334 6331
8335 7931
8339 6951
8340 6171
8341 7126
8349 7385
8352 6636
8357 6393
8358 7058
8360 6666
8362 7754
8364 7138
8367 7410
8368 6679
8369 6288
8371 7233
8375 6307
8376 6836
8377 7325
8378 6057
8380 7723
8384 6379
8385 7751
8388 6697
8389 6461
8393 7151
8394 6151
8395 7503
8396 7050
8398 6482
8399 7133
8401 6818
8404 7006
8405 7405
8406 6868
8407 6425
8408 7010
8409 6019
8410 7624
8411 7510
8413 6435
8415 7599
8417 6617
8420 6866
8423 6140
8424 7003
8426 7679
8428 6320
8430 7481
8431 7039
8433 6165
8437 7584
8445 7468
8446 6168
8447 6574
8449 7906
8452 6551
8455 7287
8456 7749
8457 7058
8459 7449
8461 7570
8462 6579
8465 7265
8466 6431
8470 6827
8473 7500
8475 6246
8476 6228
8477 6785
8483 6500
8484 6312
8487 6120
8488 6763
8489 7246
8493 7957
8494 6319
8496 6732
8498 6039
8500 7142
8502 7572
8503 6908
8505 6822
8506 7084
8508 6862
8510 7905
8514 7665
8517 6610
8518 7711
8519 7707
8529 6188
8530 6916
8531 6889
8532 7454
8534 7672
8536 7810
8542 6127
8544 7856
8546 7210
8547 7127
8548 6861
8551 6361
8552 6618
8553 7484
8558 6452
8560 7624
8562 6683
8563 7720
8564 6697
8565 7692
8570 6753
8571 6657
8573 7910
8574 7321
8575 6651
8576 6021
8580 7689
8583 7239
8588 6815
8593 7120
8594 6944
8595 7802
8598 6770
8599 7861
8601 7823
8603 6259
8611 7708
8613 7922
8615 6980
8616 7456
8617 6483
8618 6388
8621 6663
8622 6351
8623 6997
8624 6360
8627 7230
8628 7970
8634 7630
8635 7491
8637 6072
8638 7938
8639 6616
8640 7625
8643 7908
8644 6269
8646 7756
8650 6606
8653 6452
8654 7441
8655 7670
8663 7990
8664 6085
8668 6384
8670 7499
8673 6041
8675 6303
8677 6499
8678 7283
8679 6647
8680 7126
8682 6524
8684 7869
8685 6373
8687 6848
8688 7111
8689 7238
8694 7537
8700 6943
8701 6651
8702 6118
8707 6700
8711 6663
8713 7824
8714 6781
8716 7679
8717 7914
8718 6589
8719 7100
8720 6687
8722 7640
8723 7019
8726 6179
8727 6523
8728 7051
8731 7982
8734 7543
8735 6186
8736 7231
8737 7114
8740 7346
8741 7958
8742 7029
8743 7013
8744 6400
8745 6571
8746 6841
8747 7132
8750 7373
8751 6315
8755 6465
8757 6713
8758 7275
8760 7086
8764 7525
8766 7986
8769 7337
8770 6536
8771 6122
8772 6188
8773 7744
8774 7406
8777 7630
8778 6752
8779 6901
8782 6571
8784 7301
8785 7077
8786 7723
8791 7743
8793 7692
8794 7206
8799 7570
8800 7302
8802 7258
8804 6826
8810 6620
8812 6366
8814 7749
8817 7412
8819 6925
8822 7720
8824 7155
8827 6169
8828 6354
8830 6317
8831 7601
8832 7810
8835 7062
8836 7694
8838 7013
8841 7710
8842 6127
8843 7746
8845 7570
8848 6041
8851 6278
8853 7718
8855 6898
8857 7045
8860 6245
8861 7271
8862 7676
8863 7171
8864 7004
8865 7126
8866 7470
8867 6766
8869 7177
8871 7839
8873 6307
8874 6935
8878 6770
8879 7547
8880 7356
8881 7036
8884 7512
8886 7072
8887 6862
8893 7640
8895 7077
8896 7477
8897 6989
8898 6682
8901 7673
8904 7109
8905 7945
8906 7314
8907 7702
8909 7418
8910 7428
8911 7851
8913 7618
8914 6385
8916 6951
8917 7240
8918 7480
8920 6874
8922 7236
8925 6800
8931 6146
8932 6645
8934 6813
8937 7340
8939 6743
8940 6681
8943 6912
8944 6470
8947 7320
8951 6751
8952 6377
8955 6699
8957 6313
8958 7680
8960 7981
8966 7219
8967 7611
8968 6392
8969 7876
8971 7744
8973 7514
8974 7176
8976 7909
8979 6423
8980 7773
8981 7490
8982 7027
8983 7249
8984 6974
8987 7227
8988 7700
8989 6883
8991 7745
8992 7848
8998 6765
8999 7189
9000 7700
9003 7660
9005 7867
9006 6993
9012 7230
9013 6886
9014 7011
9015 6907
9016 7629
9018 7405
9019 7773
9025 7156
9027 7647
9031 7297
9032 6264
9033 6345
9035 7028
9038 6282
9046 7881
9048 6603
9050 6296
9052 6907
9053 6668
9057 7913
9058 7714
9059 6135
9061 6858
9062 7171
9064 6195
9065 7898
9066 6935
9068 6961
9071 7133
9072 6182
9073 7433
9076 7276
9078 6717
9080 6058
9082 7305
9088 7002
9090 7574
9091 7761
9093 7670
9094 7250
9097 7289
9102 7910
9103 7891
9104 6138
9107 7708
9108 7480
9109 6727
9112 6164
9114 7828
9118 6834
9119 7837
9121 7007
9123 7032
9126 6594
9128 6939
9132 6458
9133 7563
9136 7080
9138 6471
9141 6337
9145 6694
9146 7015
9147 7013
9150 6269
9152 6892
9154 7061
9155 6537
9158 6607
9159 6408
9160 7187
9162 6194
9163 6149
9165 6184
9170 6844
9173 6772
9174 7492
9175 7409
9178 6580
9180 7655
9184 6705
9185 6337
9187 7817
9194 7367
9195 7728
9196 7881
9197 7468
9199 6689
9200 6907
9203 6053
9209 7146
9210 6135
9212 6506
9214 7054
9216 6289
9217 7451
9219 6005
9220 7973
9226 7985
9230 6687
9232 7597
9233 7672
9238 7652
9241 7708
9242 7848
9244 7125
9248 7200
9252 6941
9255 7791
9256 6110
9257 7839
9258 6824
9259 7770
9260 6721
9261 7242
9265 7268
9268 7240
9270 6290
9272 6677
9275 6470
9277 7507
9278 7522
9279 7059
9284 7177
9285 7357
9286 7050
9294 6305
9295 7408
9297 7652
9298 7618
9300 6048
9301 6675
9305 6407
9306 7658
9309 7346
9310 7554
9311 6962
9312 7155
9313 7387
9318 6413
9322 7014
9324 7417
9325 7889
9326 6201
9329 7963
9330 7810
9331 7716
9339 7852
9340 7919
9343 7008
9344 6508
9345 7634
9346 6789
9352 7796
9356 7459
9358 6510
9359 7158
9360 7095
9362 6413
9364 6000
9365 7179
9367 6054
9368 6575
9371 6017
9378 7058
9379 6081
9381 7939
9382 6499
9384 7609
9389 7130
9390 7347
9391 7404
9393 6411
9398 6519
9400 7094
9401 7601
9402 6460
9405 6367
9406 7468
9411 7758
9416 6740
9417 7171
9418 6085
9420 6450
9421 6875
9425 6742
9427 7241
9433 6585
9434 6601
9435 7576
9436 6667
9438 6927
9442 6860
9445 7809
9446 6123
9447 7059
9449 7677
9454 7378
9456 7491
9458 6291
9459 6055
9460 6442
9464 6163
9465 7392
9466 7681
9469 7213
9471 6228
9474 6260
9475 6964
9476 6177
9483 7940
9485 7314
9488 7023
9489 6273
9493 6426
9494 6044
9500 6313
9502 7386
9507 6792
9509 6040
9511 6508
9513 7765
9514 6759
9515 6046
9517 6336
9518 6408
9519 6633
9522 7608
9523 6939
9526 6549
9527 7991
9528 6897
9529 6434
9531 7985
9532 6524
9533 6111
9536 7696
9540 7488
9543 6635
9544 6968
9549 7730
9550 7254
9553 6777
9554 7105
9559 7772
9567 7788
9569 7999
9573 6928
9577 6175
9578 7961
9579 7512
9581 6256
9582 7293
9583 7046
9585 7913
9586 7694
9587 6851
9588 7270
9589 6786
9591 6096
9594 6718
9595 6681
9596 7219
9597 6842
9598 6097
9602 6568
9604 7590
9605 6621
9606 7193
9610 7294
9611 6333
9612 7590
9613 6522
9614 6060
9619 7811
9620 6114
9622 7515
9624 6325
9626 6756
9629 6471
9632 6064
9637 7141
9639 7783
9640 7065
9644 7945
9645 6432
9646 6670
9648 6506
9649 6829
9650 7396
9651 6738
9652 6492
9653 6262
9654 7697
9655 7877
9656 7410
9659 7371
9660 6783
9661 6788
9663 6054
9664 6679
9666 7379
9667 7353
9668 7954
9671 6150
9672 6205
9676 6630
9677 6022
9678 7138
9686 7830
9688 7161
9690 7947
9691 6325
9692 6793
9693 7333
9695 6687
9698 7252
9700 6840
9701 6488
9703 6278
9708 7285
9709 7823
9713 6312
9715 7601
9716 7834
9718 6615
9721 6873
9723 6868
9724 6161
9726 6942
9732 7918
9733 7894
9734 6516
9735 6212
9737 6718
9738 7764
9739 6707
9745 7509
9746 7551
9748 7089
9750 6274
9755 6714
9757 7365
9759 6255
9760 7693
9761 7400
9762 6356
9763 6653
9766 6924
9771 7790
9775 7062
9776 6288
9780 6622
9781 7924
9783 7936
9786 7716
9789 6446
9793 7855
9794 6627
9799 6474
9802 6287
9803 7635
9805 7284
9806 6443
9808 7014
9809 6838
9810 7756
9811 6903
9814 7471
9815 6345
9816 7308
9818 6068
9819 7722
9823 7189
9824 7394
9826 7062
9828 6571
9829 6567
9830 7285
9831 6390
9832 6763
9833 7221
9836 6675
9839 6811
9840 6203
9841 7902
9842 6300
9845 6671
9847 7378
9848 6130
9852 6410
9854 6359
9855 7611
9857 7656
9859 7288
9860 6184
9864 6248
9865 6061
9866 7857
9867 7925
9869 6771
9871 6150
9872 6079
9873 6228
9875 6180
9876 7441
9878 6949
9880 6813
9881 6945
9885 7982
9886 6033
9887 7193
9897 6455
9901 6173
9903 6136
9904 6128
9912 7413
9916 6636
9919 7727
9920 6644
9923 6556
9926 7739
9929 6022
9932 7161
9936 7695
9939 6780
9940 7386
9942 7732
9943 7492
9946 7303
9953 6468
9954 7265
9955 6917
9956 7330
9958 7553
9961 7038
9965 6428
9967 7794
9970 7971
9975 6605
9976 7455
9979 6156
9986 6327
9988 6866
9991 7118
9992 7418
9993 7142
9994 7090
9998 7120
8001 6146
8002 7380
8005 7948
8006 7642
8007 7129
8015 7552
8016 7024
8017 6816
8021 7124
8022 6450
8024 6473
8026 7420
8027 7529
8029 7399
8030 7986
8031 7995
8032 7390
8033 6591
8034 6809
8036 6627
8040 7337
8042 7030
8043 6793
8051 6821
8054 6613
8057 6868
8058 7379
8060 7085
8061 7739
8063 7979
8067 7773
8068 7539
8072 7900
8080 6759
8084 6230
8086 6539
8092 6190
8096 6753
8098 7089
8099 7228
8100 7285
8103 6391
8104 7334
8105 7988
8106 7906
8108 6607
8112 6132
8116 7607
8119 7040
8120 7573
8124 6239
8127 6823
8128 7375
8136 6504
8137 6035
8139 7872
8141 7146
8142 6133
8143 7914
8144 7056
8149 7798
8150 7146
8152 7555
8154 6589
8159 6696
8161 7644
8162 7370
8164 6671
8165 6434
8167 7998
8168 7146
8170 6281
8171 7639
8173 6522
8175 7387
8177 7137
8178 6088
8179 6716
8180 6641
8182 7310
8183 7330
8184 6153
8189 6349
8190 7089
8191 7591
6146 5217
6149 5276
6150 5755
6151 5579
6153 4641
6156 5556
6160 4790
6161 4902
6163 5474
6164 5581
6165 4429
6168 5513
6169 4269
6171 4318
6173 5775
6175 4376
6177 5909
6179 4273
6180 5912
6182 4970
6184 4768
6186 4191
6188 5465
6190 4505
6192 5716
6194 5889
6195 5052
6201 4504
6203 4350
6205 4289
6212 4335
6228 4637
6230 5134
6239 5138
6245 5242
6246 5505
6248 4219
6255 5349
6256 5838
6259 4596
6260 4466
6262 5906
6264 5510
6269 4800
6273 4823
6274 5551
6278 4758
6281 4529
6282 4391
6287 4526
6288 4207
6289 4971
6290 4371
6291 4141
6296 5978
6300 4098
6303 5827
6305 5549
6307 5328
6312 5528
6313 5202
6315 5300
6317 5044
6319 4136
6320 4053
6324 4436
6325 5928
6327 5919
6331 5488
6333 4454
6336 5630
6337 5103
6345 5073
6349 5192
6351 4112
6353 4184
6354 5454
6356 4115
6359 5011
6360 5055
6361 5512
6366 5025
6367 5653
6370 5796
6373 5781
6375 5885
6377 5778
6379 5709
6384 4242
6385 4410
6388 4742
6390 5177
6391 4391
6392 4975
6393 4764
6400 5188
6407 5197
6408 4135
6410 5103
6411 5677
6413 4545
6422 5207
6423 5162
6425 5127
6426 4044
6428 5084
6431 4661
6432 5964
6434 5035
6435 4235
6442 4613
6443 4913
6446 4692
6450 5153
6452 5720
6455 5732
6458 4735
6460 5794
6461 5093
6465 5769
6468 4829
6470 4837
6471 4356
6473 5595
6474 4001
6482 5040
6483 5418
6488 5056
6492 4429
6499 4842
6500 5441
6501 5980
6504 4335
6506 4716
6508 5571
6510 4823
6516 5827
6519 4074
6522 4767
6523 5030
6524 5655
6531 5860
6536 4644
6537 5702
6539 5847
6549 5905
6551 4658
6556 4422
6566 5372
6567 4590
6568 4993
6571 4995
6574 5116
6575 5435
6578 5035
6579 5079
6580 5876
6581 5015
6585 4062
6589 4952
6591 5917
6594 4341
6599 4044
6601 4262
6603 4539
6605 5839
6606 5716
6607 5935
6610 4434
6613 5353
6615 5277
6616 5025
6617 5968
6618 5886
6620 5029
6621 4941
6622 4274
6627 4390
6630 4139
6633 5760
6635 5841
6636 4841
6641 5877
6644 4650
6645 5425
6647 4642
6651 4070
6653 4335
6657 4259
6663 5039
6666 4154
6667 4518
6668 5794
6670 4060
6671 5122
6673 5734
6675 5641
6677 5292
6679 4903
6680 4186
6681 5091
6682 5661
6683 5701
6687 5817
6689 5403
6694 5878
6696 5588
6697 5307
6699 5482
6700 5059
6705 4118
6707 5823
6713 5669
6714 4749
6716 5073
6717 4034
6718 5396
6721 5881
6727 5612
6732 5832
6738 5576
6740 5929
6742 4445
6743 4926
6749 4587
6751 5078
6752 4804
6753 4165
6756 5227
6759 4022
6763 5013
6765 5306
6766 4336
6770 4342
6771 4045
6772 4028
6777 5622
6780 5376
6781 5497
6783 4709
6785 4113
6786 4916
6788 5132
6789 5017
6792 4681
6793 5508
6800 5777
6809 5846
6811 4207
6813 5783
6815 4184
6816 4648
6818 5965
6821 4133
6822 4945
6823 4433
6824 5013
6826 5873
6827 4819
6829 5347
6834 5506
6836 4772
6838 5458
6840 4588
6841 4556
6842 5433
6843 4091
6844 4833
6847 5591
6848 5631
6850 4076
6851 5165
6858 4784
6860 5911
6861 5631
6862 5785
6866 5720
6868 4452
6873 4026
6874 5231
6875 4044
6876 4024
6883 4144
6886 4849
6889 5571
6892 4054
6897 4534
6898 4039
6901 5034
6903 5222
6907 4198
6908 5399
6912 4543
6916 4077
6917 4990
6924 5854
6925 4654
6927 4186
6928 4712
6935 4012
6939 4663
6941 4629
6942 5637
6943 4194
6944 5644
6945 5622
6949 5110
6951 4606
6961 4551
6962 4840
6964 4825
6968 4978
6974 5876
6980 4529
6982 5455
6989 5091
6993 4939
6997 4109
7002 5616
7003 5650
7004 4394
7006 5667
7007 5550
7008 5291
7010 5262
7011 5579
7013 4955
7014 4945
7015 5249
7019 5885
7023 4239
7024 4357
7026 5274
7027 4608
7028 5116
7029 4726
7030 4373
7032 5602
7033 5060
7036 5466
7038 4659
7039 5180
7040 5354
7045 5406
7046 4501
7050 4493
7051 5592
7054 5439
7056 5908
7058 4444
7059 4228
7061 5638
7062 5831
7065 4611
7070 4956
7072 5487
7077 4370
7080 4200
7084 4006
7085 4022
7086 4003
7088 4788
7089 5766
7090 5963
7094 5053
7095 5772
7099 4984
7100 4118
7105 5457
7109 5247
7111 5477
7113 4521
7114 5262
7118 5867
7120 5237
7124 5977
7125 4632
7126 5049
7127 4733
7129 5338
7130 5038
7132 5034
7133 5417
7137 4374
7138 5243
7141 4231
7142 5166
7146 5978
7151 5395
7155 4345
7156 4383
7158 5906
7161 5705
7171 4422
7176 4229
7177 5191
7179 4977
7187 5294
7189 4412
7193 4910
7200 5393
7206 5412
7210 5199
7213 5404
7219 5950
7221 4869
7227 5839
7228 4540
7230 5963
7231 4390
7233 4552
7236 4947
7238 4130
7239 5035
7240 4742
7241 5756
7242 4165
7246 5541
7249 4250
7250 4100
7252 4595
7254 4060
7258 4989
7260 4383
7265 5420
7268 5312
7270 4999
7271 5448
7273 4475
7275 5658
7276 5198
7281 5502
7283 4011
7284 5910
7285 5620
7287 4207
7288 5016
7289 4983
7293 5713
7294 4119
7297 4023
7301 5782
7302 4524
7303 4305
7304 5941
7305 4561
7308 4555
7310 5657
7314 5565
7320 5101
7321 4281
7325 4923
7330 5167
7333 4823
7334 5501
7337 5133
7340 4441
7346 5178
7347 4622
7348 5854
7351 5417
7353 4611
7356 4229
7357 4709
7365 5107
7367 5243
7370 5631
7371 4296
7373 4432
7375 5656
7378 4326
7379 5599
7380 5736
7385 4995
7386 4409
7387 4469
7390 4857
7392 5415
7394 5335
7396 5130
7399 5308
7400 4530
7404 4103
7405 5219
7406 4401
7408 4973
7409 5682
7410 4622
7412 5858
7413 5234
7417 4756
7418 5184
7420 4085
7428 5035
7433 4696
7441 5981
7449 4315
7451 5934
7454 4899
7455 4534
7456 5450
7458 5796
7459 4232
7468 4875
7470 5102
7471 4396
7477 4381
7480 4709
7481 5701
7484 5729
7488 5891
7490 5111
7491 4005
7492 5796
7497 5151
7499 4188
7500 4917
7503 5082
7507 5627
7509 5378
7510 5659
7512 5798
7514 4581
7515 4345
7522 4044
7525 5947
7529 4453
7537 4157
7539 4052
7543 5563
7547 4925
7551 4417
7552 5883
7553 5382
7554 4638
7555 4517
7563 5962
7567 4886
7570 4863
7572 5684
7573 4541
7574 5647
7576 4869
7584 5667
7590 4235
7591 4089
7597 5287
7599 5679
7601 4362
7607 4907
7608 4029
7609 5501
7611 4468
7618 5223
7624 4319
7625 4537
7629 4227
7630 5799
7634 5872
7635 5038
7639 5686
7640 5237
7642 4386
7644 4203
7647 4635
7650 4540
7652 4286
7655 5611
7656 5020
7658 4390
7660 4625
7665 4473
7670 5545
7672 5323
7673 5089
7676 4717
7677 4495
7679 4411
7680 5080
7681 4306
7689 5723
7691 4460
7692 4732
7693 5719
7694 5569
7695 4780
7696 4662
7697 4150
7700 4110
7702 4803
7707 4411
7708 5504
7710 4116
7711 4845
7714 5980
7716 4491
7718 5716
7720 5163
7722 4715
7723 5174
7727 5356
7728 5487
7730 4896
7732 5691
7734 4839
7739 5784
7743 4487
7744 4047
7745 4306
7746 4237
7749 5147
7751 4498
7754 5432
7756 4419
7758 4348
7761 5656
7764 4755
7765 4568
7770 4436
7772 5874
7773 5225
7783 4815
7788 4708
7790 4878
7791 4586
7794 4935
7796 5589
7797 4207
7798 5329
7799 5041
7802 4938
7809 4729
7810 4544
7811 5965
7817 4294
7820 4272
7823 5396
7824 5273
7828 5534
7830 4885
7834 5684
7837 5678
7839 5968
7848 4194
7851 4157
7852 4913
7855 5795
7856 4225
7857 4309
7861 5320
7867 4398
7869 4384
7872 4529
7874 5590
7876 4595
7877 4033
7881 4382
7889 5899
7891 5552
7894 5990
7896 5978
7898 4590
7900 5021
7902 4958
7905 4844
7906 5858
7908 5459
7909 5630
7910 4754
7913 4748
7914 4336
7916 5521
7918 4035
7919 5634
7922 5864
7924 5990
7925 4942
7931 5939
7936 4775
7938 5527
7939 5988
7940 4004
7945 5717
7946 4560
7947 5740
7948 4608
7954 4664
7957 4183
7958 5696
7961 5405
7963 5991
7970 4702
7971 4964
7973 5253
7976 4220
7979 4009
7981 5671
7982 4777
7985 4825
7986 5206
7988 4079
7990 4591
7991 4670
7995 5395
7998 5238
7999 4810
6000 5818
6005 5623
6017 4648
6019 4635
6021 4150
6022 4623
6033 5375
6035 5103
6039 5559
6040 5786
6041 5836
6044 4867
6046 5394
6048 5127
6053 4781
6054 5164
6055 4800
6057 4413
6058 4783
6060 4384
6061 4567
6064 4928
6065 5927
6068 4101
6072 5377
6079 5308
6081 5064
6085 4350
6088 4995
6091 4548
6096 4306
6097 5135
6110 4398
6111 5197
6114 4157
6118 5279
6120 5487
6122 5370
6123 4133
6127 5967
6128 5616
6130 4188
6132 5887
6133 4586
6135 4386
6136 4113
6138 5972
6140 4196
4098 2574
4100 2136
4101 3120
4103 2824
4109 3228
4110 3910
4112 3794
4113 3658
4115 3384
4116 3421
4118 2149
4119 2760
4130 3277
4133 3045
4135 3865
4136 3296
4139 3020
4141 3812
4144 3275
4150 2427
4154 3605
4157 2071
4165 3640
4183 2350
4184 3697
4186 3553
4188 2888
4191 3021
4194 3910
4196 2379
4198 2876
4200 2283
4203 3694
4207 2199
4219 2210
4220 2422
4225 2523
4227 3257
4228 3674
4229 2829
4231 2141
4232 3109
4235 3624
4237 3146
4239 3287
4242 2672
4250 3840
4259 2761
4262 3274
4269 2450
4272 2603
4273 2635
4274 3386
4281 2549
4286 3177
4289 2446
4294 3486
4296 2706
4305 2170
4306 2851
4309 2069
4315 3311
4318 3079
4319 2152
4326 3174
4335 2744
4336 3720
4341 2221
4342 2286
4345 2334
4348 2467
4350 3606
4356 3050
4357 2815
4362 2051
4370 2286
4371 2480
4373 3282
4374 3318
4376 2637
4381 2424
4382 2390
4383 3754
4384 3855
4386 3846
4390 3907
4391 2823
4394 3099
4396 2855
4398 3030
4401 2172
4409 3822
4410 2050
4411 3193
4412 2103
4413 3715
4417 3087
4419 3805
4422 3178
4429 2877
4432 3328
4433 3998
4434 3257
4436 3445
4441 3103
4444 2782
4445 3062
4452 3677
4453 2709
4454 3322
4460 3048
4466 2206
4468 2676
4469 2064
4473 3989
4475 2134
4487 3713
4491 2743
4493 2679
4495 3813
4498 2495
4501 3448
4504 3196
4505 3771
4517 3756
4518 3800
4521 3102
4524 3005
4526 2213
4529 2858
4530 3599
4534 3987
4537 3161
4539 3429
4540 2577
4541 2878
4543 2359
4544 2643
4545 3225
4548 3915
4551 3961
4552 2805
4555 2747
4556 2096
4560 2567
4561 3180
4567 3763
4568 2475
4581 3822
4586 3681
4587 2175
4588 3507
4590 2973
4591 3173
4595 2327
4596 2212
4606 2986
4608 2081
4611 2675
4613 3415
4622 3544
4623 2614
4625 2320
4629 2034
4632 2212
4635 3041
4637 2107
4638 2217
4641 2445
4642 2339
4644 3084
4648 2133
4650 3527
4654 2992
4658 3257
4659 3898
4661 3286
4662 2036
4663 3403
4664 3182
4670 2622
4681 2010
4692 3516
4696 3375
4702 2966
4708 3573
4709 3161
4712 2614
4715 2176
4716 3027
4717 2249
4726 3724
4729 2574
4732 3272
4733 2846
4735 2517
4742 2946
4748 3917
4749 3438
4754 2655
4755 2201
4756 3403
4758 2773
4764 3067
4767 2462
4768 3193
4772 2715
4775 2522
4777 3171
4780 3798
4781 3972
4783 2491
4784 3256
4788 2012
4790 2231
4800 3104
4803 2573
4804 3782
4810 3241
4815 2976
4819 3723
4823 2007
4825 2821
4829 3400
4833 3114
4837 2342
4839 2445
4840 2366
4841 2176
4842 2048
4844 2473
4845 3543
4849 2646
4857 2669
4863 2993
4867 3130
4869 2504
4875 3448
4878 3631
4885 3580
4886 3748
4896 3631
4899 3752
4902 3674
4903 3453
4907 3235
4910 2332
4913 2777
4916 3994
4917 2681
4923 2941
4925 2521
4926 3661
4928 3619
4935 2275
4938 2435
4939 2995
4941 2523
4942 2675
4945 2775
4947 3900
4952 2136
4955 2958
4956 3674
4958 3963
4964 3776
4970 2194
4971 2522
4973 2888
4975 3650
4977 2371
4978 3650
4983 2777
4984 3103
4989 2221
4990 3640
4993 2561
4995 2699
4999 2533
5011 2161
5013 3276
5015 3869
5016 2727
5017 2851
5020 2540
5021 2882
5025 3572
5029 3378
5030 3602
5034 3234
5035 2372
5038 3111
5039 3686
5040 3667
5041 2374
5044 3384
5049 3387
5052 3869
5053 2326
5055 2956
5056 3831
5059 3001
5060 2437
5064 2620
5073 3362
5078 2145
5079 3369
5080 3109
5082 2782
5084 3659
5089 2673
5091 3437
5093 2650
5101 2216
5102 2609
5103 3737
5107 2218
5110 2921
5111 2352
5116 3357
5122 2894
5127 3181
5130 2308
5132 3904
5133 2818
5134 3985
5135 3312
5138 3379
5147 2046
5151 2159
5153 2432
5162 2477
5163 3800
5164 3902
5165 3981
5166 2602
5167 2959
5174 2231
5177 3853
5178 2477
5180 2789
5184 3364
5188 2607
5191 2667
5192 3827
5197 2688
5198 2000
5199 2015
5202 3274
5206 3534
5207 3300
5217 3868
5219 3803
5222 3132
5223 2257
5225 3967
5227 2375
5231 3885
5234 2511
5237 2137
5238 3339
5242 2173
5243 3586
5247 2072
5249 3826
5253 3674
5262 2532
5273 3003
5274 3256
5276 3751
5277 3674
5279 2333
5287 3243
5291 2915
5292 2391
5294 3985
5300 2892
5306 2898
5307 3374
5308 2975
5312 2555
5320 2160
5323 3024
5328 2931
5329 3518
5335 2774
5338 2538
5347 3403
5349 3194
5353 2404
5354 3305
5356 2996
5370 2704
5372 3554
5375 3177
5376 2061
5377 2269
5378 2648
5382 3077
5393 3733
5394 2702
5395 3634
5396 3854
5399 2312
5403 3986
5404 2463
5405 3706
5406 2130
5412 2545
5415 2522
5417 3999
5418 3516
5420 2207
5425 3133
5432 3598
5433 2251
5435 2145
5439 2631
5441 3072
5448 3039
5450 2976
5454 2984
5455 2882
5457 3417
5458 2339
5459 2637
5465 2714
5466 3642
5474 3523
5477 2071
5482 2519
5487 2116
5488 2748
5497 2551
5501 3816
5502 2953
5504 2413
5505 3489
5506 2723
5508 3028
5510 3810
5512 2565
5513 3463
5521 3957
5527 2535
5528 2139
5534 2662
5541 2248
5545 2836
5549 3599
5550 2087
5551 2593
5552 2031
5556 2552
5559 2777
5563 2191
5565 3905
5569 2804
5571 3090
5576 3498
5579 3034
5581 2076
5588 3834
5589 2977
5590 3002
5591 2656
5592 3416
5595 2574
5599 3755
5602 2409
5611 3504
5612 3312
5616 2311
5620 2319
5622 3014
5623 3983
5627 3614
5630 2068
5631 3546
5634 2775
5637 2020
5638 3347
5641 2429
5644 3906
5647 3323
5650 3882
5653 2420
5655 3115
5656 3424
5657 2226
5658 2628
5659 3064
5661 3294
5667 2444
5669 2861
5671 3814
5677 2344
5678 3386
5679 2142
5682 3025
5684 2589
5686 2985
5691 2715
5696 2647
5701 2676
5702 3167
5705 3168
5709 2987
5713 3316
5716 2498
5717 3699
5719 2349
5720 3362
5723 3240
5729 2794
5732 3790
5734 2333
5736 2292
5740 2778
5755 3261
5756 2345
5760 2145
5766 3926
5769 2293
5772 2482
5775 3376
5777 2517
5778 2864
5781 2922
5782 2878
5783 2106
5784 3695
5785 3112
5786 3375
5794 2985
5795 3721
5796 2747
5798 2823
5799 2650
5817 3252
5818 2472
5823 2601
5827 2534
5831 2894
5832 2102
5836 2264
5838 2009
5839 3144
5841 3218
5846 2365
5847 2210
5854 2862
5858 2429
5860 2791
5864 3258
5867 2737
5872 2723
5873 2269
5874 3646
5876 3841
5877 3365
5878 2507
5881 2169
5883 2644
5885 3056
5886 2401
5887 3652
5889 2366
5891 3133
5899 3303
5905 3589
5906 2944
5908 2267
5909 2219
5910 3067
5911 3689
5912 3964
5917 3921
5919 3039
5927 2205
5928 2069
5929 3772
5934 3885
5935 2914
5939 2140
5941 2566
5947 2085
5950 2277
5962 2612
5963 2815
5964 3419
5965 3993
5967 3510
5968 3066
5972 2418
5977 3010
5978 2875
5980 3914
5981 3759
5988 3343
5990 2427
5991 3204
4001 3593
4003 2761
4004 3716
4005 3527
4006 2847
4009 2513
4011 2942
4012 2719
4022 2294
4023 2459
4024 2223
4026 3071
4028 3786
4029 2806
4033 3935
4034 2592
4035 3490
4039 2186
4044 2769
4045 2831
4047 3186
4052 3259
4053 3347
4054 3116
4060 3452
4062 3099
4070 2586
4074 2396
4076 3792
4077 3709
4079 2952
4085 2427
4089 2070
4091 2205
2048 1817
2050 919
2051 742
2061 1848
2064 1562
2068 395
2069 1250
2070 1983
2071 1994
2072 1343
2076 91
2081 472
2085 1880
2087 1958
2096 1613
2102 1118
2103 489
2106 1822
2107 1092
2116 668
2130 1764
2133 1578
2134 1935
2136 238
2137 1998
2139 501
2140 872
2141 896
2142 938
2145 1253
2149 1542
2152 1427
2159 1993
2160 1665
2161 300
2169 1490
2170 1054
2172 1797
2173 801
2175 261
2176 1509
2186 755
2191 425
2194 664
2199 1040
2201 150
2205 897
2206 1146
2207 1763
2210 423
2212 1122
2213 636
2216 1335
2217 687
2218 466
2219 1863
2221 1192
2223 1080
2226 1404
2231 196
2248 82
2249 863
2251 1998
2257 758
2264 1314
2267 1319
2269 1880
2275 214
2277 1285
2283 1160
2286 1748
2292 64
2293 1775
2294 1818
2308 1144
2311 867
2312 213
2319 1117
2320 1213
2326 1447
2327 760
2332 1052
2333 675
2334 1479
2339 1346
2342 1150
2344 1256
2345 1570
2349 1382
2350 666
2352 228
2359 1338
2365 63
2366 1017
2371 1815
2372 837
2374 1714
2375 945
2379 879
2390 1906
2391 265
2396 804
2401 1168
2404 849
2409 1577
2413 1015
2418 1826
2420 33
2422 160
2424 921
2427 1122
2429 1330
2432 819
2435 220
2437 1705
2444 1354
2445 164
2446 1085
2450 1926
2459 1035
2462 1460
2463 382
2467 1090
2472 866
2473 1628
2475 204
2477 1575
2480 504
2482 608
2491 1017
2495 861
2498 908
2504 21
2507 914
2511 1722
2513 1517
2517 859
2519 1268
2521 1254
2522 1628
2523 86
2532 762
2533 583
2534 931
2535 1126
2538 956
2540 858
2545 1035
2549 268
2551 1271
2552 716
2555 1314
2561 1462
2565 426
2566 477
2567 51
2573 612
2574 1724
2577 148
2586 423
2589 1421
2592 1430
2593 159
2601 149
2602 1410
2603 605
2607 260
2609 895
2612 258
2614 902
2620 1922
2622 1940
2628 1131
2631 537
2635 1723
2637 82
2643 1053
2644 1512
2646 1976
2647 579
2648 107
2650 950
2655 1429
2656 1713
2662 767
2667 1390
2669 1502
2672 1772
2673 1397
2675 503
2676 1490
2679 707
2681 87
2688 7
2699 740
2702 354
2704 1882
2706 1415
2709 1237
2714 664
2715 1640
2719 371
2723 549
2727 118
2737 499
2743 1209
2744 861
2747 905
2748 423
2760 159
2761 1258
2769 1182
2773 759
2774 298
2775 1251
2777 832
2778 499
2782 1625
2789 1580
2791 1993
2794 202
2804 1405
2805 1607
2806 1682
2815 1303
2818 1924
2821 1979
2823 159
2824 1488
2829 1959
2831 1982
2836 154
2846 922
2847 1309
2851 1795
2855 1466
2858 306
2861 1192
2862 647
2864 146
2875 1825
2876 1386
2877 151
2878 41
2882 390
2888 1424
2892 787
2894 128
2898 29
2914 316
2915 1632
2921 341
2922 426
2931 1483
2941 1112
2942 1385
2944 1772
2946 389
2952 1639
2953 279
2956 401
2958 388
2959 553
2966 1318
2973 1954
2975 1705
2976 1205
2977 1882
2984 203
2985 374
2986 277
2987 816
2992 993
2993 1290
2995 842
2996 1627
3001 1475
3002 628
3003 252
3005 1333
3010 168
3014 1615
3020 1162
3021 277
3024 561
3025 1956
3027 1031
3028 666
3030 1025
3034 1322
3039 1669
3041 1809
3045 478
3048 1271
3050 1659
3056 556
3062 1140
3064 901
3066 993
3067 130
3071 1879
3072 219
3077 715
3079 1163
3084 535
3087 388
3090 74
3099 549
3102 319
3103 1183
3104 263
3109 371
3111 859
3112 1170
3114 721
3115 96
3116 113
3120 684
3130 1469
3132 1813
3133 134
3144 1126
3146 1255
3161 641
3167 399
3168 99
3171 1209
3173 409
3174 1189
3177 1219
3178 1931
3180 1723
3181 1306
3182 1650
3186 903
3193 578
3194 816
3196 1319
3204 681
3218 1331
3225 1902
3228 1512
3234 645
3235 1125
3240 1299
3241 1853
3243 1291
3252 1957
3256 1077
3257 1036
3258 1924
3259 343
3261 61
3272 1687
3274 787
3275 1690
3276 1956
3277 821
3282 272
3286 692
3287 620
3294 1399
3296 851
3300 345
3303 1410
3305 473
3311 1641
3312 371
3316 79
3318 1939
3322 806
3323 1306
3328 10
3339 1567
3343 1932
3347 968
3357 1953
3362 1022
3364 1550
3365 126
3369 229
3374 18
3375 59
3376 1450
3378 1687
3379 564
3384 942
3386 1606
3387 919
3400 1211
3403 1068
3415 1778
3416 1167
3417 993
3419 523
3421 497
3424 622
3429 383
3437 1610
3438 872
3445 558
3448 5
3452 1564
3453 1938
3463 1496
3486 409
3489 803
3490 1108
3498 1657
3504 534
3507 520
3510 989
3516 847
3518 666
3523 1801
3527 586
3534 452
3543 1851
3544 892
3546 299
3553 1836
3554 414
3572 1348
3573 775
3580 803
3586 442
3589 1861
3593 1555
3598 1588
3599 1351
3602 1142
3605 1326
3606 1280
3614 536
3619 1218
3624 1773
3631 1344
3634 193
3640 1638
3642 580
3646 1171
3650 1109
3652 1414
3658 737
3659 776
3661 570
3667 1266
3674 430
3677 857
3681 1406
3686 1271
3689 1443
3694 1127
3695 1084
3697 1280
3699 1631
3706 609
3709 1903
3713 1277
3715 1990
3716 1429
3720 199
3721 1431
3723 1373
3724 142
3733 245
3737 1301
3748 1925
3751 999
3752 207
3754 332
3755 178
3756 1018
3759 1947
3763 54
3771 1614
3772 256
3776 1894
3782 343
3786 87
3790 59
3792 1502
3794 145
3798 1342
3800 915
3803 1078
3805 1569
3810 1777
3812 1023
3813 409
3814 19
3816 1771
3822 587
3826 81
3827 905
3831 1775
3834 66
3840 696
3841 753
3846 1830
3853 459
3854 1698
3855 295
3865 776
3868 1793
3869 1710
3882 544
3885 1859
3898 1523
3900 222
3902 1267
3904 606
3905 719
3906 130
3907 1341
3910 14
3914 1326
3915 400
3917 1817
3921 1467
3926 63
3935 989
3957 1025
3961 989
3963 1487
3964 242
3967 1030
3972 611
3981 397
3983 1049
3985 867
3986 1078
3987 14
3989 1364
3993 1185
3994 1813
3998 1914
3999 1526
2000 1631
2007 1311
2009 558
2010 466
2012 61
2015 1497
2020 241
2031 1505
2034 586
2036 1869
2046 516
