10240 9914
10241 9319
10242 9464
10243 9719
10244 9280
10245 9332
10246 9823
10247 9736
10248 9307
10249 9059
10250 9439
10251 9608
10252 9392
10253 9995
10254 9161
10255 9723
10256 9676
10257 9947
10258 9549
10259 9934
10260 9662
10261 9395
10262 9420
10263 9478
10264 9546
10265 9385
10266 9186
10267 9573
10268 9564
10269 9923
10270 9700
10271 9107
10272 9816
10273 9194
10274 9112
10275 9021
10276 9137
10277 9621
10278 9586
10279 9527
10280 9379
10281 9013
10282 9832
10283 9061
10284 9684
10285 9669
10286 9906
10287 9933
10288 9334
10289 9130
10290 9393
10291 9940
10292 9683
10293 9428
10294 9994
10295 9221
10296 9176
10297 9343
10298 9927
10299 9029
10300 9916
10301 9744
10302 9204
10303 9339
10304 9392
10305 9119
10306 9814
10307 9236
10308 9341
10309 9550
10310 9072
10311 9118
10312 9017
10313 9227
10314 9057
10315 9443
10316 9328
10317 9371
10318 9900
10319 9036
10320 9552
10321 9242
10322 9666
10323 9105
10324 9218
10325 9776
10326 9432
10327 9105
10328 9027
10329 9823
10330 9239
10331 9483
10332 9663
10333 9990
10334 9097
10335 9581
10336 9856
10337 9401
10338 9055
10339 9203
10340 9363
10341 9863
10342 9854
10343 9354
10344 9739
10345 9063
10346 9648
10347 9615
10348 9913
10349 9793
10350 9785
10351 9084
10352 9415
10353 9647
10354 9401
10355 9820
10356 9580
10357 9320
10358 9520
10359 9585
10360 9630
10361 9265
10362 9628
10363 9219
10364 9115
10365 9904
10366 9411
10367 9295
10368 9685
10369 9977
10370 9722
10371 9284
10372 9288
10373 9689
10374 9735
10375 9507
10376 9271
10377 9302
10378 9562
10379 9847
10380 9422
10381 9429
10382 9393
10383 9793
10384 9192
10385 9377
10386 9070
10387 9271
10388 9404
10389 9565
10390 9089
10391 9443
10392 9697
10393 9421
10394 9209
10395 9816
10396 9794
10397 9319
10398 9044
10399 9812
10400 9410
10401 9912
10402 9097
10403 9204
10404 9445
10405 9654
10406 9707
10407 9862
10408 9223
10409 9877
10410 9647
10411 9559
10412 9183
10413 9400
10414 9737
10415 9492
10416 9559
10417 9040
10418 9273
10419 9383
10420 9947
10421 9007
10422 9953
10423 9237
10424 9100
10425 9158
10426 9617
10427 9188
10428 9623
10429 9436
10430 9020
10431 9196
10432 9529
10433 9913
10434 9126
10435 9953
10436 9213
10437 9444
10438 9209
10439 9366
10440 9867
10441 9358
10442 9770
10443 9913
10444 9108
10445 9261
10446 9102
10447 9695
10448 9180
10449 9476
10450 9066
10451 9397
10452 9925
10453 9778
10454 9850
10455 9315
10456 9503
10457 9286
10458 9684
10459 9395
10460 9945
10461 9162
10462 9029
10463 9420
10464 9272
10465 9458
10466 9544
10467 9088
10468 9037
10469 9702
10470 9988
10471 9102
10472 9655
10473 9142
10474 9794
10475 9987
10476 9594
10477 9575
10478 9303
10479 9478
10480 9968
10481 9450
10482 9691
10483 9026
10484 9558
10485 9399
10486 9895
10487 9554
10488 9032
10489 9240
10490 9334
10491 9280
10492 9650
10493 9650
10494 9723
10495 9650
10496 9134
10497 9150
10498 9862
10499 9711
10500 9041
10501 9173
10502 9728
10503 9891
10504 9712
10505 9201
10506 9980
10507 9502
10508 9852
10509 9188
10510 9715
10511 9548
10512 9845
10513 9619
10514 9016
10515 9125
10516 9226
10517 9998
10518 9270
10519 9365
10520 9663
10521 9926
10522 9982
10523 9691
10524 9014
10525 9407
10526 9328
10527 9864
10528 9483
10529 9111
10530 9451
10531 9329
10532 9035
10533 9496
10534 9093
10535 9282
10536 9545
10537 9368
10538 9104
10539 9493
10540 9530
10541 9601
10542 9779
10543 9646
10544 9471
10545 9447
10546 9195
10547 9094
10548 9386
10549 9580
10550 9517
10551 9941
10552 9270
10553 9097
10554 9756
10555 9519
10556 9921
10557 9225
10558 9528
10559 9861
10560 9086
10561 9245
10562 9037
10563 9867
10564 9002
10565 9641
10566 9869
10567 9086
10568 9155
10569 9888
10570 9976
10571 9416
10572 9258
10573 9434
10574 9099
10575 9772
10576 9930
10577 9818
10578 9577
10579 9120
10580 9826
10581 9704
10582 9791
10583 9821
10584 9403
10585 9964
10586 9417
10587 9564
10588 9982
10589 9678
10590 9238
10591 9508
10592 9551
10593 9000
10594 9016
10595 9104
10596 9635
10597 9583
10598 9252
10599 9210
10600 9232
10601 9330
10602 9195
10603 9861
10604 9309
10605 9129
10606 9712
10607 9827
10608 9690
10609 9233
10610 9288
10611 9411
10612 9385
10613 9162
10614 9002
10615 9198
10616 9699
10617 9086
10618 9972
10619 9579
10620 9422
10621 9791
10622 9375
10623 9884
10624 9177
10625 9881
10626 9746
10627 9485
10628 9315
10629 9719
10630 9650
10631 9156
10632 9295
10633 9025
10634 9801
10635 9330
10636 9168
10637 9640
10638 9556
10639 9420
10640 9216
10641 9174
10642 9184
10643 9669
10644 9934
10645 9312
10646 9532
10647 9965
10648 9070
10649 9786
10650 9274
10651 9065
10652 9383
10653 9937
10654 9746
10655 9163
10656 9872
10657 9508
10658 9953
10659 9391
10660 9835
10661 9302
10662 9089
10663 9582
10664 9552
10665 9135
10666 9641
10667 9214
10668 9946
10669 9890
10670 9321
10671 9895
10672 9239
10673 9218
10674 9610
10675 9699
10676 9971
10677 9050
10678 9169
10679 9490
10680 9344
10681 9521
10682 9710
10683 9593
10684 9786
10685 9378
10686 9161
10687 9919
10688 9842
10689 9156
10690 9138
10691 9812
10692 9339
10693 9828
10694 9853
10695 9281
10696 9470
10697 9642
10698 9364
10699 9629
10700 9152
10701 9453
10702 9064
10703 9830
10704 9843
10705 9107
10706 9664
10707 9368
10708 9670
10709 9463
10710 9054
10711 9974
10712 9884
10713 9714
10714 9786
10715 9642
10716 9852
10717 9442
10718 9628
10719 9064
10720 9393
10721 9422
10722 9446
10723 9197
10724 9858
10725 9711
10726 9043
10727 9547
10728 9981
10729 9931
10730 9122
10731 9436
10732 9892
10733 9564
10734 9344
10735 9915
10736 9358
10737 9381
10738 9628
10739 9208
10740 9106
10741 9154
10742 9437
10743 9795
10744 9366
10745 9683
10746 9159
10747 9054
10748 9912
10749 9751
10750 9178
10751 9360
10752 9392
10753 9637
10754 9072
10755 9375
10756 9722
10757 9571
10758 9266
10759 9751
10760 9425
10761 9746
10762 9113
10763 9308
10764 9057
10765 9125
10766 9221
10767 9409
10768 9325
10769 9727
10770 9343
10771 9023
10772 9756
10773 9389
10774 9689
10775 9175
10776 9185
10777 9785
10778 9441
10779 9193
10780 9979
10781 9581
10782 9721
10783 9631
10784 9364
10785 9233
10786 9775
10787 9519
10788 9898
10789 9196
10790 9764
10791 9173
10792 9334
10793 9461
10794 9078
10795 9803
10796 9283
10797 9411
10798 9735
10799 9441
10800 9072
10801 9664
10802 9555
10803 9867
10804 9867
10805 9104
10806 9023
10807 9261
10808 9389
10809 9502
10810 9899
10811 9507
10812 9756
10813 9983
10814 9662
10815 9275
10816 9161
10817 9689
10818 9719
10819 9434
10820 9865
10821 9462
10822 9436
10823 9329
10824 9306
10825 9652
10826 9591
10827 9045
10828 9560
10829 9689
10830 9915
10831 9123
10832 9862
10833 9066
10834 9911
10835 9684
10836 9790
10837 9292
10838 9722
10839 9339
10840 9923
10841 9744
10842 9105
10843 9862
10844 9300
10845 9942
10846 9630
10847 9347
10848 9253
10849 9456
10850 9463
10851 9595
10852 9863
10853 9985
10854 9086
10855 9751
10856 9635
10857 9337
10858 9661
10859 9570
10860 9489
10861 9149
10862 9172
10863 9306
10864 9040
10865 9328
10866 9762
10867 9857
10868 9999
10869 9548
10870 9221
10871 9621
10872 9897
10873 9674
10874 9408
10875 9081
10876 9263
10877 9026
10878 9197
10879 9040
10880 9431
10881 9410
10882 9106
10883 9812
10884 9511
10885 9011
10886 9996
10887 9701
10888 9330
10889 9799
10890 9950
10891 9924
10892 9937
10893 9462
10894 9840
10895 9384
10896 9994
10897 9081
10898 9035
10899 9503
10900 9977
10901 9980
10902 9395
10903 9862
10904 9001
10905 9309
10906 9631
10907 9165
10908 9850
10909 9722
10910 9571
10911 9538
10912 9842
10913 9589
10914 9555
10915 9165
10916 9462
10917 9502
10918 9859
10919 9558
10920 9141
10921 9879
10922 9434
10923 9578
10924 9276
10925 9888
10926 9830
10927 9818
10928 9212
10929 9653
10930 9683
10931 9408
10932 9565
10933 9370
10934 9757
10935 9732
10936 9452
10937 9859
10938 9220
10939 9150
10940 9860
10941 9068
10942 9236
10943 9682
10944 9755
10945 9320
10946 9772
10947 9983
10948 9842
10949 9376
10950 9467
10951 9782
10952 9639
10953 9542
10954 9349
10955 9000
10956 9366
10957 9494
10958 9806
10959 9920
10960 9432
10961 9626
10962 9713
10963 9484
10964 9356
10965 9167
10966 9560
10967 9421
10968 9683
10969 9553
10970 9271
10971 9501
10972 9679
10973 9862
10974 9407
10975 9785
10976 9794
10977 9909
10978 9720
10979 9189
10980 9455
10981 9790
10982 9892
10983 9491
10984 9410
10985 9418
10986 9252
10987 9716
10988 9100
10989 9600
10990 9099
10991 9985
10992 9631
10993 9912
10994 9736
10995 9166
10996 9461
10997 9118
10998 9634
10999 9280
10000 9988
10001 9007
10002 9400
10003 9434
10004 9919
10005 9696
10006 9423
10007 9655
10008 9198
10009 9904
10010 9385
10011 9605
10012 9783
10013 9278
10014 9617
10015 9669
10016 9251
10017 9168
10018 9548
10019 9123
10020 9745
10021 9174
10022 9850
10023 9908
10024 9603
10025 9450
10026 9857
10027 9709
10028 9123
10029 9995
10030 9599
10031 9142
10032 9593
10033 9176
10034 9493
10035 9675
10036 9410
10037 9083
10038 9900
10039 9254
10040 9988
10041 9933
10042 9283
10043 9613
10044 9140
10045 9962
10046 9723
10047 9420
10048 9677
10049 9179
10050 9320
10051 9634
10052 9917
10053 9404
10054 9599
10055 9357
10056 9745
10057 9202
10058 9205
10059 9309
10060 9163
10061 9366
10062 9476
10063 9769
10064 9800
10065 9941
10066 9755
10067 9667
10068 9217
10069 9837
10070 9623
10071 9315
10072 9300
10073 9763
10074 9034
10075 9477
10076 9034
10077 9690
10078 9551
10079 9564
10080 9061
10081 9227
10082 9248
10083 9234
10084 9159
10085 9004
10086 9807
10087 9972
10088 9352
10089 9170
10090 9015
10091 9190
10092 9624
10093 9838
10094 9048
10095 9758
10096 9275
10097 9276
10098 9385
10099 9873
10100 9865
10101 9968
10102 9124
10103 9510
10104 9229
10105 9433
10106 9955
10107 9224
10108 9001
10109 9036
10110 9185
10111 9911
10112 9167
10113 9930
10114 9663
10115 9902
10116 9410
10117 9339
10118 9655
10119 9199
10120 9860
10121 9250
10122 9799
10123 9846
10124 9834
10125 9041
10126 9165
10127 9424
10128 9396
10129 9250
10130 9189
10131 9007
10132 9280
10133 9624
10134 9240
10135 9024
10136 9528
10137 9624
10138 9725
10139 9025
10140 9109
10141 9959
10142 9425
10143 9831
10144 9946
10145 9589
10146 9759
10147 9223
10148 9498
10149 9411
10150 9737
10151 9511
10152 9613
10153 9028
10154 9653
10155 9429
10156 9517
10157 9616
10158 9621
10159 9509
10160 9610
10161 9376
10162 9069
10163 9814
10164 9222
10165 9333
10166 9136
10167 9595
10168 9272
10169 9542
10170 9428
10171 9460
10172 9770
10173 9079
10174 9528
10175 9504
10176 9233
10177 9288
10178 9095
10179 9162
10180 9056
10181 9851
10182 9046
10183 9333
10184 9151
10185 9688
10186 9659
10187 9313
10188 9685
10189 9388
10190 9847
10191 9437
10192 9573
10193 9148
10194 9668
10195 9493
10196 9582
10197 9192
10198 9577
10199 9447
10200 9156
10201 9258
10202 9527
10203 9151
10204 9586
10205 9159
10206 9946
10207 9870
10208 9699
10209 9177
10210 9459
10211 9599
10212 9230
10213 9472
10214 9458
10215 9751
10216 9033
10217 9562
10218 9957
10219 9590
10220 9715
10221 9819
10222 9805
10223 9838
10224 9302
10225 9781
10226 9798
10227 9800
10228 9971
10229 9887
10230 9799
10231 9197
10232 9400
10233 9804
10234 9317
10235 9653
10236 9025
10237 9098
10238 9233
10239 9272
9000 8381
9001 8915
9002 8124
9004 8077
9007 8676
9011 8602
9013 8831
9014 8673
9015 8960
9016 8564
9017 8759
9020 8840
9021 8161
9023 8224
9024 8653
9025 8176
9026 8790
9027 8021
9028 8530
9029 8034
9032 8688
9033 8976
9034 8031
9035 8627
9036 8426
9037 8244
9040 8875
9041 8473
9043 8524
9044 8378
9045 8824
9046 8717
9048 8333
9050 8862
9054 8070
9055 8489
9056 8054
9057 8737
9059 8723
9061 8285
9063 8905
9064 8072
9065 8148
9066 8643
9068 8919
9069 8655
9070 8925
9072 8195
9078 8219
9079 8011
9081 8386
9083 8422
9084 8638
9086 8138
9088 8447
9089 8873
9093 8558
9094 8598
9095 8027
9097 8910
9098 8250
9099 8986
9100 8166
9102 8384
9104 8643
9105 8354
9106 8848
9107 8348
9108 8205
9109 8049
9111 8489
9112 8367
9113 8970
9115 8950
9118 8205
9119 8382
9120 8946
9122 8190
9123 8729
9124 8349
9125 8137
9126 8127
9129 8860
9130 8341
9134 8487
9135 8294
9136 8608
9137 8499
9138 8128
9140 8905
9141 8836
9142 8865
9148 8224
9149 8361
9150 8748
9151 8005
9152 8897
9154 8702
9155 8943
9156 8861
9158 8202
9159 8138
9161 8770
9162 8336
9163 8971
9165 8188
9166 8959
9167 8164
9168 8837
9169 8849
9170 8501
9172 8794
9173 8358
9174 8568
9175 8275
9176 8913
9177 8052
9178 8743
9179 8428
9180 8703
9183 8323
9184 8008
9185 8978
9186 8195
9188 8323
9189 8665
9190 8892
9192 8736
9193 8479
9194 8736
9195 8571
9196 8801
9197 8431
9198 8673
9199 8229
9201 8785
9202 8220
9203 8377
9204 8646
9205 8139
9208 8040
9209 8771
9210 8842
9212 8771
9213 8286
9214 8897
9216 8501
9217 8505
9218 8430
9219 8531
9220 8644
9221 8824
9222 8296
9223 8485
9224 8665
9225 8134
9226 8138
9227 8918
9229 8656
9230 8041
9232 8848
9233 8085
9234 8892
9236 8518
9237 8679
9238 8318
9239 8453
9240 8628
9242 8533
9245 8817
9248 8430
9250 8678
9251 8300
9252 8007
9253 8709
9254 8542
9258 8248
9261 8880
9263 8560
9265 8444
9266 8593
9270 8621
9271 8354
9272 8377
9273 8253
9274 8747
9275 8441
9276 8626
9278 8391
9280 8850
9281 8648
9282 8977
9283 8214
9284 8943
9286 8702
9288 8922
9292 8062
9295 8082
9300 8123
9302 8078
9303 8407
9306 8875
9307 8236
9308 8398
9309 8764
9312 8340
9313 8909
9315 8966
9317 8520
9319 8628
9320 8751
9321 8407
9325 8574
9328 8457
9329 8089
9330 8103
9332 8783
9333 8053
9334 8477
9337 8779
9339 8207
9341 8784
9343 8150
9344 8541
9347 8588
9349 8662
9352 8870
9354 8892
9356 8952
9357 8207
9358 8195
9360 8681
9363 8954
9364 8837
9365 8163
9366 8967
9368 8751
9370 8811
9371 8892
9375 8800
9376 8803
9377 8049
9378 8992
9379 8710
9381 8826
9383 8625
9384 8048
9385 8689
9386 8294
9388 8062
9389 8170
9391 8270
9392 8178
9393 8252
9395 8714
9396 8581
9397 8580
9399 8136
9400 8260
9401 8203
9403 8274
9404 8390
9407 8367
9408 8268
9409 8127
9410 8970
9411 8430
9415 8044
9416 8573
9417 8739
9418 8230
9420 8240
9421 8647
9422 8891
9423 8427
9424 8841
9425 8815
9428 8898
9429 8399
9431 8594
9432 8794
9433 8022
9434 8564
9436 8954
9437 8311
9439 8842
9441 8444
9442 8767
9443 8969
9444 8633
9445 8837
9446 8114
9447 8462
9450 8530
9451 8817
9452 8182
9453 8133
9455 8204
9456 8425
9458 8461
9459 8332
9460 8556
9461 8397
9462 8836
9463 8308
9464 8673
9467 8231
9470 8468
9471 8569
9472 8505
9476 8934
9477 8928
9478 8300
9483 8494
9484 8573
9485 8224
9489 8527
9490 8183
9491 8275
9492 8451
9493 8920
9494 8992
9496 8977
9498 8631
9501 8952
9502 8504
9503 8461
9504 8701
9507 8214
9508 8844
9509 8932
9510 8840
9511 8638
9517 8709
9519 8951
9520 8188
9521 8368
9527 8679
9528 8188
9529 8536
9530 8868
9532 8461
9538 8779
9542 8822
9544 8621
9545 8293
9546 8023
9547 8708
9548 8870
9549 8378
9550 8855
9551 8842
9552 8601
9553 8497
9554 8629
9555 8676
9556 8381
9558 8465
9559 8453
9560 8030
9562 8563
9564 8285
9565 8009
9570 8121
9571 8228
9573 8593
9575 8986
9577 8470
9578 8764
9579 8521
9580 8544
9581 8357
9582 8285
9583 8140
9585 8894
9586 8301
9589 8671
9590 8435
9591 8474
9593 8130
9594 8252
9595 8397
9599 8897
9600 8103
9601 8394
9603 8604
9605 8778
9608 8172
9610 8668
9613 8574
9615 8455
9616 8323
9617 8161
9619 8640
9621 8464
9623 8284
9624 8327
9626 8490
9628 8365
9629 8986
9630 8142
9631 8682
9634 8213
9635 8491
9637 8147
9639 8581
9640 8006
9641 8803
9642 8431
9646 8745
9647 8413
9648 8853
9650 8376
9652 8338
9653 8160
9654 8161
9655 8276
9659 8632
9661 8990
9662 8684
9663 8564
9664 8033
9666 8145
9667 8734
9668 8094
9669 8867
9670 8471
9674 8857
9675 8576
9676 8354
9677 8084
9678 8410
9679 8064
9682 8343
9683 8070
9684 8226
9685 8856
9688 8069
9689 8916
9690 8700
9691 8659
9695 8881
9696 8535
9697 8002
9699 8802
9700 8298
9701 8853
9702 8002
9704 8295
9707 8253
9709 8430
9710 8735
9711 8552
9712 8846
9713 8571
9714 8129
9715 8623
9716 8995
9719 8905
9720 8617
9721 8600
9722 8794
9723 8340
9725 8560
9727 8804
9728 8448
9732 8029
9735 8897
9736 8407
9737 8617
9739 8619
9744 8207
9745 8418
9746 8376
9751 8693
9755 8304
9756 8990
9757 8633
9758 8493
9759 8863
9762 8746
9763 8916
9764 8303
9769 8642
9770 8182
9772 8305
9775 8588
9776 8625
9778 8167
9779 8031
9781 8887
9782 8827
9783 8105
9785 8571
9786 8111
9790 8978
9791 8681
9793 8321
9794 8202
9795 8140
9798 8689
9799 8982
9800 8603
9801 8383
9803 8986
9804 8276
9805 8084
9806 8546
9807 8896
9812 8634
9814 8215
9816 8743
9818 8058
9819 8742
9820 8301
9821 8287
9823 8670
9826 8472
9827 8066
9828 8638
9830 8102
9831 8464
9832 8402
9834 8099
9835 8518
9837 8101
9838 8966
9840 8708
9842 8439
9843 8158
9845 8221
9846 8043
9847 8579
9850 8165
9851 8662
9852 8670
9853 8833
9854 8193
9856 8879
9857 8624
9858 8267
9859 8738
9860 8921
9861 8625
9862 8262
9863 8692
9864 8269
9865 8689
9867 8187
9869 8922
9870 8798
9872 8509
9873 8414
9877 8280
9879 8099
9881 8171
9884 8397
9887 8271
9888 8726
9890 8390
9891 8506
9892 8002
9895 8739
9897 8910
9898 8584
9899 8861
9900 8236
9902 8917
9904 8546
9906 8127
9908 8738
9909 8161
9911 8349
9912 8740
9913 8076
9914 8815
9915 8545
9916 8367
9917 8911
9919 8106
9920 8613
9921 8979
9923 8820
9924 8835
9925 8432
9926 8917
9927 8723
9930 8573
9931 8322
9933 8622
9934 8434
9937 8878
9940 8272
9941 8910
9942 8649
9945 8749
9946 8848
9947 8703
9950 8071
9953 8627
9955 8974
9957 8186
9959 8754
9962 8229
9964 8900
9965 8255
9968 8842
9971 8724
9972 8188
9974 8199
9976 8807
9977 8784
9979 8605
9980 8775
9981 8984
9982 8631
9983 8821
9985 8407
9987 8778
9988 8916
9990 8692
9994 8485
9995 8622
9996 8822
9998 8786
9999 8552
8193 7301
8195 7372
8199 7426
8202 7949
8203 7675
8204 7640
8205 7945
8207 7243
8213 7330
8214 7573
8215 7649
8219 7685
8220 7629
8221 7162
8224 7825
8226 7100
8228 7740
8229 7468
8230 7176
8231 7170
8236 7028
8240 7825
8244 7391
8248 7823
8250 7217
8252 7291
8253 7756
8255 7084
8260 7498
8262 7692
8267 7332
8268 7026
8269 7283
8270 7667
8271 7023
8272 7394
8274 7452
8275 7090
8276 7305
8280 7594
8284 7693
8285 7889
8286 7666
8287 7406
8293 7963
8294 7988
8295 7130
8296 7362
8298 7706
8300 7595
8301 7412
8303 7992
8304 7025
8305 7229
8308 7978
8311 7850
8318 7236
8321 7866
8322 7829
8323 7894
8327 7611
8332 7089
8333 7670
8336 7624
8338 7980
8340 7464
8341 7511
8343 7070
8348 7154
8349 7770
8354 7016
8357 7712
8358 7375
8361 7559
8365 7915
8367 7861
8368 7585
8376 7543
8377 7410
8378 7522
8381 7254
8382 7519
8383 7063
8384 7070
8386 7460
8390 7445
8391 7026
8394 7509
8397 7552
8398 7665
8399 7403
8402 7085
8407 7034
8410 7743
8413 7609
8414 7849
8418 7584
8422 7416
8425 7521
8426 7821
8427 7861
8428 7049
8430 7784
8431 7123
8432 7034
8434 7653
8435 7039
8439 7354
8441 7466
8444 7055
8447 7370
8448 7499
8451 7369
8453 7172
8455 7188
8457 7228
8461 7965
8462 7176
8464 7964
8465 7725
8468 7598
8470 7022
8471 7291
8472 7459
8473 7421
8474 7273
8477 7181
8479 7044
8485 7312
8487 7362
8489 7520
8490 7508
8491 7898
8493 7320
8494 7041
8497 7813
8499 7758
8501 7994
8504 7632
8505 7840
8506 7873
8509 7649
8518 7110
8520 7375
8521 7672
8524 7019
8527 7979
8530 7371
8531 7941
8533 7504
8535 7230
8536 7875
8541 7192
8542 7641
8544 7748
8545 7775
8546 7537
8552 7765
8556 7138
8558 7928
8560 7290
8563 7937
8564 7488
8568 7022
8569 7999
8571 7671
8573 7247
8574 7787
8576 7096
8579 7719
8580 7680
8581 7194
8584 7382
8588 7592
8593 7025
8594 7281
8598 7523
8600 7396
8601 7309
8602 7890
8603 7805
8604 7786
8605 7115
8608 7961
8613 7791
8617 7064
8619 7338
8621 7766
8622 7116
8623 7845
8624 7759
8625 7040
8626 7095
8627 7365
8628 7132
8629 7920
8631 7670
8632 7264
8633 7506
8634 7829
8638 7262
8640 7979
8642 7387
8643 7103
8644 7113
8646 7782
8647 7788
8648 7566
8649 7055
8653 7329
8655 7875
8656 7023
8659 7685
8662 7631
8665 7594
8668 7484
8670 7005
8671 7118
8673 7170
8676 7923
8678 7792
8679 7309
8681 7686
8682 7369
8684 7229
8688 7309
8689 7279
8692 7817
8693 7466
8700 7026
8701 7576
8702 7810
8703 7706
8708 7277
8709 7868
8710 7160
8714 7347
8717 7894
8723 7740
8724 7706
8726 7218
8729 7575
8734 7837
8735 7275
8736 7348
8737 7496
8738 7958
8739 7680
8740 7715
8742 7340
8743 7784
8745 7668
8746 7376
8747 7356
8748 7652
8749 7953
8751 7925
8754 7733
8759 7934
8764 7668
8767 7875
8770 7738
8771 7692
8775 7160
8778 7831
8779 7626
8783 7841
8784 7475
8785 7036
8786 7609
8790 7260
8794 7732
8798 7447
8800 7285
8801 7334
8802 7068
8803 7698
8804 7997
8807 7164
8811 7744
8815 7391
8817 7197
8820 7674
8821 7514
8822 7426
8824 7203
8826 7300
8827 7644
8831 7355
8833 7354
8835 7901
8836 7411
8837 7957
8840 7999
8841 7156
8842 7633
8844 7990
8846 7185
8848 7503
8849 7607
8850 7249
8853 7900
8855 7771
8856 7325
8857 7151
8860 7273
8861 7181
8862 7416
8863 7246
8865 7322
8867 7944
8868 7426
8870 7344
8873 7168
8875 7159
8878 7223
8879 7857
8880 7319
8881 7844
8887 7173
8891 7493
8892 7560
8894 7535
8896 7375
8897 7793
8898 7388
8900 7894
8905 7702
8909 7557
8910 7223
8911 7310
8913 7243
8915 7022
8916 7599
8917 7731
8918 7137
8919 7844
8920 7593
8921 7537
8922 7670
8925 7780
8928 7709
8932 7372
8934 7626
8943 7306
8946 7223
8950 7605
8951 7204
8952 7429
8954 7771
8959 7124
8960 7353
8966 7156
8967 7492
8969 7973
8970 7853
8971 7960
8974 7096
8976 7847
8977 7418
8978 7986
8979 7094
8982 7066
8984 7797
8986 7097
8990 7562
8992 7614
8995 7842
8002 7605
8005 7748
8006 7100
8007 7429
8008 7393
8009 7740
8011 7132
8021 7004
8022 7340
8023 7691
8027 7906
8029 7813
8030 7724
8031 7422
8033 7644
8034 7603
8040 7137
8041 7469
8043 7888
8044 7690
8048 7147
8049 7795
8052 7934
8053 7964
8054 7960
8058 7183
8062 7253
8064 7716
8066 7059
8069 7781
8070 7234
8071 7631
8072 7231
8076 7737
8077 7545
8078 7646
8082 7264
8084 7237
8085 7988
8089 7138
8094 7727
8099 7804
8101 7746
8102 7322
8103 7834
8105 7654
8106 7653
8111 7665
8114 7503
8121 7057
8123 7470
8124 7449
8127 7713
8128 7636
8129 7035
8130 7695
8133 7269
8134 7212
8136 7144
8137 7037
8138 7536
8139 7270
8140 7146
8142 7409
8145 7195
8147 7379
8148 7184
8150 7918
8158 7384
8160 7689
8161 7580
8163 7631
8164 7502
8165 7518
8166 7271
8167 7704
8170 7018
8171 7040
8172 7405
8176 7343
8178 7857
8182 7907
8183 7166
8186 7851
8187 7124
8188 7975
8190 7356
7004 6105
7005 6697
7016 6296
7018 6100
7019 6451
7022 6442
7023 6396
7025 6629
7026 6375
7028 6971
7034 6720
7035 6796
7036 6398
7037 6313
7039 6007
7040 6793
7041 6708
7044 6337
7049 6612
7055 6061
7057 6210
7059 6122
7063 6515
7064 6330
7066 6117
7068 6689
7070 6494
7084 6872
7085 6904
7089 6348
7090 6334
7094 6204
7095 6260
7096 6579
7097 6532
7100 6964
7103 6607
7110 6361
7113 6008
7115 6549
7116 6961
7118 6239
7123 6329
7124 6225
7130 6504
7132 6247
7137 6890
7138 6032
7144 6122
7146 6531
7147 6555
7151 6808
7154 6054
7156 6346
7159 6435
7160 6081
7162 6123
7164 6281
7166 6853
7168 6028
7170 6805
7172 6088
7173 6717
7176 6287
7181 6009
7183 6349
7184 6064
7185 6567
7188 6249
7192 6899
7194 6476
7195 6087
7197 6733
7203 6161
7204 6850
7212 6876
7217 6702
7218 6567
7223 6580
7228 6489
7229 6959
7230 6008
7231 6877
7234 6775
7236 6869
7237 6422
7243 6037
7246 6843
7247 6008
7249 6302
7253 6228
7254 6563
7260 6593
7262 6461
7264 6024
7269 6091
7270 6532
7271 6554
7273 6209
7275 6525
7277 6161
7279 6924
7281 6374
7283 6710
7285 6425
7290 6438
7291 6492
7300 6953
7301 6531
7305 6607
7306 6962
7309 6626
7310 6423
7312 6738
7319 6088
7320 6065
7322 6649
7325 6466
7329 6302
7330 6872
7332 6950
7334 6103
7338 6182
7340 6360
7343 6483
7344 6620
7347 6817
7348 6169
7353 6667
7354 6714
7355 6731
7356 6946
7362 6289
7365 6527
7369 6836
7370 6301
7371 6056
7372 6647
7375 6749
7376 6490
7379 6800
7382 6460
7384 6747
7387 6151
7388 6479
7391 6482
7393 6614
7394 6818
7396 6402
7403 6314
7405 6701
7406 6574
7409 6133
7410 6011
7411 6867
7412 6639
7416 6654
7418 6320
7421 6014
7422 6712
7426 6338
7429 6488
7445 6263
7447 6035
7449 6424
7452 6578
7459 6149
7460 6827
7464 6756
7466 6229
7468 6167
7469 6680
7470 6166
7475 6932
7484 6318
7488 6990
7492 6073
7493 6549
7496 6823
7498 6400
7499 6862
7502 6910
7503 6198
7504 6771
7506 6247
7508 6611
7509 6686
7511 6465
7514 6841
7518 6873
7519 6432
7520 6188
7521 6916
7522 6889
7523 6431
7535 6221
7536 6186
7537 6102
7543 6460
7545 6496
7552 6682
7557 6270
7559 6752
7560 6753
7562 6656
7566 6651
7573 6720
7575 6852
7576 6374
7580 6318
7584 6097
7585 6945
7592 6798
7593 6550
7594 6258
7595 6161
7598 6504
7599 6363
7603 6219
7605 6242
7607 6432
7609 6483
7611 6297
7614 6350
7624 6683
7626 6607
7629 6073
7631 6617
7632 6600
7633 6235
7636 6268
7640 6356
7641 6861
7644 6882
7646 6417
7649 6305
7652 6619
7653 6209
7654 6533
7665 6040
7666 6362
7667 6303
7668 6880
7670 6258
7671 6646
7672 6103
7674 6525
7675 6850
7680 6087
7685 6602
7686 6512
7689 6930
7690 6223
7691 6646
7692 6943
7693 6651
7695 6703
7698 6881
7702 6538
7704 6830
7706 6780
7709 6891
7712 6687
7713 6678
7715 6768
7716 6279
7719 6027
7724 6643
7725 6518
7727 6207
7731 6322
7732 6934
7733 6004
7737 6109
7738 6600
7740 6349
7743 6517
7744 6821
7746 6851
7748 6250
7756 6962
7758 6123
7759 6312
7765 6545
7766 6606
7770 6869
7771 6570
7775 6981
7780 6090
7781 6719
7782 6117
7784 6183
7786 6432
7787 6119
7788 6916
7791 6234
7792 6096
7793 6826
7795 6336
7797 6538
7804 6173
7805 6344
7810 6885
7813 6130
7817 6355
7821 6786
7823 6789
7825 6670
7829 6686
7831 6723
7834 6670
7837 6748
7840 6179
7841 6695
7842 6675
7844 6901
7845 6020
7847 6812
7849 6247
7850 6652
7851 6147
7853 6446
7857 6992
7861 6934
7866 6522
7868 6012
7873 6048
7875 6109
7888 6649
7889 6842
7890 6290
7894 6678
7898 6827
7900 6594
7901 6385
7906 6166
7907 6874
7915 6438
7918 6147
7920 6789
7923 6563
7925 6146
7928 6484
7934 6296
7937 6991
7941 6000
7944 6313
7945 6657
7949 6845
7953 6195
7957 6432
7958 6720
7960 6490
7961 6152
7963 6884
7964 6351
7965 6962
7973 6423
7975 6202
7978 6021
7979 6721
7980 6824
7986 6165
7988 6156
7990 6637
7992 6843
7994 6274
7997 6517
7999 6207
6656 5093
6657 5624
6146 5370
6147 5710
6149 5923
6151 5383
6152 5058
6667 5521
6156 5680
6670 5065
6161 5503
6675 5344
6165 5007
6166 5422
6167 5064
6680 5359
6169 5099
6682 5690
6683 5143
6678 5307
6173 5808
6686 5699
6687 5838
6689 5733
6179 5308
6182 5270
6183 5795
6695 5690
6697 5110
6186 5695
6188 5910
6701 5673
6702 5122
6703 5957
6195 5369
6708 5844
6710 5531
6198 5165
6712 5670
6714 5307
6202 5481
6204 5291
6717 5138
6207 5706
6720 5150
6209 5870
6210 5187
6719 5714
6723 5871
6721 5796
6731 5838
6219 5051
6733 5090
6221 5476
6223 5540
6225 5938
6738 5482
6228 5553
6229 5757
6234 5011
6747 5607
6235 5743
6749 5712
6748 5499
6239 5839
6752 5657
6753 5418
6242 5005
6756 5085
6247 5595
6249 5060
6250 5011
6768 5666
6258 5626
6771 5848
6260 5920
6775 5149
6263 5847
6268 5789
6780 5815
6270 5226
6786 5579
6274 5194
6789 5064
6279 5010
6793 5990
6281 5597
6796 5304
6798 5429
6287 5689
6800 5939
6289 5444
6290 5847
6805 5126
6296 5524
6808 5941
6297 5304
6812 5710
6301 5086
6302 5554
6303 5535
6817 5272
6818 5663
6305 5721
6821 5249
6823 5561
6312 5971
6313 5882
6314 5843
6827 5884
6826 5466
6824 5462
6318 5667
6830 5110
6320 5922
6322 5475
6836 5945
6329 5477
6330 5812
6843 5426
6841 5243
6842 5934
6334 5464
6845 5194
6336 5061
6337 5802
6850 5109
6338 5966
6852 5771
6853 5990
6851 5962
6344 5324
6346 5393
6348 5610
6349 5270
6862 5716
6350 5828
6861 5002
6351 5228
6867 5385
6356 5729
6869 5565
6355 5163
6872 5567
6361 5586
6360 5082
6873 5282
6876 5486
6877 5965
6363 5598
6362 5219
6880 5580
6881 5207
6882 5232
6874 5594
6884 5129
6885 5248
6374 5574
6375 5712
6889 5528
6890 5006
6891 5590
6385 5149
6899 5959
6901 5578
6904 5471
6396 5987
6398 5081
6910 5748
6400 5194
6402 5587
6916 5611
6924 5588
6417 5194
6930 5503
6932 5633
6422 5692
6423 5051
6424 5695
6425 5011
6934 5593
6431 5072
6432 5485
6945 5609
6946 5449
6435 5385
6943 5560
6438 5956
6950 5968
6953 5350
6442 5693
6446 5315
6959 5762
6961 5623
6962 5801
6451 5899
6964 5676
6971 5322
6460 5762
6461 5368
6465 5875
6466 5352
6981 5627
6476 5693
6990 5245
6479 5838
6992 5370
6991 5786
6482 5030
6483 5153
6484 5516
6488 5005
6489 5772
6490 5304
6492 5688
6494 5126
6496 5188
6504 5602
6512 5344
6000 5995
6515 5034
6004 5554
6517 5857
6518 5934
6007 5944
6008 5997
6009 5224
6522 5922
6011 5823
6012 5503
6525 5152
6014 5191
6527 5282
6531 5397
6532 5669
6533 5131
6020 5250
6021 5609
6024 5373
6538 5061
6027 5036
6028 5516
6032 5658
6545 5756
6035 5183
6549 5859
6037 5430
6550 5358
6040 5501
6554 5807
6555 5119
6048 5414
6563 5353
6054 5388
6567 5863
6056 5807
6570 5622
6061 5472
6574 5201
6064 5956
6065 5911
6578 5688
6579 5287
6580 5643
6073 5958
6081 5999
6593 5262
6594 5043
6087 5131
6088 5962
6600 5922
6602 5575
6091 5623
6090 5749
6606 5213
6607 5469
6096 5153
6097 5816
6611 5373
6100 5433
6612 5429
6614 5198
6103 5280
6102 5870
6105 5790
6617 5758
6619 5383
6620 5318
6109 5238
6626 5775
6629 5213
6117 5432
6119 5952
6122 5733
6123 5910
6637 5212
6639 5387
6130 5941
6643 5504
6133 5219
6646 5161
6647 5540
6649 5287
6651 5989
6652 5220
6654 5909
5633 4750
5122 4876
5126 4189
5129 4586
5131 4387
5643 4287
5138 4659
5143 4048
5657 4015
5658 4565
5149 4641
5150 4455
5663 4720
5152 4448
5153 4532
5666 4340
5667 4711
5669 4617
5670 4821
5673 4902
5161 4556
5163 4178
5676 4636
5165 4489
5680 4436
5688 4623
5689 4855
5690 4096
5692 4282
5693 4743
5695 4034
5183 4190
5699 4170
5187 4505
5188 4705
5191 4864
5706 4422
5194 4560
5710 4384
5198 4504
5712 4034
5201 4289
5714 4453
5716 4857
5207 4709
5721 4588
5212 4247
5213 4048
5729 4267
5219 4733
5220 4894
5733 4350
5224 4636
5226 4110
5228 4753
5743 4586
5232 4488
5748 4308
5749 4693
5238 4782
5243 4133
5756 4522
5757 4481
5245 4567
5758 4283
5248 4679
5249 4624
5762 4909
5250 4650
5771 4910
5772 4747
5262 4956
5775 4924
5270 4527
5272 4161
5786 4964
5789 4026
5790 4887
5280 4699
5282 4810
5795 4955
5796 4176
5287 4141
5801 4418
5802 4207
5291 4027
5807 4649
5808 4557
5812 4133
5815 4820
5304 4513
5816 4849
5307 4504
5308 4178
5823 4745
5315 4052
5828 4435
5318 4672
5322 4895
5324 4437
5838 4606
5839 4513
5843 4573
5844 4069
5847 4009
5848 4785
5344 4023
5857 4735
5859 4956
5350 4431
5863 4027
5352 4114
5353 4518
5870 4295
5359 4221
5871 4056
5358 4649
5875 4055
5368 4757
5369 4841
5370 4860
5882 4347
5884 4513
5373 4684
5383 4246
5385 4390
5899 4374
5388 4151
5387 4765
5393 4524
5397 4411
5910 4395
5911 4078
5909 4335
5920 4681
5922 4528
5923 4977
5414 4903
5418 4367
5422 4061
5934 4195
5938 4794
5939 4326
5426 4941
5429 4234
5941 4749
5430 4895
5944 4570
5945 4198
5433 4097
5432 4850
5952 4550
5444 4129
5957 4357
5956 4169
5959 4998
5958 4494
5449 4708
5962 4807
5965 4988
5966 4853
5968 4621
5971 4163
5462 4829
5464 4837
5466 4906
5469 4039
5471 4015
5472 4464
5475 4068
5476 4017
5477 4394
5990 4194
5987 4964
5989 4108
5481 4665
5482 4033
5995 4626
5485 4481
5486 4429
5997 4257
5999 4526
5499 4716
5501 4546
5503 4823
5504 4633
5002 4496
5516 4007
5005 4770
5006 4429
5007 4156
5521 4792
5010 4856
5011 4143
5524 4836
5528 4558
5531 4733
5535 4444
5540 4246
5030 4350
5034 4811
5036 4534
5553 4707
5554 4119
5043 4371
5560 4349
5561 4591
5051 4141
5565 4064
5567 4411
5058 4566
5060 4669
5061 4929
5574 4055
5575 4853
5064 4289
5065 4100
5578 4593
5579 4062
5580 4366
5072 4201
5586 4791
5587 4495
5588 4341
5590 4493
5081 4284
5082 4350
5595 4263
5594 4340
5085 4994
5597 4539
5086 4475
5598 4300
5593 4045
5090 4591
5602 4454
5093 4306
5607 4328
5609 4252
5610 4001
5099 4577
5611 4944
5109 4155
5110 4157
5623 4956
5624 4138
5622 4570
5626 4372
5627 4737
5119 4133
4096 3177
4097 3858
4100 3322
4617 3239
4108 3797
4621 3457
4110 3816
4623 3068
4624 3523
4114 3870
4626 3345
4119 3843
4633 3955
4636 3733
4641 3092
4129 3355
4133 3381
4649 3401
4650 3226
4138 3046
4141 3290
4143 3643
4659 3988
4151 3122
4665 3791
4155 3956
4156 3603
4669 3562
4157 3992
4672 3362
4161 3482
4163 3476
4679 3910
4681 3186
4170 3916
4169 3476
4684 3714
4176 3960
4178 3101
4693 3113
4699 3217
4189 3001
4190 3015
4705 3783
4194 3669
4195 3952
4708 3484
4709 3498
4198 3992
4711 3091
4707 3187
4201 3841
4716 3217
4207 3248
4720 3453
4733 3703
4221 3622
4735 3999
4737 3704
4743 3940
4745 3225
4234 3172
4747 3705
4749 3786
4750 3237
4753 3279
4757 3004
4246 3235
4247 3220
4252 3355
4765 3298
4257 3997
4770 3353
4263 3164
4267 3726
4782 3143
4785 3367
4791 3746
4792 3340
4282 3914
4283 3390
4794 3651
4284 3017
4287 3139
4289 3145
4295 3058
4807 3097
4810 3335
4811 3963
4300 3767
4306 3791
4308 3135
4821 3009
4820 3920
4823 3415
4829 3307
4836 3938
4837 3195
4326 3435
4328 3303
4841 3536
4335 3153
4849 3520
4850 3747
4340 3218
4853 3977
4341 3171
4855 3791
4856 3611
4857 3296
4347 3261
4860 3398
4349 3933
4350 3480
4864 3577
4357 3886
4876 3169
4366 3212
4367 3153
4371 3483
4372 3530
4374 3052
4887 3108
4894 3279
4895 3834
4384 3193
4387 3708
4902 3068
4390 3831
4903 3267
4906 3993
4395 3173
4394 3530
4909 3493
4910 3105
4411 3974
4924 3069
4929 3501
4418 3875
4422 3586
4941 3864
4429 3144
4431 3175
4944 3648
4435 3048
4436 3401
4437 3628
4955 3496
4956 3110
4444 3977
4448 3985
4964 3427
4453 3637
4454 3064
4455 3335
4464 3476
4977 3890
4475 3234
4988 3855
4481 3270
4994 3557
4998 3216
4488 3211
4489 3825
4493 3277
4494 3551
4495 3164
4496 3124
4504 3247
4505 3004
4513 3721
4001 3234
4518 3932
4007 3990
4009 3850
4522 3341
4524 3534
4526 3213
4015 3534
4527 3473
4528 3813
4017 3549
4532 3483
4534 3863
4023 3984
4026 3137
4027 3619
4539 3887
4033 3663
4034 3643
4546 3575
4550 3889
4039 3047
4556 3319
4557 3223
4558 3159
4045 3214
4048 3326
4560 3297
4052 3670
4565 3804
4566 3300
4567 3066
4056 3926
4055 3820
4570 3282
4573 3956
4061 3776
4062 3867
4064 3831
4577 3076
4068 3837
4069 3771
4586 3392
4588 3008
4078 3856
4591 3060
4593 3730
4606 3288
3586 2326
3076 2126
3603 2189
3092 2137
3091 2297
3097 2230
3611 2597
3101 2205
3105 2635
3619 2633
3108 2396
3622 2999
3110 2149
3113 2014
3628 2106
3122 2253
3124 2821
3637 2844
3643 2214
3135 2250
3648 2232
3137 2460
3651 2263
3139 2594
3143 2948
3144 2625
3145 2581
3663 2433
3153 2130
3669 2771
3670 2129
3159 2852
3164 2013
3169 2711
3171 2358
3172 2241
3173 2350
3175 2252
3177 2315
3186 2114
3187 2877
3703 2614
3704 2215
3705 2221
3193 2427
3195 2116
3708 2248
3714 2432
3721 2978
3211 2854
3212 2185
3213 2215
3726 2516
3214 2523
3216 2233
3217 2650
3218 2828
3730 2091
3220 2140
3733 2946
3223 2996
3225 2600
3226 2104
3746 2201
3235 2462
3747 2379
3237 2916
3234 2188
3239 2624
3247 2034
3248 2150
3767 2522
3771 2797
3261 2603
3776 2233
3267 2018
3270 2549
3783 2581
3786 2458
3277 2520
3791 2858
3279 2167
3282 2791
3797 2531
3288 2040
3290 2312
3804 2825
3296 2847
3297 2787
3298 2068
3300 2207
3813 2490
3303 2087
3816 2118
3307 2125
3820 2097
3825 2091
3831 2444
3319 2671
3322 2318
3834 2049
3837 2519
3326 2744
3841 2647
3843 2848
3335 2393
3850 2548
3340 2884
3341 2583
3855 2993
3856 2177
3345 2483
3858 2529
3863 2533
3864 2751
3353 2050
3355 2435
3867 2425
3870 2607
3362 2481
3875 2115
3367 2637
3886 2798
3887 2607
3889 2886
3890 2729
3381 2883
3390 2635
3392 2172
3910 2303
3398 2568
3401 2051
3914 2941
3916 2520
3920 2711
3926 2274
3415 2472
3932 2522
3933 2674
3938 2877
3427 2643
3940 2696
3435 2697
3952 2126
3955 2753
3956 2457
3960 2412
3963 2300
3453 2542
3457 2644
3974 2776
3977 2183
3984 2560
3985 2912
3473 2921
3988 2329
3476 2173
3990 2532
3992 2316
3480 2302
3482 2739
3483 2743
3484 2860
3997 2454
3993 2648
3999 2132
3493 2424
3496 2173
3498 2915
3501 2858
3001 2985
3004 2685
3520 2859
3009 2414
3008 2198
3523 2579
3015 2223
3017 2047
3530 2405
3534 2359
3536 2201
3549 2493
3551 2988
3557 2463
3046 2093
3047 2496
3048 2113
3562 2217
3052 2429
3058 2644
3060 2570
3575 2404
3064 2572
3577 2735
3066 2397
3068 2769
3069 2685
2560 1941
2049 1791
2050 1504
2051 1637
2568 1765
2570 1273
2572 1855
2579 1442
2068 1219
2581 1440
2583 1945
2594 1589
2597 1923
2087 1074
2600 1546
2091 1838
2603 1911
2093 1288
2607 1536
2097 1255
2614 1608
2104 1894
2106 1821
2624 1791
2625 1343
2114 1159
2115 1173
2116 1685
2113 1601
2118 1232
2633 1369
2635 1900
2125 1444
2126 1439
2637 1552
2129 1573
2130 1016
2643 1835
2644 1391
2132 1965
2647 1745
2648 1567
2137 1753
2650 1736
2140 1862
2149 1758
2150 1230
2671 1547
2674 1608
2167 1185
2172 1086
2173 1194
2685 1858
2177 1282
2183 1287
2696 1825
2185 1802
2697 1982
2188 1642
2189 1578
2198 1088
2711 1201
2201 1853
2205 1201
2207 1813
2214 1567
2215 1307
2729 1585
2217 1482
2221 1833
2223 1934
2735 1196
2739 1321
2230 1400
2743 1476
2232 1100
2233 1188
2744 1998
2751 1922
2241 1614
2753 1469
2248 1316
2250 1996
2252 1608
2253 1053
2769 1167
2771 1497
2263 1008
2776 1667
2274 1820
2787 1196
2791 1374
2797 1545
2798 1323
2297 1344
2300 1387
2302 1472
2303 1160
2821 1392
2312 1959
2825 1067
2315 1915
2828 1194
2316 1069
2318 1437
2326 1635
2329 1891
2844 1459
2847 1208
2848 1833
2852 1825
2854 1375
2858 1769
2859 1687
2860 1017
2350 1112
2358 1461
2359 1076
2877 1460
2883 1160
2884 1854
2886 1457
2379 1943
2393 1076
2396 1899
2397 1045
2912 1551
2915 1743
2916 1063
2405 1156
2404 1905
2921 1950
2412 1638
2414 1583
2424 1505
2425 1660
2427 1501
2941 1138
2429 1930
2432 1948
2433 1587
2946 1342
2435 1673
2948 1415
2444 1005
2454 1482
2457 1722
2458 1472
2460 1399
2462 1357
2463 1310
2978 1276
2472 1209
2985 1827
2988 1890
2993 1760
2481 1408
2483 1540
2996 1846
2999 1513
2490 1634
2493 1633
2496 1117
2516 1483
2519 1811
2520 1412
2522 1923
2523 1410
2013 1445
2014 1560
2529 1449
2018 1326
2531 1892
2532 1152
2533 1020
2542 1603
2034 1334
2548 1414
2549 1078
2040 1907
2047 1115
1536 772
1540 447
1545 798
1546 269
1547 126
1551 936
1552 290
1045 551
1560 753
1053 487
1567 90
1573 177
1063 232
1578 277
1067 227
1069 970
1583 423
1585 828
1074 90
1587 74
1076 83
1589 406
1078 880
1086 607
1088 36
1601 604
1603 523
1608 848
1100 95
1614 6
1112 622
1115 303
1117 499
1633 720
1634 82
1635 435
1637 368
1638 272
1642 521
1138 872
1660 569
1152 550
1667 745
1156 759
1159 300
1160 880
1673 467
1167 467
1173 261
1685 7
1687 142
1185 341
1188 731
1194 235
1196 416
1201 553
1208 422
1209 627
1722 302
1219 169
1736 195
1230 112
1743 904
1232 817
1745 40
1753 991
1758 235
1760 347
1765 771
1255 331
1769 780
1273 214
1276 464
1791 202
1282 951
1287 350
1288 891
1802 582
1811 458
1813 918
1307 615
1820 158
1821 465
1310 398
1825 175
1827 401
1316 93
1833 155
1321 11
1835 787
1323 761
1838 756
1326 894
1846 871
1334 83
1853 443
1854 29
1855 472
1343 2
1344 261
1858 191
1342 3
1862 147
1357 314
1369 836
1374 956
1375 959
1890 403
1891 129
1892 463
1894 73
1387 882
1900 243
1899 619
1391 780
1392 430
1905 646
1907 689
1911 316
1400 105
1399 349
1915 501
1408 942
1922 192
1923 913
1412 768
1410 665
1414 802
1415 355
1930 374
1934 246
1941 477
1943 556
1945 277
1948 615
1437 502
1950 36
1439 768
1440 390
1442 165
1444 308
1445 632
1959 683
1449 843
1965 132
1457 494
1459 383
1460 423
1461 991
1469 867
1982 816
1472 205
1476 729
1482 728
1483 180
1996 451
1998 252
1497 749
1501 20
1504 914
1505 24
1513 869
1005 745
1008 355
1016 761
1017 565
1020 241
