10240 9915
10241 9318
10242 9464
10243 9718
10244 9280
10245 9332
10246 9823
10247 9736
10248 9307
10249 9058
10250 9439
10251 9608
10252 9392
10253 9995
10254 9161
10255 9722
10256 9677
10257 9946
10258 9549
10259 9935
10260 9663
10261 9395
10262 9420
10263 9478
10264 9547
10265 9385
10266 9186
10267 9572
10268 9565
10269 9922
10270 9700
10271 9106
10272 9816
10273 9194
10274 9113
10275 9021
10276 9137
10277 9620
10278 9586
10279 9526
10280 9379
10281 9013
10282 9833
10283 9061
10284 9685
10285 9669
10286 9906
10287 9932
10288 9334
10289 9131
10290 9393
10291 9940
10292 9683
10293 9428
10294 9994
10295 9220
10296 9177
10297 9343
10298 9927
10299 9029
10300 9916
10301 9744
10302 9205
10303 9339
10304 9393
10305 9118
10306 9815
10307 9236
10308 9340
10309 9550
10310 9072
10311 9119
10312 9016
10313 9227
10314 9057
10315 9443
10316 9329
10317 9371
10318 9901
10319 9037
10320 9552
10321 9242
10322 9667
10323 9105
10324 9219
10325 9776
10326 9433
10327 9105
10328 9027
10329 9822
10330 9238
10331 9483
10332 9663
10333 9991
10334 9096
10335 9581
10336 9857
10337 9401
10338 9054
10339 9202
10340 9363
10341 9863
10342 9855
10343 9354
10344 9738
10345 9062
10346 9649
10347 9615
10348 9913
10349 9792
10350 9785
10351 9084
10352 9415
10353 9647
10354 9400
10355 9821
10356 9580
10357 9320
10358 9520
10359 9585
10360 9631
10361 9265
10362 9629
10363 9218
10364 9114
10365 9904
10366 9410
10367 9294
10368 9685
10369 9977
10370 9722
10371 9284
10372 9288
10373 9688
10374 9735
10375 9507
10376 9270
10377 9303
10378 9563
10379 9846
10380 9422
10381 9428
10382 9392
10383 9793
10384 9192
10385 9377
10386 9070
10387 9271
10388 9404
10389 9564
10390 9089
10391 9443
10392 9697
10393 9420
10394 9209
10395 9816
10396 9794
10397 9318
10398 9045
10399 9812
10400 9410
10401 9913
10402 9096
10403 9204
10404 9445
10405 9655
10406 9706
10407 9862
10408 9222
10409 9877
10410 9647
10411 9559
10412 9182
10413 9401
10414 9737
10415 9493
10416 9559
10417 9041
10418 9273
10419 9383
10420 9947
10421 9007
10422 9952
10423 9237
10424 9100
10425 9158
10426 9616
10427 9189
10428 9622
10429 9436
10430 9021
10431 9197
10432 9529
10433 9912
10434 9126
10435 9952
10436 9212
10437 9445
10438 9209
10439 9366
10440 9866
10441 9358
10442 9771
10443 9912
10444 9109
10445 9261
10446 9102
10447 9694
10448 9180
10449 9477
10450 9067
10451 9397
10452 9925
10453 9778
10454 9851
10455 9314
10456 9502
10457 9287
10458 9685
10459 9394
10460 9945
10461 9163
10462 9029
10463 9421
10464 9272
10465 9458
10466 9545
10467 9089
10468 9037
10469 9702
10470 9988
10471 9103
10472 9655
10473 9143
10474 9794
10475 9987
10476 9594
10477 9575
10478 9302
10479 9478
10480 9969
10481 9451
10482 9691
10483 9027
10484 9559
10485 9399
10486 9894
10487 9554
10488 9032
10489 9241
10490 9334
10491 9280
10492 9650
10493 9650
10494 9722
10495 9651
10496 9134
10497 9151
10498 9862
10499 9710
10500 9041
10501 9173
10502 9728
10503 9890
10504 9712
10505 9200
10506 9980
10507 9503
10508 9852
10509 9189
10510 9715
10511 9548
10512 9845
10513 9619
10514 9016
10515 9125
10516 9226
10517 9999
10518 9271
10519 9365
10520 9663
10521 9926
10522 9983
10523 9690
10524 9015
10525 9407
10526 9328
10527 9865
10528 9482
10529 9110
10530 9450
10531 9329
10532 9035
10533 9497
10534 9092
10535 9282
10536 9545
10537 9368
10538 9104
10539 9492
10540 9530
10541 9600
10542 9778
10543 9646
10544 9470
10545 9446
10546 9195
10547 9095
10548 9386
10549 9581
10550 9517
10551 9941
10552 9271
10553 9097
10554 9756
10555 9519
10556 9921
10557 9224
10558 9528
10559 9861
10560 9086
10561 9245
10562 9036
10563 9866
10564 9003
10565 9640
10566 9869
10567 9087
10568 9155
10569 9888
10570 9976
10571 9416
10572 9258
10573 9435
10574 9099
10575 9773
10576 9931
10577 9818
10578 9576
10579 9121
10580 9826
10581 9704
10582 9790
10583 9820
10584 9402
10585 9964
10586 9416
10587 9565
10588 9983
10589 9679
10590 9239
10591 9509
10592 9550
10593 9000
10594 9017
10595 9105
10596 9635
10597 9583
10598 9252
10599 9210
10600 9233
10601 9331
10602 9194
10603 9860
10604 9309
10605 9129
10606 9712
10607 9826
10608 9691
10609 9232
10610 9288
10611 9410
10612 9385
10613 9162
10614 9002
10615 9199
10616 9699
10617 9087
10618 9972
10619 9578
10620 9423
10621 9791
10622 9374
10623 9885
10624 9177
10625 9881
10626 9746
10627 9485
10628 9315
10629 9718
10630 9651
10631 9157
10632 9294
10633 9025
10634 9801
10635 9331
10636 9169
10637 9640
10638 9556
10639 9421
10640 9217
10641 9175
10642 9185
10643 9669
10644 9935
10645 9313
10646 9532
10647 9964
10648 9071
10649 9786
10650 9275
10651 9065
10652 9383
10653 9936
10654 9746
10655 9162
10656 9873
10657 9509
10658 9953
10659 9390
10660 9834
10661 9303
10662 9088
10663 9583
10664 9552
10665 9134
10666 9640
10667 9214
10668 9946
10669 9891
10670 9320
10671 9894
10672 9238
10673 9219
10674 9611
10675 9698
10676 9971
10677 9050
10678 9169
10679 9491
10680 9344
10681 9520
10682 9710
10683 9592
10684 9786
10685 9379
10686 9161
10687 9919
10688 9842
10689 9156
10690 9138
10691 9813
10692 9339
10693 9828
10694 9852
10695 9281
10696 9470
10697 9643
10698 9364
10699 9629
10700 9153
10701 9453
10702 9064
10703 9830
10704 9842
10705 9107
10706 9664
10707 9368
10708 9671
10709 9463
10710 9054
10711 9974
10712 9885
10713 9715
10714 9786
10715 9643
10716 9852
10717 9442
10718 9628
10719 9065
10720 9392
10721 9422
10722 9446
10723 9197
10724 9859
10725 9711
10726 9043
10727 9547
10728 9980
10729 9931
10730 9122
10731 9437
10732 9893
10733 9565
10734 9344
10735 9914
10736 9358
10737 9380
10738 9629
10739 9209
10740 9107
10741 9154
10742 9436
10743 9795
10744 9366
10745 9682
10746 9158
10747 9055
10748 9912
10749 9750
10750 9179
10751 9361
10752 9393
10753 9636
10754 9073
10755 9374
10756 9723
10757 9570
10758 9267
10759 9750
10760 9425
10761 9747
10762 9113
10763 9309
10764 9057
10765 9124
10766 9221
10767 9408
10768 9324
10769 9726
10770 9343
10771 9023
10772 9757
10773 9388
10774 9689
10775 9174
10776 9184
10777 9785
10778 9440
10779 9193
10780 9979
10781 9581
10782 9721
10783 9631
10784 9364
10785 9233
10786 9775
10787 9519
10788 9898
10789 9196
10790 9764
10791 9173
10792 9334
10793 9461
10794 9079
10795 9802
10796 9283
10797 9411
10798 9735
10799 9440
10800 9073
10801 9664
10802 9554
10803 9866
10804 9866
10805 9104
10806 9023
10807 9261
10808 9389
10809 9503
10810 9898
10811 9507
10812 9757
10813 9982
10814 9663
10815 9275
10816 9160
10817 9689
10818 9719
10819 9434
10820 9864
10821 9462
10822 9436
10823 9328
10824 9307
10825 9653
10826 9590
10827 9044
10828 9561
10829 9688
10830 9914
10831 9122
10832 9863
10833 9066
10834 9911
10835 9685
10836 9791
10837 9292
10838 9723
10839 9339
10840 9922
10841 9744
10842 9105
10843 9862
10844 9301
10845 9942
10846 9631
10847 9347
10848 9252
10849 9456
10850 9463
10851 9595
10852 9863
10853 9984
10854 9087
10855 9750
10856 9635
10857 9336
10858 9660
10859 9571
10860 9489
10861 9149
10862 9172
10863 9307
10864 9040
10865 9328
10866 9763
10867 9857
10868 9998
10869 9549
10870 9220
10871 9621
10872 9896
10873 9675
10874 9408
10875 9080
10876 9262
10877 9027
10878 9197
10879 9041
10880 9431
10881 9411
10882 9107
10883 9812
10884 9511
10885 9011
10886 9996
10887 9700
10888 9331
10889 9798
10890 9950
10891 9924
10892 9937
10893 9463
10894 9840
10895 9385
10896 9994
10897 9081
10898 9034
10899 9502
10900 9977
10901 9980
10902 9394
10903 9862
10904 9001
10905 9308
10906 9631
10907 9165
10908 9851
10909 9722
10910 9571
10911 9538
10912 9843
10913 9588
10914 9555
10915 9164
10916 9462
10917 9503
10918 9858
10919 9558
10920 9140
10921 9878
10922 9434
10923 9578
10924 9277
10925 9888
10926 9830
10927 9818
10928 9212
10929 9653
10930 9683
10931 9409
10932 9564
10933 9370
10934 9756
10935 9732
10936 9452
10937 9859
10938 9221
10939 9151
10940 9861
10941 9068
10942 9236
10943 9682
10944 9754
10945 9320
10946 9772
10947 9983
10948 9843
10949 9376
10950 9467
10951 9783
10952 9638
10953 9542
10954 9349
10955 9000
10956 9367
10957 9494
10958 9806
10959 9920
10960 9433
10961 9626
10962 9712
10963 9484
10964 9357
10965 9166
10966 9561
10967 9421
10968 9683
10969 9552
10970 9271
10971 9501
10972 9679
10973 9863
10974 9406
10975 9784
10976 9795
10977 9909
10978 9721
10979 9189
10980 9454
10981 9790
10982 9893
10983 9490
10984 9410
10985 9419
10986 9253
10987 9716
10988 9100
10989 9600
10990 9098
10991 9985
10992 9631
10993 9912
10994 9736
10995 9167
10996 9460
10997 9119
10998 9634
10999 9281
10000 9988
10001 9006
10002 9401
10003 9434
10004 9919
10005 9697
10006 9423
10007 9654
10008 9199
10009 9904
10010 9385
10011 9604
10012 9783
10013 9278
10014 9616
10015 9669
10016 9251
10017 9168
10018 9548
10019 9122
10020 9744
10021 9175
10022 9851
10023 9909
10024 9602
10025 9451
10026 9856
10027 9708
10028 9123
10029 9995
10030 9598
10031 9143
10032 9592
10033 9176
10034 9493
10035 9675
10036 9410
10037 9082
10038 9901
10039 9255
10040 9988
10041 9932
10042 9283
10043 9613
10044 9141
10045 9962
10046 9723
10047 9420
10048 9677
10049 9178
10050 9321
10051 9634
10052 9916
10053 9405
10054 9598
10055 9357
10056 9745
10057 9203
10058 9204
10059 9308
10060 9163
10061 9366
10062 9477
10063 9768
10064 9800
10065 9941
10066 9755
10067 9667
10068 9216
10069 9837
10070 9622
10071 9315
10072 9300
10073 9762
10074 9034
10075 9477
10076 9035
10077 9691
10078 9551
10079 9564
10080 9061
10081 9227
10082 9249
10083 9235
10084 9159
10085 9005
10086 9807
10087 9972
10088 9353
10089 9171
10090 9014
10091 9190
10092 9624
10093 9839
10094 9048
10095 9759
10096 9275
10097 9277
10098 9384
10099 9873
10100 9864
10101 9969
10102 9124
10103 9511
10104 9228
10105 9432
10106 9954
10107 9225
10108 9000
10109 9036
10110 9184
10111 9911
10112 9166
10113 9930
10114 9662
10115 9902
10116 9410
10117 9338
10118 9654
10119 9199
10120 9860
10121 9251
10122 9798
10123 9847
10124 9834
10125 9040
10126 9164
10127 9424
10128 9397
10129 9251
10130 9188
10131 9007
10132 9281
10133 9625
10134 9240
10135 9025
10136 9528
10137 9625
10138 9725
10139 9024
10140 9109
10141 9958
10142 9425
10143 9831
10144 9947
10145 9588
10146 9758
10147 9223
10148 9498
10149 9410
10150 9736
10151 9510
10152 9612
10153 9028
10154 9653
10155 9428
10156 9516
10157 9617
10158 9621
10159 9509
10160 9610
10161 9377
10162 9068
10163 9814
10164 9222
10165 9332
10166 9136
10167 9595
10168 9273
10169 9542
10170 9429
10171 9460
10172 9771
10173 9078
10174 9528
10175 9505
10176 9232
10177 9288
10178 9094
10179 9163
10180 9057
10181 9851
10182 9046
10183 9332
10184 9151
10185 9688
10186 9658
10187 9312
10188 9685
10189 9389
10190 9846
10191 9436
10192 9573
10193 9148
10194 9669
10195 9492
10196 9583
10197 9193
10198 9576
10199 9446
10200 9156
10201 9258
10202 9527
10203 9150
10204 9587
10205 9159
10206 9947
10207 9871
10208 9698
10209 9176
10210 9459
10211 9599
10212 9231
10213 9472
10214 9458
10215 9750
10216 9033
10217 9563
10218 9956
10219 9590
10220 9715
10221 9819
10222 9804
10223 9838
10224 9303
10225 9780
10226 9798
10227 9800
10228 9970
10229 9887
10230 9798
10231 9197
10232 9400
10233 9805
10234 9316
10235 9653
10236 9024
10237 9098
10238 9232
10239 9273
9000 8380
9001 8915
9002 8125
9003 8499
9005 8430
9006 8939
9007 8676
9011 8602
9013 8831
9014 8673
9015 8961
9016 8564
9017 8758
9021 8160
9023 8225
9024 8652
9025 8177
9027 8020
9028 8530
9029 8035
9032 8689
9033 8977
9034 8030
9035 8626
9036 8427
9037 8244
9040 8874
9041 8472
9043 8524
9044 8378
9045 8825
9046 8717
9048 8333
9050 8862
9054 8071
9055 8489
9057 8736
9058 8656
9061 8285
9062 8465
9064 8073
9065 8148
9066 8642
9067 8770
9068 8918
9070 8924
9071 8294
9072 8194
9073 8646
9078 8218
9079 8011
9080 8407
9081 8387
9082 8193
9084 8639
9086 8139
9087 8611
9088 8447
9089 8873
9092 8636
9094 8598
9095 8026
9096 8513
9097 8910
9098 8251
9099 8986
9100 8167
9102 8385
9103 8250
9104 8642
9105 8354
9106 8849
9107 8349
9109 8048
9110 8871
9113 8971
9114 8265
9118 8204
9119 8383
9121 8027
9122 8190
9123 8729
9124 8349
9125 8137
9126 8127
9129 8860
9131 8920
9134 8487
9136 8609
9137 8499
9138 8128
9140 8905
9141 8836
9143 8446
9148 8224
9149 8361
9150 8748
9151 8004
9153 8894
9154 8702
9155 8942
9156 8861
9157 8935
9158 8202
9159 8139
9160 8124
9161 8771
9162 8336
9163 8971
9164 8830
9165 8188
9166 8958
9167 8164
9168 8837
9169 8848
9171 8188
9172 8794
9173 8359
9174 8568
9175 8274
9176 8912
9177 8053
9178 8743
9179 8428
9180 8703
9182 8774
9184 8008
9185 8979
9186 8194
9188 8322
9189 8664
9190 8892
9192 8737
9193 8478
9194 8736
9195 8570
9196 8801
9197 8430
9199 8229
9200 8839
9202 8221
9203 8377
9204 8646
9205 8139
9209 8771
9210 8843
9212 8771
9214 8897
9216 8500
9217 8504
9218 8431
9219 8530
9220 8645
9221 8824
9222 8296
9223 8484
9224 8664
9225 8134
9226 8138
9227 8919
9228 8914
9231 8155
9232 8849
9233 8084
9235 8081
9236 8519
9237 8678
9238 8319
9239 8452
9240 8628
9241 8078
9242 8532
9245 8816
9249 8307
9251 8301
9252 8006
9253 8709
9255 8095
9258 8248
9261 8881
9262 8974
9265 8444
9267 8140
9270 8620
9271 8354
9272 8376
9273 8253
9275 8441
9277 8806
9278 8390
9280 8851
9281 8648
9282 8977
9283 8215
9284 8943
9287 8412
9288 8922
9292 8063
9294 8737
9300 8122
9301 8559
9302 8079
9303 8406
9307 8237
9308 8399
9309 8765
9312 8341
9313 8909
9314 8300
9315 8967
9316 8739
9318 8673
9320 8750
9321 8406
9324 8730
9328 8457
9329 8089
9331 8225
9332 8782
9334 8476
9336 8485
9338 8741
9339 8207
9340 8629
9343 8151
9344 8541
9347 8589
9349 8662
9353 8735
9354 8893
9357 8207
9358 8194
9361 8526
9363 8954
9364 8836
9365 8163
9366 8967
9367 8371
9368 8751
9370 8810
9371 8893
9374 8302
9376 8803
9377 8048
9379 8710
9380 8272
9383 8625
9384 8048
9385 8689
9386 8294
9388 8063
9389 8171
9390 8857
9392 8179
9393 8252
9394 8237
9395 8714
9397 8581
9399 8137
9400 8260
9401 8203
9402 8291
9404 8391
9405 8261
9406 8090
9407 8367
9408 8268
9409 8127
9410 8971
9411 8431
9415 8044
9416 8573
9419 8027
9420 8241
9421 8646
9422 8890
9423 8426
9424 8841
9425 8814
9428 8898
9429 8398
9431 8595
9432 8794
9433 8022
9434 8564
9435 8999
9436 8954
9437 8311
9439 8843
9440 8576
9442 8767
9443 8968
9445 8836
9446 8115
9450 8530
9451 8816
9452 8182
9453 8133
9454 8690
9456 8425
9458 8460
9459 8333
9460 8556
9461 8397
9462 8836
9463 8309
9464 8672
9467 8230
9470 8469
9472 8505
9477 8928
9478 8301
9482 8370
9483 8495
9484 8572
9485 8225
9489 8527
9490 8183
9491 8275
9492 8450
9493 8921
9494 8992
9497 8777
9498 8630
9501 8953
9502 8505
9503 8460
9505 8898
9507 8215
9509 8933
9510 8840
9511 8639
9516 8886
9517 8708
9519 8951
9520 8189
9526 8031
9527 8678
9528 8188
9529 8537
9530 8869
9532 8461
9538 8778
9542 8823
9545 8292
9547 8709
9548 8871
9549 8378
9550 8854
9551 8843
9552 8600
9554 8628
9555 8677
9556 8381
9558 8464
9559 8453
9561 8044
9563 8950
9564 8285
9565 8009
9570 8121
9571 8228
9572 8675
9573 8593
9575 8987
9576 8765
9578 8765
9580 8545
9581 8356
9583 8141
9585 8894
9586 8300
9587 8430
9588 8197
9590 8434
9592 8227
9594 8253
9595 8397
9598 8341
9599 8897
9600 8102
9602 8862
9604 8775
9608 8173
9610 8669
9611 8127
9612 8104
9613 8575
9615 8455
9616 8322
9617 8160
9619 8640
9620 8707
9621 8465
9622 8316
9624 8327
9625 8768
9626 8491
9628 8365
9629 8987
9631 8683
9634 8213
9635 8490
9636 8731
9638 8730
9640 8007
9643 8442
9646 8744
9647 8412
9649 8596
9650 8377
9651 8359
9653 8160
9654 8160
9655 8277
9658 8173
9660 8756
9662 8684
9663 8565
9664 8033
9667 8735
9669 8867
9671 8571
9675 8577
9677 8084
9679 8065
9682 8343
9683 8070
9685 8857
9688 8069
9689 8916
9690 8701
9691 8658
9694 8458
9697 8003
9698 8486
9699 8802
9700 8298
9702 8002
9704 8295
9706 8236
9708 8276
9710 8735
9711 8552
9712 8847
9715 8623
9716 8994
9718 8738
9719 8904
9721 8601
9722 8795
9723 8341
9725 8560
9726 8008
9728 8448
9732 8028
9735 8897
9736 8406
9737 8617
9738 8689
9744 8206
9745 8419
9746 8376
9747 8135
9750 8689
9754 8170
9755 8304
9756 8991
9757 8632
9758 8493
9759 8863
9762 8746
9763 8917
9764 8303
9768 8514
9771 8701
9772 8305
9773 8384
9775 8588
9776 8624
9778 8167
9780 8828
9783 8105
9784 8706
9785 8571
9786 8110
9790 8979
9791 8680
9792 8677
9793 8321
9794 8202
9795 8141
9798 8688
9800 8602
9801 8383
9802 8336
9804 8276
9805 8085
9806 8546
9807 8896
9812 8635
9813 8237
9814 8215
9815 8879
9816 8743
9818 8058
9819 8743
9820 8300
9821 8287
9822 8472
9823 8671
9826 8473
9828 8639
9830 8102
9831 8464
9833 8234
9834 8098
9837 8100
9838 8967
9839 8305
9840 8709
9842 8439
9843 8159
9845 8220
9846 8042
9847 8578
9851 8662
9852 8670
9855 8359
9856 8878
9857 8624
9858 8267
9859 8739
9860 8920
9861 8625
9862 8262
9863 8693
9864 8268
9865 8688
9866 8263
9869 8923
9871 8175
9873 8414
9877 8281
9878 8366
9881 8171
9885 8904
9887 8270
9888 8726
9890 8391
9891 8507
9893 8286
9894 8409
9896 8590
9898 8585
9901 8968
9902 8917
9904 8547
9906 8126
9909 8161
9911 8349
9912 8740
9913 8076
9914 8815
9915 8545
9916 8366
9919 8106
9920 8612
9921 8978
9922 8985
9924 8835
9925 8433
9926 8916
9927 8723
9930 8573
9931 8322
9932 8740
9935 8845
9936 8694
9937 8878
9940 8272
9941 8911
9942 8648
9945 8749
9946 8849
9947 8703
9950 8070
9952 8636
9953 8626
9954 8842
9956 8196
9958 8954
9962 8228
9964 8901
9969 8192
9970 8152
9971 8725
9972 8188
9974 8199
9976 8807
9977 8784
9979 8605
9980 8775
9982 8631
9983 8820
9984 8261
9985 8407
9987 8778
9988 8917
9991 8597
9994 8485
9995 8623
9996 8823
9998 8787
9999 8552
8192 7134
8193 7301
8194 7507
8196 7030
8197 7601
8199 7426
8202 7948
8203 7674
8204 7641
8206 7179
8207 7242
8213 7331
8215 7648
8218 7865
8220 7628
8221 7162
8224 7825
8225 7332
8227 7935
8228 7740
8229 7469
8230 7177
8234 7940
8236 7028
8237 7766
8241 7747
8244 7391
8248 7822
8250 7216
8251 7088
8252 7291
8253 7756
8260 7498
8261 7035
8262 7692
8263 7571
8265 7247
8267 7332
8268 7026
8270 7666
8272 7394
8274 7452
8275 7090
8276 7304
8277 7385
8281 7213
8285 7888
8286 7667
8287 7407
8291 7322
8292 7531
8294 7989
8295 7130
8296 7363
8298 7706
8300 7595
8301 7413
8302 7290
8303 7992
8304 7024
8305 7229
8307 7864
8309 7201
8311 7851
8316 7756
8319 7184
8321 7866
8322 7828
8327 7610
8333 7670
8336 7625
8341 7511
8343 7070
8349 7771
8354 7017
8356 7999
8359 7982
8361 7559
8365 7915
8366 7499
8367 7860
8370 7738
8371 7713
8376 7543
8377 7411
8378 7522
8380 7387
8381 7254
8383 7063
8384 7070
8385 7577
8387 7755
8390 7444
8391 7027
8397 7553
8398 7665
8399 7402
8406 7874
8407 7034
8409 7470
8412 7217
8414 7849
8419 7600
8425 7521
8426 7821
8427 7861
8428 7049
8430 7785
8431 7123
8433 7742
8434 7653
8439 7355
8441 7467
8442 7366
8444 7054
8446 7106
8447 7370
8448 7498
8450 7997
8452 7657
8453 7173
8455 7189
8457 7229
8458 7337
8460 7261
8461 7965
8464 7964
8465 7725
8469 7916
8472 7458
8473 7420
8476 7455
8478 7427
8484 7812
8485 7313
8486 7286
8487 7363
8489 7521
8490 7509
8491 7899
8493 7321
8495 7585
8499 7759
8500 7047
8504 7633
8505 7841
8507 7585
8513 7896
8514 7434
8519 7809
8524 7018
8526 7633
8527 7978
8530 7370
8532 7632
8537 7352
8541 7192
8545 7774
8546 7537
8547 7840
8552 7765
8556 7138
8559 7384
8560 7290
8564 7489
8565 7208
8568 7022
8570 7888
8571 7671
8572 7850
8573 7247
8575 7962
8576 7097
8577 7847
8578 7835
8581 7195
8585 7083
8588 7592
8589 7566
8590 7986
8593 7025
8595 7270
8596 7333
8597 7567
8598 7523
8600 7396
8601 7308
8602 7891
8605 7115
8609 7325
8611 7756
8612 7477
8617 7065
8620 7773
8623 7844
8624 7758
8625 7041
8626 7094
8628 7133
8629 7921
8630 7432
8631 7671
8632 7264
8635 7372
8636 7739
8639 7673
8640 7979
8642 7386
8645 7346
8646 7782
8648 7567
8652 7354
8656 7023
8658 7205
8662 7630
8664 7114
8669 7682
8670 7004
8671 7118
8672 7806
8673 7170
8675 7849
8676 7923
8677 7324
8678 7792
8680 7759
8683 7645
8684 7228
8688 7308
8689 7278
8690 7910
8693 7467
8694 7261
8701 7576
8702 7810
8703 7707
8706 7868
8707 7872
8708 7276
8709 7868
8710 7161
8714 7346
8717 7894
8723 7741
8725 7157
8726 7218
8729 7575
8730 7484
8731 7527
8735 7274
8736 7348
8737 7496
8738 7959
8739 7680
8740 7714
8741 7637
8743 7784
8744 7255
8746 7376
8748 7653
8749 7953
8750 7381
8751 7924
8756 7767
8758 7609
8765 7622
8767 7874
8768 7913
8770 7739
8771 7692
8774 7446
8775 7161
8777 7937
8778 7831
8782 7684
8784 7474
8787 7286
8794 7733
8795 7902
8801 7335
8802 7068
8803 7698
8806 7716
8807 7165
8810 7038
8814 7260
8815 7390
8816 7762
8820 7674
8823 7811
8824 7202
8825 7878
8828 7360
8830 7474
8831 7355
8835 7901
8836 7410
8837 7957
8839 7587
8840 7998
8841 7156
8842 7632
8843 7753
8845 7264
8847 7399
8848 7503
8849 7606
8851 7061
8854 7419
8857 7151
8860 7273
8861 7181
8862 7417
8863 7247
8867 7945
8869 7263
8871 7958
8873 7168
8874 7158
8878 7223
8879 7856
8881 7844
8886 7041
8890 7129
8892 7560
8893 7649
8894 7534
8896 7375
8897 7793
8898 7388
8901 7048
8904 7167
8905 7702
8909 7557
8910 7223
8911 7310
8912 7715
8914 7931
8915 7023
8916 7599
8917 7730
8918 7137
8919 7844
8920 7593
8921 7537
8922 7671
8923 7026
8924 7838
8928 7709
8933 7278
8935 7264
8939 7156
8942 7916
8943 7306
8950 7604
8951 7205
8953 7803
8954 7771
8958 7873
8961 7170
8967 7493
8968 7055
8971 7960
8974 7096
8977 7418
8978 7987
8979 7094
8985 7701
8986 7097
8987 7746
8991 7113
8992 7615
8994 7109
8999 7981
8002 7605
8003 7654
8004 7381
8006 7100
8007 7429
8008 7392
8009 7740
8011 7132
8020 7146
8022 7341
8026 7785
8027 7906
8028 7887
8030 7725
8031 7422
8033 7645
8035 7307
8042 7134
8044 7690
8048 7147
8053 7965
8058 7182
8063 7952
8065 7541
8069 7781
8070 7234
8071 7631
8073 7219
8076 7737
8078 7646
8079 7226
8081 7645
8084 7237
8085 7988
8089 7139
8090 7753
8095 7937
8098 7380
8100 7934
8102 7323
8104 7812
8105 7654
8106 7652
8110 7595
8115 7350
8121 7057
8122 7453
8124 7449
8125 7492
8126 7337
8127 7713
8128 7637
8133 7268
8134 7213
8135 7892
8137 7037
8138 7537
8139 7271
8140 7146
8141 7606
8148 7185
8151 7395
8152 7547
8155 7658
8159 7264
8160 7688
8161 7581
8163 7631
8164 7503
8167 7705
8170 7018
8171 7040
8173 7939
8175 7351
8177 7705
8179 7444
8182 7907
8183 7167
8188 7974
8189 7077
8190 7356
7004 6105
7017 6133
7018 6100
7022 6443
7023 6397
7024 6504
7025 6629
7026 6375
7027 6963
7028 6971
7030 6591
7034 6720
7035 6796
7037 6312
7038 6200
7040 6793
7041 6708
7047 6693
7048 6951
7049 6612
7054 6109
7055 6060
7057 6210
7061 6058
7063 6515
7065 6021
7068 6688
7070 6495
7077 6977
7083 6019
7088 6897
7090 6334
7094 6204
7096 6579
7097 6532
7100 6965
7106 6478
7109 6429
7113 6008
7114 6016
7115 6548
7118 6238
7123 6329
7129 6822
7130 6505
7132 6246
7133 6848
7134 6267
7137 6890
7138 6033
7139 6486
7146 6530
7147 6554
7151 6808
7156 6347
7157 6714
7158 6670
7161 6975
7162 6122
7165 6614
7167 6522
7168 6028
7170 6804
7173 6717
7177 6306
7179 6529
7181 6008
7182 6594
7184 6065
7185 6567
7189 6772
7192 6898
7195 6086
7201 6500
7202 6570
7205 6852
7208 6931
7213 6353
7216 6094
7217 6703
7218 6567
7219 6851
7223 6581
7226 6910
7228 6488
7229 6958
7234 6775
7237 6423
7242 6933
7247 6009
7254 6563
7255 6041
7260 6593
7261 6112
7263 6473
7264 6025
7268 6117
7270 6532
7271 6554
7273 6208
7274 6591
7276 6435
7278 6003
7286 6197
7290 6438
7291 6493
7301 6530
7304 6872
7306 6962
7307 6474
7308 6441
7310 6423
7313 6403
7321 6983
7322 6648
7323 6865
7324 6192
7325 6466
7331 6206
7332 6951
7333 6171
7335 6391
7337 6146
7341 6909
7346 6150
7348 6169
7350 6393
7351 6034
7352 6541
7354 6715
7355 6731
7356 6946
7360 6386
7363 6548
7366 6374
7370 6300
7372 6646
7375 6749
7376 6490
7380 6166
7381 6696
7384 6746
7385 6507
7386 6127
7387 6151
7388 6478
7390 6042
7391 6482
7392 6108
7394 6818
7395 6929
7396 6403
7399 6425
7402 6487
7407 6742
7410 6010
7411 6866
7413 6025
7417 6069
7418 6321
7419 6263
7420 6456
7422 6712
7426 6339
7427 6561
7429 6489
7432 6796
7434 6150
7444 6571
7446 6724
7449 6425
7452 6579
7453 6370
7455 6241
7458 6967
7467 6784
7469 6681
7470 6167
7474 6312
7477 6121
7484 6318
7489 6038
7492 6073
7493 6548
7496 6822
7498 6400
7499 6863
7503 6199
7507 6028
7509 6687
7511 6464
7521 6917
7522 6889
7523 6430
7527 6534
7531 6166
7534 6832
7537 6103
7541 6360
7543 6461
7547 6683
7553 6697
7557 6270
7559 6753
7560 6753
7566 6651
7567 6021
7571 6664
7575 6852
7576 6375
7577 6026
7581 6636
7585 6944
7587 6443
7592 6798
7593 6550
7595 6161
7599 6363
7600 6089
7601 6214
7604 6898
7605 6243
7606 6981
7609 6482
7610 6389
7615 6997
7622 6905
7625 6628
7628 6649
7630 6915
7631 6617
7632 6600
7633 6235
7637 6267
7641 6861
7645 6452
7646 6417
7648 6756
7649 6304
7652 6619
7653 6209
7654 6533
7657 6503
7658 6438
7665 6041
7666 6363
7667 6303
7670 6258
7671 6647
7673 6350
7674 6525
7680 6086
7682 6609
7684 6339
7688 6221
7690 6222
7692 6943
7698 6881
7701 6657
7702 6539
7705 6800
7706 6781
7707 6802
7709 6890
7713 6678
7714 6617
7715 6768
7716 6278
7725 6519
7730 6948
7733 6005
7737 6108
7738 6600
7739 6501
7740 6348
7741 6314
7742 6844
7746 6850
7747 6713
7753 6378
7755 6698
7756 6962
7758 6123
7759 6312
7762 6189
7765 6544
7766 6606
7767 6753
7771 6570
7773 6277
7774 6052
7781 6719
7782 6117
7784 6182
7785 6403
7792 6097
7793 6827
7803 6724
7806 6388
7809 6789
7810 6885
7811 6697
7812 6559
7821 6786
7822 6470
7825 6670
7828 6793
7831 6723
7835 6818
7838 6210
7840 6178
7841 6695
7844 6901
7847 6813
7849 6246
7850 6653
7851 6146
7856 6153
7860 6306
7861 6935
7864 6486
7865 6770
7866 6522
7868 6013
7872 6335
7873 6048
7874 6862
7878 6135
7887 6140
7888 6649
7891 6085
7892 6921
7894 6678
7896 6395
7899 6083
7901 6385
7902 6829
7906 6166
7907 6875
7910 6439
7913 6795
7915 6438
7916 6856
7921 6812
7923 6562
7924 6317
7931 6470
7934 6296
7935 6925
7937 6991
7939 6376
7940 6631
7945 6657
7948 6318
7952 6441
7953 6194
7957 6432
7958 6721
7959 6722
7960 6491
7962 6802
7964 6350
7965 6962
7974 6738
7978 6021
7979 6720
7981 6680
7982 6552
7986 6164
7987 6676
7988 6157
7989 6474
7992 6843
7997 6516
7998 6493
7999 6207
6657 5625
6146 5370
6150 5344
6151 5382
6664 5456
6153 5882
6157 5513
6670 5065
6161 5503
6164 5678
6676 5411
6166 5423
6167 5064
6678 5307
6169 5098
6681 5628
6171 5229
6683 5142
6680 5359
6687 5839
6688 5460
6178 5005
6693 5663
6182 5271
6695 5691
6696 5784
6697 5111
6698 5466
6189 5209
6703 5956
6192 5245
6194 5643
6708 5845
6197 5694
6199 5005
6200 5344
6712 5670
6714 5306
6715 5692
6204 5291
6717 5139
6206 5932
6713 5490
6720 5151
6208 5381
6210 5187
6209 5870
6724 5332
6719 5714
6214 5927
6723 5870
6721 5797
6722 5746
6731 5838
6221 5477
6222 5814
6738 5482
6742 5307
6746 5123
6235 5742
6749 5713
6238 5413
6241 5516
6753 5418
6243 5088
6756 5084
6246 5077
6768 5667
6258 5626
6770 5201
6772 5088
6775 5148
6263 5846
6267 5424
6781 5255
6270 5227
6784 5368
6786 5578
6277 5479
6278 5882
6789 5065
6793 5990
6795 5206
6796 5304
6798 5428
6800 5939
6802 5187
6135 5572
6804 5568
6808 5940
6296 5525
6300 5829
6813 5764
6812 5710
6303 5535
6304 5633
6306 5248
6818 5662
6822 5165
6312 5970
6314 5842
6827 5884
6829 5915
6318 5666
6317 5095
6832 5470
6321 5847
6329 5476
6843 5426
6844 5103
6334 5464
6335 5440
6848 5157
6850 5109
6851 5963
6852 5771
6339 5883
6856 5451
6347 5624
6348 5611
6861 5003
6350 5828
6863 5393
6862 5717
6353 5888
6865 5398
6866 5072
6872 5567
6360 5082
6363 5598
6875 5032
6881 5207
6370 5633
6885 5249
6374 5575
6375 5712
6376 5299
6889 5529
6890 5006
6378 5489
6897 5357
6898 5526
6386 5390
6388 5311
6389 5653
6901 5578
6391 5955
6385 5149
6393 5284
6905 5434
6395 5624
6397 5038
6910 5748
6909 5023
6400 5195
6403 5972
6915 5034
6917 5184
6921 5967
6925 5567
6929 5166
6417 5195
6931 5885
6933 5775
6423 5050
6935 5502
6425 5010
6429 5322
6430 5696
6943 5560
6944 5717
6432 5484
6946 5449
6435 5385
6948 5799
6438 5956
6951 5664
6439 5777
6441 5029
6443 5526
6958 5380
6962 5800
6963 5345
6452 5534
6965 5028
6967 5702
6456 5232
6971 5323
6461 5368
6975 5482
6464 5747
6977 5658
6466 5353
6981 5627
6470 5728
6983 5183
6473 5817
6474 5381
6478 5676
6991 5786
6482 5031
6997 5773
6486 5535
6487 5087
6488 5005
6489 5772
6490 5305
6491 5036
6493 5298
6495 5208
6500 5058
6501 5457
6503 5605
6504 5603
6505 5121
6507 5635
6515 5035
6003 5239
6005 5504
6516 5662
6519 5045
6008 5997
6009 5224
6522 5922
6010 5581
6525 5152
6013 5861
6016 5611
6529 5167
6530 5883
6019 5664
6532 5669
6021 5608
6534 5157
6533 5131
6025 5958
6026 5578
6539 5468
6028 5517
6541 5763
6544 5924
6033 5157
6034 5331
6548 5416
6038 5867
6550 5358
6552 5516
6041 5420
6554 5807
6042 5575
6559 5078
6048 5415
6561 5799
6562 5958
6563 5352
6052 5444
6567 5863
6058 5384
6570 5623
6060 5641
6571 5960
6065 5911
6579 5287
6581 5555
6069 5796
6073 5959
6591 5748
6593 5263
6594 5043
6083 5789
6085 5938
6086 5358
6600 5923
6089 5028
6094 5984
6606 5213
6609 5268
6097 5816
6100 5432
6612 5428
6614 5198
6103 5281
6105 5791
6617 5758
6619 5382
6108 5521
6109 5239
6207 5707
6112 5937
6628 5333
6629 5213
6117 5433
6631 5014
6121 5024
6122 5733
6123 5910
6636 5662
6127 5010
6133 5219
6646 5160
6647 5540
6648 5708
6649 5286
6651 5988
6140 5279
6653 5587
5633 4751
5121 4535
5123 4942
5635 4853
5641 4643
5643 4287
5131 4386
5139 4847
5653 4193
5142 4192
5658 4564
5148 4435
5149 4641
5662 4771
5663 4720
5151 4995
5664 4060
5666 4341
5667 4710
5152 4448
5157 4791
5670 4820
5669 4617
5160 4451
5676 4637
5165 4488
5678 4310
5166 4269
5167 4121
5691 4565
5692 4282
5694 4459
5183 4191
5184 4129
5696 4263
5187 4504
5702 4798
5195 4417
5707 4433
5708 4644
5710 4384
5198 4505
5712 4034
5713 4373
5714 4453
5201 4288
5717 4809
5206 4531
5207 4709
5208 4334
5209 4546
5213 4048
5728 4599
5219 4732
5733 4351
5224 4637
5227 4043
5229 4246
5742 4809
5232 4488
5746 4804
5747 4165
5748 4309
5239 4399
5245 4566
5758 4283
5248 4679
5249 4625
5763 4342
5764 4044
5623 4957
5255 4597
5771 4911
5772 4747
5773 4353
5775 4925
5263 4213
5777 4169
5268 4464
5271 4804
5784 4485
5786 4964
5789 4026
5791 4753
5279 4208
5281 4258
5284 4207
5797 4923
5796 4176
5799 4355
5800 4823
5287 4140
5286 4371
5291 4027
5807 4649
5298 4615
5299 4803
5814 4432
5304 4513
5817 4819
5306 4723
5307 4505
5305 4556
5816 4849
5311 4919
5828 4435
5829 4910
5322 4895
5323 4147
5838 4606
5839 4512
5842 4667
5331 4528
5332 4606
5845 4554
5846 4008
5847 4009
5333 4079
5344 4023
5345 4169
5861 4674
5863 4026
5352 4114
5353 4518
5867 4762
5357 4121
5870 4294
5359 4221
5358 4649
5368 4757
5370 4860
5882 4346
5884 4512
5883 4055
5885 4826
5888 4534
5380 4630
5381 4250
5382 4742
5384 4152
5385 4391
5390 4680
5393 4524
5398 4880
5911 4079
5910 4394
5915 4830
5922 4529
5411 4392
5924 4448
5413 4218
5923 4977
5927 4474
5416 4182
5415 4976
5418 4366
5932 4628
5420 4044
5423 4623
5424 4723
5937 4165
5426 4940
5939 4326
5428 4010
5940 4087
5938 4795
5432 4850
5433 4097
5434 4381
5440 4693
5955 4825
5956 4168
5444 4128
5958 4494
5959 4998
5960 4978
5449 4709
5963 4121
5451 4505
5967 4991
5456 4588
5457 4457
5970 4697
5460 4847
5972 4529
5464 4836
5466 4907
5468 4001
5470 4449
5984 4010
5476 4017
5477 4395
5990 4195
5479 4796
5988 4235
5482 4033
5484 4746
5997 4256
5489 4474
5490 4531
5502 4381
5503 4823
5504 4632
5513 4349
5003 4803
5516 4006
5005 4771
5006 4428
5517 4631
5521 4792
5010 4857
5525 4096
5526 4660
5014 4978
5529 4644
5534 4107
5535 4445
5023 4176
5024 4754
5028 4765
5029 4032
5540 4246
5031 4304
5032 4078
5034 4810
5035 4820
5036 4535
5038 4813
5555 4896
5043 4371
5045 4103
5560 4348
5050 4781
5567 4411
5568 4677
5058 4567
5572 4226
5575 4852
5064 4288
5065 4101
5578 4592
5581 4964
5072 4200
5587 4494
5077 4362
5078 4041
5082 4351
5084 4451
5598 4301
5087 4078
5088 4549
5603 4975
5605 4296
5095 4545
5608 4180
5098 4035
5611 4945
5103 4367
5109 4154
5111 4799
5624 4139
5625 4790
5626 4372
5627 4737
5628 4481
4096 3177
4097 3859
4101 3242
4615 3184
4103 3353
4617 3238
4107 3333
4623 3069
4625 3636
4114 3870
4628 3840
4630 3020
4631 3323
4632 3331
4121 3309
4637 3882
4128 3468
4641 3092
4129 3354
4643 3859
4644 3474
4649 3401
4139 3610
4140 3645
4147 3635
4660 3901
4152 3476
4154 3879
4667 3654
4674 3566
4165 3231
4677 3243
4679 3910
4680 3985
4169 3476
4168 3828
4176 3960
4087 3146
4180 3342
4693 3112
4182 3667
4697 3952
4191 3936
4192 3461
4193 3251
4195 3952
4709 3499
4710 3674
4200 3114
4207 3249
4720 3452
4208 3760
4723 3284
4213 3368
4218 3888
4732 3192
4221 3622
4737 3705
4226 3510
4742 3282
4746 3732
4747 3705
4235 3562
4751 3345
4753 3278
4754 3691
4757 3004
4246 3234
4762 3729
4250 3316
4765 3298
4256 3238
4258 3272
4771 3484
4263 3164
4269 3231
4781 3350
4790 3697
4791 3747
4792 3341
4282 3914
4283 3391
4795 3503
4796 3826
4798 3417
4287 3139
4288 3103
4799 3173
4803 3430
4804 3445
4294 3546
4296 3012
4809 3450
4810 3334
4813 3472
4301 3310
4304 3324
4819 3913
4820 3920
4309 3431
4310 3897
4823 3415
4825 3539
4826 3894
4830 3846
4836 3938
4326 3435
4334 3275
4847 3212
4849 3521
4850 3747
4852 3429
4853 3976
4341 3171
4342 3321
4857 3296
4346 3281
4860 3398
4349 3933
4348 3996
4351 3178
4353 3272
4355 3535
4362 3704
4366 3212
4367 3153
4880 3033
4371 3482
4372 3530
4373 3660
4381 3962
4895 3834
4384 3192
4896 3113
4386 3216
4391 3849
4392 3034
4394 3531
4907 3665
4395 3172
4910 3104
4399 3682
4911 3835
4919 3544
4923 3204
4411 3974
4925 3983
4417 3775
4940 3837
4428 3979
4942 3675
4432 3823
4433 3631
4945 3085
4435 3049
4957 3109
4445 3964
4448 3984
4449 3882
4451 3392
4964 3427
4453 3637
4457 3192
4459 3714
4975 3875
4464 3476
4977 3891
4976 3437
4978 3735
4474 3408
4991 3562
4481 3271
4995 3218
4485 3880
4998 3216
4488 3210
4494 3551
4504 3246
4505 3004
4512 3491
4513 3721
4001 3235
4518 3932
4006 3844
4008 3727
4009 3851
4010 3620
4524 3535
4528 3813
4529 3627
4017 3549
4531 3663
4534 3863
4535 3869
4023 3985
4026 3136
4027 3619
4032 3086
4033 3663
4034 3643
4546 3574
4545 3415
4549 3031
4035 3375
4041 3431
4554 3399
4043 3362
4044 3470
4556 3319
4048 3326
4564 3407
4565 3804
4566 3301
4055 3820
4567 3066
4060 3977
4588 3009
4078 3856
4079 3714
4592 3016
4597 3253
4599 3877
4606 3288
3085 2373
3086 2951
3092 2137
3610 2893
3103 2502
3104 2771
3619 2632
3620 2034
3109 2599
3622 2999
3112 2112
3113 2014
3114 2562
3627 2891
3631 2445
3635 2516
3636 2991
3637 2844
3643 2215
3645 2871
3136 2290
3139 2595
3654 2159
3146 2264
3660 2622
3663 2432
3153 2130
3665 2651
3667 2802
3674 2308
3675 2609
3164 2013
3682 2994
3171 2358
3172 2241
3173 2350
3177 2314
3178 2888
3691 2033
3184 2876
3697 2779
3192 2671
3705 2221
3704 2215
3714 2433
3204 2115
3721 2979
3210 2416
3212 2185
3727 2729
3216 2233
3729 2379
3218 2828
3732 2759
3735 2877
3231 2574
3234 2189
3747 2378
3235 2462
3238 2960
3242 2006
3243 2447
3246 2604
3760 2168
3249 2760
3251 2887
3253 2746
3775 2490
3271 2770
3272 2650
3275 2153
3278 2446
3281 2765
3282 2790
3284 2614
3288 2041
3804 2825
3296 2847
3298 2069
3813 2491
3301 2083
3820 2096
3309 2153
3310 2704
3823 2721
3826 2648
3828 2507
3316 2159
3319 2671
3321 2969
3834 2048
3323 2561
3324 2117
3835 2352
3837 2519
3326 2744
3840 2231
3331 2659
3844 2096
3333 2287
3334 2158
3846 2914
3849 2669
3851 2761
3341 2583
3342 2500
3856 2177
3345 2482
3859 2107
3350 2461
3863 2533
3353 2051
3354 2387
3869 2378
3870 2606
3362 2480
3875 2115
3877 2556
3879 2696
3368 2251
3880 2857
3882 2693
3375 2830
3888 2387
3891 2227
3894 2429
3897 2226
3901 2332
3391 2783
3392 2172
3910 2302
3398 2569
3399 2568
3401 2051
3914 2940
3913 2984
3407 2905
3920 2710
3408 2062
3415 2472
3417 2279
3932 2522
3933 2675
3936 2774
3938 2877
3427 2642
3429 2572
3430 2015
3431 2512
3435 2697
3437 2038
3952 2126
3445 2708
3960 2412
3450 2434
3962 2523
3452 2024
3964 2889
3461 2065
3974 2777
3976 2343
3977 2182
3979 2088
3468 2346
3470 2798
3983 2196
3472 2259
3985 2913
3474 2871
3984 2560
3476 2173
3482 2739
3484 2860
3996 2214
3491 2581
3499 2617
3503 2679
3510 2777
3004 2684
3521 2574
3009 2415
3012 2261
3016 2957
3530 2405
3531 2576
3020 2807
3535 2642
3539 2890
3031 2521
3544 2605
3033 2694
3546 2747
3034 2337
3549 2493
3551 2989
3049 2374
3562 2217
3566 2620
3574 2721
3066 2396
3069 2685
2048 1576
2561 1010
2562 1462
2051 1637
2560 1940
2568 1764
2569 1329
2572 1855
2574 1802
2062 1992
2576 1259
2065 1574
2069 1049
2581 1441
2583 1944
2595 1118
2083 1388
2599 1257
2088 1024
2604 1093
2605 1501
2606 1065
2096 1548
2609 1642
2614 1609
2617 1580
2107 1858
2620 1647
2622 1148
2112 1112
2115 1172
2117 1770
2632 1615
2126 1438
2130 1017
2642 1084
2648 1567
2137 1753
2650 1736
2651 1776
2659 1242
2153 1481
2669 1856
2158 1296
2159 1666
2671 1547
2675 1010
2679 1387
2168 1410
2172 1086
2173 1195
2684 1513
2685 1858
2177 1283
2693 1200
2182 1903
2694 1337
2696 1825
2185 1803
2697 1982
2189 1578
2704 1724
2708 1966
2196 1104
2710 1731
2721 1391
2214 1567
2215 1307
2729 1584
2217 1482
2221 1833
2226 1733
2227 1682
2739 1320
2231 1645
2744 1999
2233 1189
2746 1402
2747 1332
2241 1615
2759 1056
2760 1292
2761 1931
2251 1089
2765 1573
2770 1653
2771 1496
2259 1786
2261 1841
2774 1342
2264 1489
2777 1691
2779 1292
2783 1141
2790 1318
2279 1841
2798 1322
2287 1494
2290 1979
2802 1753
2807 1747
2302 1473
2308 1616
2825 1067
2314 1541
2828 1194
2830 1845
2844 1458
2332 1092
2847 1208
2337 1853
2343 1437
2857 1465
2346 1721
2860 1017
2350 1113
2352 1735
2358 1461
2871 1502
2876 1954
2877 1460
2373 1662
2374 1564
2887 1097
2888 1498
2889 1951
2378 1123
2891 1566
2379 1943
2893 1657
2890 1223
2387 1890
2905 1400
2396 1898
2913 1022
2914 1339
2405 1157
2412 1639
2415 1496
2416 1242
2940 1026
2429 1931
2432 1948
2433 1587
2434 1872
2951 1989
2445 1463
2446 1090
2447 1540
2960 1207
2957 1007
2969 1165
2461 1378
2462 1356
2979 1340
2984 1789
2472 1209
2989 1503
2991 1569
2480 1954
2994 1692
2482 1736
2999 1513
2490 1635
2491 1675
2493 1633
2500 1884
2502 1678
2507 1784
2512 1667
2516 1483
2006 1478
2519 1810
2521 1586
2522 1923
2523 1411
2013 1445
2014 1560
2015 1138
2533 1021
2024 1992
2033 1859
2034 1335
2038 1106
2041 1479
2556 1384
1024 672
1026 766
1540 446
1541 39
1547 126
1548 246
1560 753
1049 742
1564 50
1566 282
1567 90
1056 980
1569 406
1573 176
1574 149
1576 815
1065 793
1578 276
1067 226
1580 762
1584 30
1586 397
1587 75
1084 949
1086 606
1089 171
1090 348
1092 587
1093 730
1609 304
1097 391
1615 219
1104 799
1616 458
1106 21
1112 623
1113 471
1118 124
1633 721
1123 243
1635 435
1637 369
1639 499
1642 521
1645 106
1647 950
1138 873
1653 689
1141 745
1657 95
1148 572
1662 378
1666 478
1667 744
1157 969
1675 54
1165 816
1678 87
1682 560
1172 214
1691 762
1692 671
1189 424
1194 235
1195 162
1200 30
1207 252
1208 422
1721 522
1209 626
1724 118
1731 33
1733 289
1735 647
1736 195
1223 534
1747 479
1753 990
1242 301
1764 27
1257 174
1770 759
1259 76
1776 485
1784 498
1786 557
1789 98
1283 632
1802 582
1803 658
1292 794
1296 628
1810 684
1307 615
1825 174
1318 863
1320 168
1833 155
1322 423
1329 675
1841 27
1332 717
1845 285
1335 322
1337 432
1339 730
1340 233
1853 442
1342 2
1855 472
1856 307
1858 191
1859 168
1356 387
1872 801
1884 504
1890 403
1378 47
1384 524
1898 494
1387 882
1388 265
1903 314
1391 780
1400 105
1402 487
1410 665
1923 912
1411 628
1931 918
1940 748
1943 557
1944 38
1948 614
1437 502
1438 34
1951 400
1441 330
1954 552
1445 632
1966 45
1458 437
1460 423
1461 991
1462 664
1463 281
1465 171
1979 202
1982 817
1473 198
1989 327
1478 596
1479 988
1992 903
1481 502
1482 729
1483 181
1999 838
1489 77
1494 843
1496 324
1498 396
1501 21
1502 686
1503 560
1513 869
1007 287
1010 467
1017 565
1021 736
1022 952
