8192 6374
8193 7349
8194 7272
8195 7796
8196 7099
8197 7916
8198 7922
8199 6160
8200 7500
8201 7111
8202 6680
8203 6733
8204 6598
8205 7261
8206 7089
8207 6500
8208 6571
8209 7185
8210 6850
8211 6852
8212 7281
8213 6168
8214 7954
8215 7592
8216 6129
8217 6404
8218 7901
8219 6353
8220 6639
8221 7946
8222 7118
8223 7726
8224 6567
8225 7874
8226 6115
8227 6846
8228 7691
8229 6581
8230 7212
8231 7370
8232 7934
8233 7691
8234 7513
8235 6958
8236 7032
8237 6877
8238 7070
8239 7798
8240 7799
8241 6325
8242 7892
8243 6423
8244 7710
8245 6579
8246 7521
8247 7412
8248 7956
8249 7060
8250 6749
8251 6065
8252 6843
8253 6008
8254 7191
8255 6303
8256 7888
8257 6509
8258 7741
8259 6228
8260 6562
8261 6041
8262 6253
8263 6119
8264 6585
8265 6371
8266 7616
8267 6112
8268 7485
8269 7496
8270 7048
8271 7353
8272 7034
8273 7365
8274 7140
8275 6090
8276 7557
8277 7579
8278 7677
8279 6209
8280 7614
8281 6525
8282 7009
8283 7459
8284 7023
8285 7185
8286 7027
8287 6924
8288 7655
8289 6375
8290 6834
8291 7735
8292 7233
8293 7448
8294 6197
8295 6673
8296 6210
8297 6989
8298 6439
8299 7517
8300 7350
8301 7459
8302 6160
8303 6510
8304 7304
8305 7376
8306 7309
8307 6633
8308 7976
8309 6530
8310 7283
8311 7566
8312 7896
8313 6606
8314 6963
8315 7499
8316 7464
8317 7651
8318 7447
8319 6982
8320 6739
8321 7427
8322 6509
8323 7239
8324 6320
8325 6857
8326 7489
8327 7112
8328 6064
8329 6649
8330 7889
8331 6193
8332 7490
8333 7820
8334 6331
8335 7931
8336 6303
8337 6873
8338 7231
8339 6951
8340 6170
8341 7127
8342 6390
8343 6672
8344 6147
8345 7207
8346 6067
8347 6360
8348 7933
8349 7384
8350 7507
8351 7645
8352 6636
8353 7174
8354 6817
8355 7193
8356 7150
8357 6393
8358 7059
8359 6540
8360 6666
8361 6714
8362 7755
8363 7970
8364 7138
8365 7154
8366 6537
8367 7410
8368 6678
8369 6288
8370 6548
8371 7233
8372 7550
8373 6375
8374 6220
8375 6306
8376 6836
8377 7325
8378 6057
8379 7670
8380 7723
8381 6096
8382 7773
8383 6491
8384 6379
8385 7750
8386 7825
8387 7190
8388 6697
8389 6460
8390 7752
8391 6746
8392 7530
8393 7150
8394 6150
8395 7502
8396 7051
8397 6042
8398 6483
8399 7133
8400 6614
8401 6819
8402 6928
8403 6403
8404 7006
8405 7404
8406 6869
8407 6425
8408 7010
8409 6018
8410 7624
8411 7510
8412 6314
8413 6434
8414 7725
8415 7599
8416 6742
8417 6617
8418 6132
8419 7034
8420 6867
8421 6638
8422 6024
8423 6140
8424 7003
8425 7399
8426 7678
8427 6068
8428 6321
8429 7287
8430 7481
8431 7038
8432 7736
8433 6165
8434 6654
8435 6653
8436 7362
8437 7584
8438 7470
8439 6489
8440 6472
8441 7183
8442 6797
8443 7758
8444 6151
8445 7468
8446 6169
8447 6574
8448 7268
8449 7906
8450 7412
8451 6527
8452 6550
8453 6853
8454 7594
8455 7286
8456 7748
8457 7058
8458 7559
8459 7449
8460 6767
8461 7571
8462 6578
8463 6370
8464 7537
8465 7265
8466 6430
8467 6551
8468 6967
8469 6148
8470 6826
8471 7524
8472 6625
8473 7501
8474 7780
8475 6246
8476 6229
8477 6784
8478 7190
8479 6680
8480 7190
8481 7111
8482 6687
8483 6500
8484 6313
8485 6932
8486 7828
8487 6120
8488 6762
8489 7247
8490 6515
8491 7070
8492 6623
8493 7957
8494 6319
8495 6940
8496 6732
8497 6522
8498 6038
8499 6330
8500 7143
8501 7097
8502 7572
8503 6908
8504 7573
8505 6822
8506 7084
8507 7424
8508 6863
8509 7379
8510 7905
8511 7935
8512 7223
8513 7794
8514 7665
8515 6247
8516 6029
8517 6610
8518 7710
8519 7707
8520 7489
8521 6453
8522 7891
8523 6841
8524 6070
8525 7780
8526 6246
8527 6873
8528 7457
8529 6189
8530 6916
8531 6889
8532 7454
8533 7006
8534 7672
8535 7730
8536 7811
8537 7559
8538 6242
8539 7089
8540 7389
8541 6166
8542 6127
8543 6665
8544 7857
8545 6220
8546 7211
8547 7126
8548 6861
8549 7263
8550 6563
8551 6361
8552 6619
8553 7484
8554 6790
8555 6497
8556 6954
8557 6683
8558 6453
8559 7283
8560 7625
8561 7961
8562 6682
8563 7721
8564 6697
8565 7692
8566 7316
8567 7295
8568 6516
8569 6752
8570 6752
8571 6657
8572 6754
8573 7911
8574 7320
8575 6650
8576 6021
8577 6520
8578 7730
8579 6980
8580 7689
8581 7537
8582 6720
8583 7238
8584 7877
8585 7398
8586 6027
8587 7032
8588 6815
8589 7342
8590 7661
8591 6311
8592 6768
8593 7120
8594 6945
8595 7802
8596 6443
8597 7562
8598 6770
8599 7861
8600 6169
8601 7822
8602 7574
8603 6258
8604 7185
8605 6204
8606 7031
8607 6504
8608 6363
8609 6089
8610 6215
8611 7708
8612 6219
8613 7923
8614 7266
8615 6981
8616 7456
8617 6482
8618 6389
8619 7320
8620 7898
8621 6663
8622 6350
8623 6996
8624 6360
8625 6487
8626 7762
8627 7231
8628 7970
8629 6979
8630 7929
8631 7561
8632 6683
8633 7652
8634 7631
8635 7491
8636 6648
8637 6073
8638 7939
8639 6616
8640 7625
8641 6235
8642 6466
8643 7908
8644 6269
8645 6267
8646 7757
8647 7879
8648 6357
8649 7885
8650 6606
8651 6922
8652 6882
8653 6453
8654 7441
8655 7671
8656 6756
8657 7329
8658 7047
8659 7445
8660 7643
8661 7233
8662 6533
8663 7990
8664 6084
8665 6503
8666 6438
8667 6232
8668 6384
8669 6897
8670 7499
8671 6427
8672 7179
8673 6040
8674 7386
8675 6302
8676 6881
8677 6499
8678 7283
8679 6647
8680 7126
8681 6351
8682 6525
8683 6851
8684 7868
8685 6372
8686 6836
8687 6848
8688 7110
8689 7239
8690 6609
8691 7987
8692 6339
8693 6603
8694 7536
8695 7628
8696 6221
8697 7955
8698 7246
8699 7670
8700 6942
8701 6650
8702 6119
8703 7726
8704 7606
8705 6369
8706 6881
8707 6701
8708 6272
8709 6656
8710 6539
8711 6663
8712 7854
8713 7825
8714 6781
8715 7827
8716 7678
8717 7915
8718 6589
8719 7100
8720 6687
8721 7702
8722 7641
8723 7019
8724 6768
8725 7303
8726 6178
8727 6522
8728 7050
8729 6622
8730 7214
8731 7983
8732 7494
8733 6642
8734 7543
8735 6187
8736 7231
8737 7115
8738 7542
8739 7972
8740 7346
8741 7959
8742 7029
8743 7013
8744 6400
8745 6571
8746 6841
8747 7133
8748 7624
8749 7524
8750 7373
8751 6314
8752 6844
8753 6516
8754 7845
8755 6464
8756 7875
8757 6713
8758 7274
8759 6459
8760 7087
8761 6625
8762 6471
8763 6378
8764 7525
8765 7723
8766 7987
8767 6799
8768 6123
8769 7336
8770 6536
8771 6123
8772 6188
8773 7745
8774 7407
8775 7023
8776 6545
8777 7631
8778 6753
8779 6900
8780 7533
8781 7892
8782 6570
8783 7343
8784 7300
8785 7077
8786 7723
8787 7099
8788 6260
8789 6743
8790 7115
8791 7743
8792 7141
8793 7692
8794 7207
8795 7426
8796 6433
8797 7142
8798 7941
8799 7571
8800 7302
8801 7009
8802 7259
8803 6097
8804 6826
8805 7736
8806 6337
8807 7556
8808 7563
8809 7244
8810 6621
8811 7364
8812 6366
8813 6680
8814 7748
8815 7197
8816 7368
8817 7412
8818 6862
8819 6925
8820 6788
8821 6884
8822 7721
8823 7583
8824 7154
8825 6201
8826 7755
8827 6168
8828 6354
8829 6826
8830 6316
8831 7600
8832 7811
8833 7495
8834 6788
8835 7062
8836 7695
8837 7326
8838 7013
8839 6492
8840 6793
8841 7711
8842 6126
8843 7746
8844 7275
8845 7571
8846 6670
8847 7842
8848 6040
8849 6748
8850 6210
8851 6279
8852 6179
8853 7718
8854 6674
8855 6899
8856 6900
8857 7045
8858 6140
8859 7837
8860 6244
8861 7271
8862 7676
8863 7171
8864 7005
8865 7126
8866 7471
8867 6767
8868 6244
8869 7177
8870 6993
8871 7838
8872 6564
8873 6307
8874 6935
8875 6432
8876 7949
8877 6486
8878 6771
8879 7546
8880 7357
8881 7037
8882 6322
8883 7944
8884 7512
8885 6335
8886 7073
8887 6863
8888 7133
8889 6335
8890 7345
8891 7158
8892 6524
8893 7641
8894 6877
8895 7076
8896 7477
8897 6989
8898 6682
8899 7038
8900 6140
8901 7673
8902 6843
8903 6291
8904 7108
8905 7945
8906 7315
8907 7702
8908 7458
8909 7419
8910 7428
8911 7850
8912 6083
8913 7618
8914 6384
8915 7853
8916 6951
8917 7240
8918 7481
8919 6166
8920 6874
8921 6982
8922 7237
8923 6439
8924 7848
8925 6801
8926 6794
8927 6037
8928 7463
8929 6856
8930 7806
8931 6147
8932 6645
8933 7813
8934 6812
8935 7988
8936 6562
8937 7341
8938 6146
8939 6743
8940 6680
8941 6485
8942 6625
8943 6912
8944 6471
8945 7785
8946 7078
8947 7320
8948 6924
8949 6922
8950 6991
8951 6750
8952 6377
8953 7655
8954 6000
8955 6699
8956 7779
8957 6312
8958 7681
8959 7688
8960 7981
8961 7343
8962 7869
8963 7419
8964 7171
8965 7464
8966 7218
8967 7610
8968 6392
8969 7877
8970 6432
8971 7745
8972 7747
8973 7514
8974 7177
8975 6802
8976 7909
8977 7375
8978 6962
8979 6422
8980 7772
8981 7491
8982 7027
8983 7248
8984 6975
8985 7446
8986 7763
8987 7227
8988 7700
8989 6883
8990 6021
8991 7745
8992 7849
8993 6680
8994 6552
8995 6721
8996 7007
8997 6432
8998 6764
8999 7188
9000 7700
9001 7181
9002 7499
9003 7660
9004 7929
9005 7867
9006 6993
9007 6275
9008 6957
9009 7200
9010 7541
9011 6492
9012 7231
9013 6886
9014 7011
9015 6906
9016 7629
9017 7679
9018 7405
9019 7772
9020 7125
9021 7452
9022 6393
9023 6740
9024 7741
9025 7156
9026 6033
9027 7647
9028 6114
9029 7500
9030 7167
9031 7296
9032 6265
9033 6345
9034 6146
9035 7028
9036 7364
9037 7715
9038 6282
9039 7272
9040 6785
9041 7931
9042 7911
9043 7837
9044 6725
9045 6422
9046 7880
9047 7668
9048 6603
9049 7330
9050 6296
9051 6689
9052 6906
9053 6668
9054 6136
9055 7493
9056 6135
9057 7913
9058 7715
9059 6135
9060 6340
9061 6858
9062 7171
9063 6794
9064 6195
9065 7899
9066 6934
9067 6965
9068 6961
9069 7919
9070 6540
9071 7132
9072 6182
9073 7432
9074 7202
9075 7565
9076 7276
9077 7976
9078 6717
9079 7564
9080 6058
9081 6287
9082 7304
9083 6781
9084 7259
9085 6630
9086 6230
9087 7242
9088 7002
9089 6091
9090 7574
9091 7760
9092 6545
9093 7671
9094 7251
9095 6013
9096 7668
9097 7289
9098 6186
9099 6236
9100 6988
9101 6054
9102 7911
9103 7890
9104 6139
9105 6753
9106 7532
9107 7708
9108 7480
9109 6727
9110 7961
9111 7061
9112 6164
9113 6380
9114 7828
9115 6934
9116 7770
9117 6323
9118 6834
9119 7836
9120 6654
9121 7007
9122 6653
9123 7032
9124 7886
9125 7308
9126 6595
9127 6664
9128 6938
9129 7331
9130 6503
9131 6350
9132 6458
9133 7563
9134 6867
9135 6333
9136 7080
9137 6452
9138 6470
9139 6448
9140 6492
9141 6337
9142 7737
9143 6637
9144 7058
9145 6695
9146 7014
9147 7013
9148 6123
9149 7057
9150 6268
9151 6212
9152 6893
9153 7169
9154 7061
9155 6536
9156 7295
9157 7170
9158 6607
9159 6408
9160 7186
9161 6558
9162 6195
9163 6149
9164 6379
9165 6184
9166 7215
9167 6918
9168 6395
9169 7570
9170 6844
9171 6868
9172 6659
9173 6772
9174 7492
9175 7409
9176 7289
9177 7713
9178 6581
9179 7459
9180 7655
9181 7527
9182 7543
9183 6270
9184 6704
9185 6337
9186 7021
9187 7817
9188 7043
9189 6040
9190 6405
9191 6938
9192 7375
9193 7375
9194 7367
9195 7729
9196 7880
9197 7469
9198 6640
9199 6689
9200 6906
9201 7191
9202 6757
9203 6052
9204 6850
9205 6124
9206 7998
9207 7101
9208 6356
9209 7147
9210 6135
9211 6300
9212 6507
9213 6372
9214 7054
9215 6601
9216 6289
9217 7450
9218 7441
9219 6004
9220 7972
9221 6675
9222 6641
9223 6944
9224 7203
9225 7267
9226 7985
9227 6230
9228 6830
9229 6914
9230 6687
9231 6330
9232 7596
9233 7672
9234 7790
9235 7104
9236 6865
9237 7709
9238 7653
9239 6163
9240 7747
9241 7708
9242 7849
9243 7356
9244 7125
9245 7959
9246 6741
9247 6468
9248 7201
9249 7195
9250 6111
9251 6310
9252 6941
9253 7477
9254 6029
9255 7790
9256 6111
9257 7838
9258 6824
9259 7770
9260 6721
9261 7242
9262 6391
9263 7240
9264 7337
9265 7268
9266 7847
9267 6249
9268 7241
9269 7113
9270 6291
9271 6756
9272 6676
9273 7108
9274 6891
9275 6471
9276 7167
9277 7506
9278 7523
9279 7058
9280 7716
9281 6571
9282 6208
9283 7270
9284 7177
9285 7357
9286 7051
9287 7306
9288 6667
9289 6022
9290 7419
9291 7257
9292 7476
9293 6090
9294 6304
9295 7408
9296 7482
9297 7653
9298 7618
9299 6212
9300 6049
9301 6675
9302 7717
9303 7913
9304 7690
9305 6406
9306 7658
9307 7413
9308 6502
9309 7347
9310 7555
9311 6963
9312 7155
9313 7387
9314 6391
9315 6706
9316 7725
9317 7619
9318 6413
9319 6290
9320 6992
9321 6024
9322 7015
9323 6229
9324 7416
9325 7889
9326 6200
9327 7190
9328 7875
9329 7962
9330 7810
9331 7717
9332 7298
9333 6757
9334 7876
9335 6236
9336 6184
9337 7802
9338 6866
9339 7853
9340 7919
9341 7959
9342 7732
9343 7009
9344 6509
9345 7635
9346 6789
9347 6888
9348 7296
9349 7115
9350 7112
9351 7694
9352 7796
9353 6802
9354 7649
9355 6484
9356 7459
9357 6465
9358 6511
9359 7159
9360 7095
9361 6888
9362 6412
9363 6834
9364 6000
9365 7178
9366 7794
9367 6054
9368 6575
9369 7376
9370 7275
9371 6016
9372 7209
9373 6713
9374 7399
9375 6983
9376 6677
9377 7583
9378 7058
9379 6081
9380 7175
9381 7938
9382 6499
9383 7885
9384 7609
9385 6395
9386 7762
9387 7736
9388 7662
9389 7130
9390 7346
9391 7404
9392 7567
9393 6410
9394 7546
9395 7120
9396 7411
9397 7279
9398 6519
9399 6062
9400 7094
9401 7600
9402 6461
9403 6755
9404 7236
9405 6366
9406 7469
9407 6027
9408 6008
9409 7586
9410 7533
9411 7759
9412 6084
9413 7576
9414 7688
9415 6402
9416 6740
9417 7171
9418 6084
9419 7782
9420 6450
9421 6875
9422 7058
9423 6722
9424 6470
9425 6742
9426 6438
9427 7241
9428 6608
9429 6849
9430 6217
9431 6061
9432 7822
9433 6584
9434 6601
9435 7577
9436 6667
9437 7440
9438 6927
9439 6829
9440 7544
9441 6820
9442 6861
9443 7073
9444 6243
9445 7808
9446 6123
9447 7059
9448 7766
9449 7677
9450 6039
9451 6441
9452 7508
9453 6020
9454 7378
9455 6326
9456 7490
9457 7390
9458 6290
9459 6054
9460 6443
9461 7130
9462 7395
9463 7522
9464 6162
9465 7392
9466 7681
9467 6172
9468 7985
9469 7213
9470 7502
9471 6229
9472 7361
9473 7047
9474 6261
9475 6965
9476 6177
9477 6830
9478 7988
9479 7749
9480 7206
9481 7514
9482 6599
9483 7941
9484 6022
9485 7315
9486 6459
9487 6421
9488 7023
9489 6273
9490 6233
9491 6455
9492 6181
9493 6426
9494 6045
9495 6827
9496 7355
9497 6551
9498 6373
9499 7837
9500 6313
9501 7311
9502 7387
9503 7433
9504 7545
9505 7533
9506 7923
9507 6793
9508 6320
9509 6040
9510 6585
9511 6509
9512 6812
9513 7764
9514 6759
9515 6047
9516 6994
9517 6336
9518 6408
9519 6632
9520 7865
9521 7896
9522 7609
9523 6939
9524 6649
9525 7957
9526 6549
9527 7991
9528 6896
9529 6435
9530 6371
9531 7984
9532 6525
9533 6111
9534 7832
9535 7399
9536 7696
9537 6229
9538 6284
9539 6019
9540 7489
9541 6633
9542 6978
9543 6635
9544 6969
9545 6370
9546 6941
9547 6632
9548 6505
9549 7730
9550 7254
9551 6874
9552 6353
9553 6776
9554 7105
9555 6209
9556 6192
9557 7664
9558 7421
9559 7772
9560 6775
9561 7560
9562 7865
9563 6705
9564 7973
9565 6298
9566 6557
9567 7789
9568 7420
9569 7998
9570 7964
9571 7163
9572 7067
9573 6929
9574 6385
9575 6291
9576 7989
9577 6174
9578 7961
9579 7513
9580 7233
9581 6257
9582 7293
9583 7046
9584 6998
9585 7913
9586 7695
9587 6851
9588 7270
9589 6787
9590 6963
9591 6097
9592 7871
9593 7858
9594 6718
9595 6680
9596 7218
9597 6843
9598 6096
9599 6383
9600 6082
9601 7503
9602 6568
9603 7616
9604 7590
9605 6621
9606 7193
9607 7016
9608 6024
9609 7304
9610 7294
9611 6333
9612 7591
9613 6522
9614 6061
9615 7421
9616 7333
9617 7914
9618 7829
9619 7811
9620 6114
9621 6020
9622 7514
9623 7985
9624 6324
9625 6341
9626 6756
9627 7501
9628 6790
9629 6470
9630 6292
9631 6259
9632 6064
9633 7526
9634 6338
9635 6773
9636 7790
9637 7141
9638 6845
9639 7782
9640 7064
9641 6095
9642 7389
9643 7156
9644 7944
9645 6433
9646 6670
9647 6265
9648 6507
9649 6829
9650 7396
9651 6738
9652 6492
9653 6263
9654 7697
9655 7877
9656 7411
9657 6103
9658 7136
9659 7371
9660 6783
9661 6788
9662 6567
9663 6055
9664 6678
9665 6128
9666 7378
9667 7352
9668 7955
9669 7899
9670 7046
9671 6150
9672 6204
9673 7709
9674 7805
9675 7847
9676 6630
9677 6022
9678 7138
9679 7619
9680 6094
9681 6073
9682 6485
9683 7706
9684 7029
9685 6119
9686 7830
9687 6171
9688 7161
9689 7873
9690 7947
9691 6325
9692 6793
9693 7333
9694 7782
9695 6687
9696 6369
9697 6644
9698 7253
9699 6872
9700 6841
9701 6489
9702 7332
9703 6279
9704 6910
9705 7294
9706 6816
9707 6467
9708 7285
9709 7822
9710 6127
9711 6838
9712 6003
9713 6313
9714 7051
9715 7600
9716 7835
9717 7730
9718 6615
9719 6986
9720 7892
9721 6873
9722 6276
9723 6869
9724 6161
9725 7016
9726 6942
9727 6101
9728 7189
9729 7370
9730 7440
9731 6231
9732 7919
9733 7895
9734 6516
9735 6212
9736 7284
9737 6719
9738 7764
9739 6706
9740 7181
9741 7243
9742 6583
9743 7643
9744 7599
9745 7509
9746 7550
9747 7613
9748 7089
9749 7860
9750 6275
9751 6349
9752 6496
9753 6959
9754 7705
9755 6714
9756 7661
9757 7364
9758 7809
9759 6255
9760 7692
9761 7401
9762 6356
9763 6652
9764 7976
9765 6380
9766 6925
9767 6169
9768 6419
9769 6732
9770 6322
9771 7791
9772 7714
9773 7633
9774 6935
9775 7063
9776 6288
9777 7958
9778 7542
9779 7692
9780 6622
9781 7925
9782 6875
9783 7936
9784 7696
9785 7763
9786 7717
9787 7645
9788 6940
9789 6446
9790 6161
9791 7944
9792 6937
9793 7854
9794 6627
9795 6437
9796 7741
9797 7709
9798 7864
9799 6474
9800 6036
9801 6608
9802 6286
9803 7635
9804 7732
9805 7284
9806 6442
9807 6596
9808 7015
9809 6838
9810 7756
9811 6903
9812 6118
9813 7770
9814 7470
9815 6344
9816 7308
9817 6334
9818 6069
9819 7722
9820 6997
9821 7446
9822 7741
9823 7188
9824 7395
9825 7290
9826 7062
9827 6745
9828 6571
9829 6567
9830 7285
9831 6390
9832 6762
9833 7221
9834 7663
9835 6341
9836 6674
9837 7539
9838 7450
9839 6811
9840 6203
9841 7903
9842 6301
9843 6644
9844 6360
9845 6671
9846 7499
9847 7378
9848 6130
9849 6354
9850 7159
9851 7924
9852 6410
9853 6957
9854 6358
9855 7611
9856 6156
9857 7657
9858 7776
9859 7289
9860 6184
9861 7422
9862 6502
9863 6606
9864 6248
9865 6061
9866 7856
9867 7925
9868 7442
9869 6770
9870 6325
9871 6151
9872 6079
9873 6229
9874 6273
9875 6181
9876 7441
9877 6247
9878 6949
9879 7347
9880 6813
9881 6945
9882 6426
9883 7287
9884 7368
9885 7983
9886 6032
9887 7192
9888 7183
9889 6158
9890 7556
9891 7271
9892 6223
9893 6856
9894 6319
9895 7868
9896 7077
9897 6455
9898 6744
9899 6628
9900 6040
9901 6173
9902 7237
9903 6136
9904 6129
9905 7517
9906 6560
9907 6649
9908 7559
9909 6911
9910 6374
9911 6792
9912 7412
9913 7932
9914 7919
9915 6049
9916 6637
9917 7672
9918 7191
9919 7727
9920 6645
9921 7925
9922 6888
9923 6556
9924 7246
9925 6311
9926 7738
9927 6242
9928 6930
9929 6022
9930 6599
9931 6731
9932 7160
9933 7869
9934 7616
9935 7561
9936 7694
9937 6026
9938 6839
9939 6781
9940 7387
9941 7178
9942 7732
9943 7493
9944 6306
9945 6372
9946 7302
9947 7650
9948 7289
9949 6879
9950 7391
9951 6814
9952 6157
9953 6468
9954 7264
9955 6916
9956 7330
9957 6598
9958 7553
9959 7246
9960 7599
9961 7039
9962 7373
9963 6604
9964 7229
9965 6429
9966 6802
9967 7794
9968 6759
9969 7110
9970 7970
9971 7896
9972 7149
9973 6353
9974 7195
9975 6604
9976 7455
9977 6506
9978 6909
9979 6157
9980 6492
9981 7078
9982 7997
9983 7876
9984 7985
9985 7759
9986 6327
9987 7120
9988 6867
9989 6846
9990 6418
9991 7118
9992 7418
9993 7142
9994 7090
9995 6506
9996 6796
9997 6700
9998 7120
9999 7771
8000 6773
8001 6146
8002 7381
8003 6249
8004 6656
8005 7949
8006 7642
8007 7128
8008 7721
8009 7847
8010 6593
8011 6291
8012 7474
8013 6110
8014 6687
8015 7552
8016 7024
8017 6817
8018 7271
8019 6297
8020 7157
8021 7124
8022 6450
8023 6338
8024 6473
8025 6442
8026 7420
8027 7528
8028 7653
8029 7398
8030 7987
8031 7994
8032 7391
8033 6591
8034 6808
8035 7101
8036 6626
8037 7744
8038 6797
8039 7422
8040 7337
8041 6200
8042 7031
8043 6792
8044 7020
8045 6708
8046 7612
8047 6149
8048 6337
8049 6650
8050 7007
8051 6820
8052 6693
8053 6951
8054 6613
8055 6516
8056 6234
8057 6868
8058 7379
8059 7132
8060 7084
8061 7738
8062 6211
8063 7978
8064 6122
8065 6277
8066 6059
8067 7773
8068 7538
8069 7354
8070 6021
8071 7140
8072 7900
8073 7712
8074 6671
8075 6494
8076 7823
8077 6130
8078 6012
8079 7617
8080 6758
8081 7015
8082 6218
8083 7746
8084 6230
8085 6931
8086 6539
8087 7851
8088 6019
8089 7896
8090 7928
8091 6201
8092 6191
8093 7920
8094 6348
8095 6334
8096 6752
8097 7221
8098 7089
8099 7229
8100 7285
8101 6579
8102 6533
8103 6390
8104 7334
8105 7988
8106 7906
8107 7371
8108 6606
8109 7632
8110 7110
8111 7503
8112 6133
8113 7755
8114 6428
8115 6361
8116 7606
8117 7386
8118 6009
8119 7040
8120 7572
8121 6961
8122 7511
8123 7013
8124 6238
8125 6780
8126 6081
8127 6823
8128 7374
8129 7353
8130 7248
8131 7930
8132 6460
8133 7930
8134 7742
8135 6823
8136 6504
8137 6035
8138 6247
8139 7872
8140 6266
8141 7146
8142 6132
8143 7914
8144 7057
8145 7511
8146 6344
8147 6912
8148 7085
8149 7799
8150 7146
8151 7395
8152 7554
8153 6555
8154 6589
8155 6468
8156 6177
8157 6809
8158 6949
8159 6697
8160 6054
8161 7644
8162 7370
8163 6714
8164 6671
8165 6434
8166 7104
8167 7998
8168 7147
8169 7795
8170 6280
8171 7638
8172 6852
8173 6523
8174 7052
8175 7386
8176 7829
8177 7137
8178 6088
8179 6716
8180 6640
8181 7677
8182 7310
8183 7330
8184 6153
8185 7552
8186 7475
8187 6009
8188 6594
8189 6348
8190 7089
8191 7590
6000 5819
6003 4162
6004 4002
6008 5348
6009 4770
6012 5894
6013 4535
6016 5160
6018 5384
6019 4634
6020 4328
6021 4150
6022 4622
6024 4490
6026 4176
6027 4754
6029 4961
6032 4033
6033 5375
6035 5103
6036 4805
6037 4810
6038 4820
6039 5559
6040 5786
6041 5837
6042 5196
6045 5480
6047 4900
6049 4482
6052 4407
6054 5165
6055 4800
6057 4412
6058 4783
6059 4161
6061 4567
6062 5279
6064 4929
6065 5926
6067 4288
6068 4101
6069 4072
6070 5385
6073 5391
6079 5308
6081 5064
6082 4812
6083 5168
6084 4285
6088 4994
6089 4475
6090 5103
6091 4549
6094 5800
6095 5796
6096 4306
6097 5134
6101 5059
6103 5018
6110 4398
6111 5196
6112 5498
6114 4157
6115 4799
6118 5279
6119 4148
6120 5487
6122 5371
6123 4133
6124 5037
6126 4877
6127 5966
6128 5616
6129 4719
6130 4189
6132 5886
6133 4587
6135 4387
6136 4112
6139 4671
6140 4196
6146 5216
6147 4048
6148 4409
6149 5277
6150 5755
6151 5578
6153 4641
6156 5557
6157 5910
6158 4910
6160 4790
6161 4902
6162 5660
6163 5474
6164 5580
6165 4428
6166 4179
6168 5512
6169 4268
6170 4121
6171 4319
6172 4412
6173 5774
6174 5135
6177 5908
6178 4049
6179 4273
6181 4480
6182 4970
6184 4769
6186 4191
6187 5153
6188 5464
6189 4717
6191 5728
6192 5717
6193 4914
6195 5053
6197 4560
6200 5787
6201 4505
6203 4350
6204 5017
6208 4440
6209 5280
6210 4531
6211 5733
6212 4334
6215 5725
6217 5073
6218 5409
6219 4569
6220 4365
6221 4564
6223 5756
6228 4637
6229 5199
6230 5134
6231 5066
6232 5776
6233 5270
6234 4326
6235 4149
6236 4488
6238 5087
6242 4783
6243 5422
6244 4902
6246 5505
6247 4132
6248 4219
6249 4566
6253 4625
6255 5349
6257 5382
6258 4239
6259 4597
6260 4466
6261 5753
6263 4432
6265 5694
6266 4957
6267 4212
6268 5412
6269 4801
6270 5592
6272 5489
6273 4823
6275 5828
6276 5185
6277 4943
6279 5838
6280 5695
6282 4390
6284 5722
6286 4811
6287 4527
6288 4206
6289 4971
6290 4370
6291 4141
6292 4100
6296 5979
6297 4795
6298 5653
6300 4098
6301 4350
6302 4615
6303 5827
6304 4302
6306 4095
6307 5329
6310 5002
6311 5747
6312 5529
6313 5203
6314 4466
6316 4918
6319 4136
6320 4053
6321 4711
6322 4921
6323 5697
6324 4436
6325 5929
6326 4069
6327 5919
6330 5343
6331 5489
6333 4455
6334 5197
6335 4528
6336 5631
6337 5103
6338 4246
6339 4541
6340 5027
6341 4026
6344 5378
6345 5073
6348 4022
6349 5193
6350 5753
6351 4112
6353 4185
6354 5454
6356 4114
6357 4519
6358 4117
6360 5055
6361 5513
6363 5673
6366 5025
6369 4374
6370 5796
6371 5904
6372 5135
6373 5781
6374 4841
6375 5885
6377 5779
6378 4391
6379 5709
6380 5999
6383 5101
6384 4242
6385 4410
6389 4246
6390 5176
6391 4390
6392 4974
6393 4765
6395 5870
6400 5189
6402 4645
6403 5434
6404 5905
6405 4049
6406 5825
6408 4134
6410 5103
6412 4900
6413 4545
6418 4620
6419 5242
6421 4977
6422 5206
6423 5163
6425 5126
6426 4044
6427 5845
6428 5084
6429 5646
6430 5746
6432 5964
6433 4037
6434 5034
6435 4235
6437 5334
6438 4851
6439 4096
6441 5647
6442 4612
6443 4912
6446 4692
6448 5197
6450 5152
6452 5720
6453 5670
6455 5733
6458 4735
6459 5358
6460 5795
6461 5092
6464 4910
6465 5768
6466 5871
6467 4147
6468 4828
6470 4836
6471 4356
6472 5931
6473 5595
6474 4000
6482 5040
6483 5418
6484 4338
6485 4796
6486 5087
6487 5688
6489 4935
6491 4481
6492 4428
6494 4590
6496 5554
6497 4015
6499 4842
6500 5441
6502 5131
6503 4027
6504 4334
6505 4344
6506 4717
6507 5474
6509 5405
6510 4822
6511 5656
6515 4640
6516 5826
6519 4074
6520 4348
6522 4766
6523 5031
6524 5655
6525 4498
6527 4599
6530 5680
6533 4660
6536 4644
6537 5702
6539 5846
6540 4808
6545 5363
6548 4133
6549 5904
6550 5808
6551 4659
6552 4811
6555 5904
6556 4423
6557 4956
6558 4297
6560 4118
6562 5991
6563 5941
6564 4643
6567 4590
6568 4993
6570 4064
6571 4994
6574 5116
6575 5435
6578 5034
6579 5079
6581 5014
6583 5245
6584 4593
6585 4062
6589 4952
6591 5916
6593 5518
6594 4340
6595 5612
6596 4492
6598 4946
6599 4045
6601 4262
6603 4538
6604 4300
6606 5716
6607 5935
6608 4455
6609 4974
6610 4434
6613 5353
6614 5204
6615 5276
6616 5024
6617 5969
6619 4122
6621 4940
6622 4274
6623 4999
6625 4306
6626 4056
6627 4391
6628 4570
6630 4138
6632 5397
6633 5760
6635 5841
6636 4841
6637 4922
6638 5775
6639 5808
6640 5011
6641 5877
6642 5766
6644 4650
6645 5424
6647 4642
6648 4597
6649 5311
6650 5921
6652 4249
6653 4335
6654 4447
6656 4961
6657 4259
6659 4193
6663 5038
6664 5588
6665 4885
6666 4154
6667 4518
6668 5795
6670 4060
6671 5123
6672 4341
6673 5735
6674 5865
6675 5640
6676 4821
6677 5292
6678 4379
6680 4187
6682 5660
6683 5701
6687 5816
6689 5403
6693 5646
6695 5120
6697 5306
6699 5483
6700 5059
6701 4262
6704 4171
6705 4118
6706 4786
6708 5106
6713 5668
6714 4748
6716 5072
6717 4035
6718 5397
6719 5476
6720 4903
6721 5880
6722 5832
6725 5746
6727 5613
6731 5842
6732 5832
6733 5722
6738 5577
6739 4351
6740 5928
6741 4640
6742 4445
6743 4926
6744 5873
6745 5516
6746 4844
6748 4808
6749 4587
6750 4656
6752 4804
6753 4164
6754 5333
6755 4692
6756 5227
6757 5242
6758 4634
6759 4022
6762 5546
6764 4481
6767 4413
6768 4141
6770 4343
6771 4044
6772 4028
6773 4940
6775 4016
6776 5489
6780 5376
6781 5497
6783 4709
6784 4169
6785 4112
6787 5013
6788 5133
6789 5017
6790 5988
6792 4681
6793 5509
6794 5250
6796 4123
6797 5476
6799 4886
6801 4283
6802 5171
6808 5379
6809 5846
6811 4207
6812 4395
6813 5783
6814 4765
6815 4184
6816 4649
6817 5581
6819 5459
6820 5320
6822 4945
6823 4433
6824 5013
6826 5872
6827 4818
6829 5347
6830 5313
6834 5507
6836 4772
6838 5458
6839 4910
6841 4557
6843 4091
6844 4832
6845 4099
6846 4393
6848 5630
6849 4513
6850 4077
6851 5165
6852 5691
6853 5596
6856 4009
6857 4008
6858 4784
6861 5631
6862 5784
6863 5311
6865 5748
6866 5720
6867 4735
6868 4453
6869 4956
6872 5270
6873 4027
6874 5230
6875 4045
6877 4762
6879 5319
6881 4370
6882 5458
6883 4144
6884 5079
6886 4848
6888 5595
6889 5570
6891 4346
6893 4512
6896 4659
6897 4535
6899 4974
6900 5052
6903 5222
6906 5971
6908 5398
6909 5192
6910 4078
6911 4018
6912 4543
6914 5072
6916 4077
6918 4335
6922 4550
6924 5855
6925 4654
6927 4186
6928 4713
6929 4680
6930 4219
6931 4529
6932 4977
6934 5687
6935 4013
6937 4707
6938 5920
6939 4663
6940 4465
6941 4628
6942 5636
6944 5645
6945 5623
6949 5111
6951 4606
6954 5223
6957 4727
6958 4825
6959 4324
6961 4551
6962 4841
6963 4382
6965 4169
6967 5519
6969 4455
6975 4991
6978 4696
6979 4162
6980 4528
6981 5614
6982 5455
6983 5728
6986 4972
6988 4187
6989 5091
6991 4407
6992 5034
6993 4939
6994 5442
6996 4235
6997 4109
6998 4194
7002 5616
7003 5651
7005 4256
7006 5666
7007 5551
7009 4633
7010 5262
7011 5578
7013 4955
7014 4945
7015 5249
7016 4580
7019 5884
7020 5215
7021 5477
7023 4239
7024 4357
7027 4609
7028 5117
7029 4727
7031 4959
7032 5602
7034 5540
7037 5041
7038 4658
7039 5181
7040 5354
7043 5454
7045 5406
7046 4500
7047 5445
7048 4574
7050 4492
7051 5593
7052 4374
7054 5439
7057 5922
7058 4445
7059 4229
7060 4389
7061 5638
7062 5830
7063 4878
7064 5409
7067 4473
7070 4957
7073 4795
7076 5602
7077 4370
7078 5673
7080 4201
7084 4007
7085 4023
7087 5324
7089 5766
7090 5963
7094 5053
7095 5772
7097 4470
7099 4984
7100 4119
7101 5177
7104 4702
7105 5456
7108 5304
7110 4790
7111 5476
7112 4268
7113 4521
7115 4965
7118 5867
7120 5237
7124 5976
7125 4632
7126 5048
7127 4732
7128 4910
7130 5039
7132 5035
7133 5416
7136 5907
7137 4374
7138 5243
7140 4572
7141 4230
7142 5167
7143 5054
7146 5978
7147 4011
7149 4544
7150 5210
7154 4922
7155 4345
7156 4383
7157 4058
7158 5907
7159 5548
7160 5630
7161 5705
7163 5630
7167 4146
7169 4678
7170 4007
7171 4423
7174 5122
7175 4222
7177 5191
7178 5832
7179 4976
7181 5059
7183 4004
7185 4200
7186 5618
7188 4795
7189 4413
7190 5137
7191 4695
7192 4274
7193 4911
7195 4896
7197 5269
7200 5393
7201 5674
7202 5719
7203 4165
7206 5412
7207 4480
7209 4291
7211 4932
7212 4707
7213 5405
7214 4870
7215 5211
7218 5898
7221 4868
7223 5131
7227 5838
7229 4753
7231 4390
7233 4552
7236 4947
7237 5395
7238 4130
7239 5034
7240 4742
7241 5757
7242 4165
7243 4413
7244 5862
7246 5540
7247 5029
7248 4088
7251 5100
7253 5748
7254 4061
7257 4999
7259 5386
7261 4323
7263 5583
7264 4921
7265 5421
7266 4187
7267 4846
7268 5313
7270 4998
7271 5448
7272 5813
7274 5251
7275 5658
7276 5198
7279 4157
7281 5503
7283 4010
7284 5910
7285 5621
7286 5852
7287 4206
7289 4982
7290 5001
7293 5713
7294 4119
7295 5469
7296 5871
7298 4849
7300 5363
7302 4524
7303 4304
7304 5940
7306 5852
7308 4555
7309 4534
7310 5656
7311 4720
7315 5225
7316 5491
7320 5101
7325 4922
7326 5870
7329 5632
7330 5167
7331 5171
7332 5670
7333 4822
7334 5501
7336 5244
7337 5133
7341 5084
7342 4803
7343 4966
7345 4254
7346 5179
7347 4622
7349 5348
7350 4694
7352 5649
7353 4611
7354 4270
7355 4828
7356 4229
7357 4708
7361 5753
7362 4552
7364 5027
7365 5106
7367 5242
7368 5623
7370 5631
7371 4297
7373 4432
7374 5234
7375 5657
7376 5281
7378 4327
7379 5598
7381 5322
7384 4489
7386 4409
7387 4469
7389 4363
7390 4857
7391 5173
7392 5414
7395 4653
7396 5130
7398 5509
7399 5308
7401 4625
7404 4102
7405 5218
7407 4587
7408 4972
7409 5683
7410 4622
7411 5594
7412 5859
7413 5234
7416 4537
7418 5184
7419 5175
7420 4085
7421 5219
7422 4528
7424 4525
7426 4050
7427 5718
7428 5034
7432 5347
7433 4697
7440 4441
7441 5981
7442 5801
7445 4692
7446 5551
7447 5089
7448 5918
7449 4315
7450 5840
7452 5752
7454 4899
7455 4535
7456 5450
7457 5888
7458 5797
7459 4232
7463 4763
7464 5392
7468 4875
7469 4352
7470 5103
7471 4397
7474 5098
7475 5234
7476 5840
7477 4380
7480 4709
7481 5700
7482 5862
7484 5728
7485 5055
7489 5559
7490 5110
7491 4004
7492 5796
7493 4304
7494 5060
7495 5713
7496 5322
7499 4188
7500 4917
7501 4528
7502 4968
7503 5083
7506 5629
7507 5626
7508 5145
7509 5378
7510 5658
7511 4754
7512 5798
7513 4293
7514 4580
7517 4715
7521 4935
7522 4044
7523 5178
7524 5028
7525 5947
7526 4664
7527 5616
7528 4153
7530 4282
7532 5190
7533 5907
7536 4131
7537 4157
7538 5189
7539 4053
7541 5085
7542 4468
7543 5563
7544 4762
7545 5589
7546 4991
7550 4713
7552 5883
7553 5383
7554 4639
7555 4516
7556 4101
7557 5831
7559 5498
7560 4480
7561 5466
7562 5103
7563 5963
7564 4798
7565 5983
7566 5376
7567 4887
7570 4863
7571 5020
7572 5684
7573 4541
7574 5646
7576 4869
7577 4743
7579 5722
7583 5311
7584 5666
7586 5747
7590 4235
7591 4088
7592 5220
7594 5987
7596 5826
7599 5679
7600 4158
7606 5598
7609 5500
7610 5237
7611 4468
7612 5280
7613 5292
7614 4755
7616 5452
7617 5537
7618 5223
7619 4043
7624 4319
7625 4537
7628 4516
7629 4227
7631 4495
7632 5356
7633 5237
7635 5039
7638 5679
7641 5661
7642 4386
7643 4276
7644 4202
7645 5889
7647 4634
7649 5184
7650 4540
7651 4709
7652 4287
7653 4173
7655 5611
7657 4908
7658 4391
7660 4624
7661 4785
7662 4995
7663 4639
7664 5997
7665 4472
7668 5541
7670 5545
7671 4678
7672 5322
7673 5088
7676 4717
7677 4495
7678 5369
7679 4410
7681 4306
7688 5029
7689 5723
7690 5863
7691 4460
7692 4732
7694 5568
7695 4781
7696 4662
7697 4150
7700 4111
7702 4802
7705 4122
7706 5981
7707 4410
7708 5504
7709 5218
7710 4116
7711 4844
7712 5800
7713 5555
7714 5980
7715 5694
7716 4491
7717 4306
7718 5716
7721 5991
7722 4714
7723 5175
7725 5770
7726 5894
7727 5356
7729 5740
7730 4896
7732 5691
7735 4769
7736 5115
7737 5606
7738 4936
7741 5507
7742 5625
7743 4486
7744 4047
7745 4307
7746 4236
7747 4371
7748 5545
7749 5147
7750 5631
7752 5737
7755 5681
7756 4418
7757 5913
7758 4349
7759 4084
7760 5867
7762 4592
7763 5863
7764 4754
7766 4108
7770 4436
7771 4667
7772 5875
7773 5224
7776 4016
7779 5142
7780 4264
7782 4245
7785 5328
7789 5603
7790 4879
7791 4586
7794 4935
7795 5132
7796 5588
7798 5328
7799 5041
7802 4938
7805 4187
7806 5960
7808 5150
7809 4729
7810 4544
7811 5964
7813 4942
7817 4295
7820 4273
7822 5981
7823 5396
7825 5189
7827 4462
7828 5534
7829 4467
7830 4884
7832 5938
7835 4470
7836 5720
7837 5679
7838 4253
7842 5619
7845 5959
7847 4103
7848 4194
7849 5748
7850 4764
7851 4157
7853 5132
7854 5986
7856 4224
7857 4308
7858 5474
7860 5338
7861 5320
7864 5741
7865 5417
7867 4399
7868 4073
7869 4385
7871 5589
7872 4529
7873 5425
7874 5591
7875 5306
7876 4595
7877 4032
7879 5989
7880 5327
7885 5777
7886 5153
7888 4228
7889 5898
7890 5839
7891 5553
7892 4007
7895 5996
7896 5979
7898 4590
7899 4356
7900 5021
7901 5550
7903 4533
7905 4844
7906 5858
7908 5459
7909 5630
7911 5555
7913 4749
7914 4336
7915 4305
7916 5520
7919 5635
7920 4185
7922 5865
7923 4557
7924 5991
7925 4942
7928 4566
7929 4541
7930 5780
7931 5938
7932 5190
7933 4502
7934 4885
7935 5657
7936 4775
7938 5527
7939 5989
7941 4766
7944 4744
7945 5716
7946 4560
7947 5740
7949 5472
7954 4665
7955 4634
7956 4350
7957 4182
7958 5696
7959 4121
7961 5405
7962 4763
7964 4622
7970 4702
7972 5612
7973 5253
7976 4221
7978 4483
7981 5671
7983 5188
7984 5651
7985 4825
7987 4495
7988 4079
7989 5930
7990 4591
7991 4670
7994 4787
7997 4629
7998 5238
4096 3350
4098 2575
4099 3320
4100 2137
4101 3120
4102 2687
4103 2825
4108 3353
4109 3228
4111 2503
4112 3794
4114 3491
4116 3420
4117 2599
4118 2148
4119 2760
4121 2014
4122 3586
4123 3063
4130 3276
4131 2528
4132 2820
4133 3044
4134 3616
4136 3296
4138 2703
4141 3812
4144 3274
4146 3485
4147 3348
4148 3619
4149 2330
4150 2426
4153 2624
4154 3604
4157 2070
4158 2981
4161 3752
4162 2130
4164 3355
4165 3640
4169 3876
4171 3566
4173 3111
4176 3246
4179 2711
4182 2240
4184 3697
4185 3276
4186 3552
4187 3339
4188 2889
4189 3054
4191 3021
4193 2240
4194 3911
4196 2379
4200 2282
4201 2659
4202 2665
4206 2117
4207 2199
4212 3090
4219 2211
4221 3441
4222 3878
4224 3238
4227 3257
4228 3674
4229 2829
4230 2582
4232 3109
4235 3625
4236 3129
4239 3287
4242 2673
4245 3487
4246 3065
4249 2624
4253 2446
4254 3485
4256 2604
4259 2760
4262 3275
4264 2506
4268 3017
4270 2220
4273 2635
4274 3386
4276 2663
4282 3795
4283 2650
4285 2092
4287 3307
4288 3545
4291 3638
4293 3814
4295 2614
4297 2061
4300 2252
4302 2511
4304 3751
4305 2170
4306 2850
4307 2846
4308 3810
4315 3311
4319 2153
4323 3723
4324 3584
4326 3175
4327 3882
4328 3695
4334 2451
4335 2745
4336 3720
4338 2339
4340 2658
4341 2221
4343 3182
4344 3416
4345 2334
4346 2905
4348 2466
4349 2885
4350 3607
4351 2500
4352 3203
4356 3051
4357 2814
4363 2386
4365 2406
4370 2286
4371 2481
4374 3318
4379 3682
4380 2278
4382 2390
4383 3755
4385 2031
4386 3846
4387 3744
4389 3168
4390 3906
4391 2823
4393 2692
4395 2670
4397 2314
4398 3031
4399 2635
4407 2569
4409 3823
4410 2051
4412 2102
4413 3714
4418 3984
4423 2473
4428 3503
4432 3328
4433 3999
4434 3257
4436 3445
4440 2036
4441 3103
4445 3063
4447 3599
4453 2709
4455 3026
4460 3048
4462 3564
4465 2644
4466 2206
4467 2884
4468 2676
4469 2065
4470 3896
4472 2869
4473 3989
4475 2135
4480 2258
4481 2920
4482 3895
4483 2135
4486 2593
4488 2302
4489 3761
4490 3762
4491 2742
4492 2861
4495 3813
4498 2495
4500 3940
4502 2410
4505 3771
4512 2602
4513 2477
4516 2061
4518 3801
4519 3113
4521 3102
4524 3005
4525 3594
4527 2959
4528 3841
4529 2859
4531 2256
4533 3859
4534 3987
4535 3285
4537 3160
4538 3336
4540 2577
4541 2879
4543 2359
4544 2643
4545 3224
4549 2358
4550 3916
4551 3960
4552 2805
4555 2746
4557 3954
4560 2566
4564 2312
4566 3601
4567 3763
4569 2867
4570 2216
4572 2232
4574 3644
4580 2182
4586 3681
4587 2175
4590 2972
4591 3172
4592 3138
4593 3118
4595 2327
4597 3866
4599 2559
4606 2986
4609 2084
4611 2675
4612 2188
4615 3490
4620 3621
4622 3544
4624 2422
4625 2321
4628 3657
4629 2035
4632 2213
4633 2386
4634 2767
4637 2106
4639 2824
4640 3010
4641 2444
4642 2339
4643 2255
4644 3084
4645 2517
4649 2354
4650 3526
4653 2215
4654 2992
4656 3932
4658 3257
4659 3898
4660 2524
4662 2037
4663 3402
4664 3182
4665 2896
4667 3325
4670 2623
4671 2710
4678 3029
4680 2128
4681 2011
4692 3516
4694 3862
4695 3393
4696 3375
4697 2802
4702 2967
4707 3421
4708 3572
4709 3160
4711 2618
4713 3238
4714 3244
4715 2176
4717 2249
4719 3783
4720 3486
4727 2474
4729 2575
4732 3272
4735 2516
4742 2947
4743 2842
4744 2876
4748 3917
4749 3438
4753 3233
4754 2655
4755 2200
4762 2660
4763 3805
4764 3066
4765 3128
4766 3594
4769 2391
4770 3532
4772 2715
4775 2523
4781 3972
4783 2491
4784 3257
4785 3247
4786 2300
4787 3623
4790 2230
4795 2686
4796 3672
4798 2886
4799 3882
4800 3104
4801 3519
4802 3457
4803 2573
4804 3783
4805 3554
4808 2614
4810 3241
4811 2259
4812 3848
4818 3340
4820 3887
4821 3515
4822 3846
4823 2007
4825 2820
4828 3120
4832 3786
4836 2506
4841 2177
4842 2048
4844 2472
4846 3693
4848 3255
4849 2647
4851 2848
4857 2668
4863 2993
4868 2025
4869 2504
4870 2604
4875 3449
4877 3402
4878 3631
4879 2628
4884 2250
4885 3581
4886 3748
4887 3721
4896 3630
4899 3752
4900 2226
4902 3675
4903 3453
4908 3542
4910 2332
4911 2278
4912 2247
4914 2642
4917 2681
4918 3339
4921 2359
4922 2985
4926 3661
4929 2710
4932 2542
4935 2274
4936 2831
4938 2434
4939 2994
4940 3813
4942 2675
4943 2044
4945 2775
4946 3231
4947 3900
4952 2136
4955 2958
4956 3674
4957 3201
4959 2616
4961 2126
4965 3481
4966 3262
4968 3367
4970 2194
4971 2523
4972 3324
4974 2192
4976 2709
4977 2370
4982 2322
4984 3103
4991 2920
4993 2561
4994 3936
4995 2699
4998 2160
4999 2533
5001 3340
5002 3673
5011 2161
5013 3277
5014 2585
5017 2850
5018 3645
5020 2541
5021 2883
5024 3824
5025 3572
5027 2353
5028 3222
5029 3378
5031 3525
5034 3234
5035 2373
5037 2452
5038 3111
5039 3687
5040 3667
5041 2374
5048 3251
5052 3868
5053 2326
5054 3351
5055 2956
5059 3001
5060 2437
5064 2620
5066 3139
5072 2830
5073 3362
5079 3369
5083 3358
5084 3659
5085 3544
5087 2715
5088 2726
5089 2672
5091 3437
5092 2612
5098 3427
5100 3133
5101 2216
5103 3736
5106 2631
5110 2921
5111 2352
5115 2091
5116 3356
5117 2797
5120 2991
5122 2895
5123 2871
5126 2005
5130 2309
5131 2669
5132 3905
5133 2818
5134 3985
5135 3312
5137 3492
5142 2381
5145 3055
5147 2047
5150 2291
5152 2643
5153 2433
5160 3006
5163 3801
5165 3980
5167 2959
5168 2808
5171 3405
5173 2141
5175 2109
5176 2037
5177 3853
5178 2476
5179 2917
5181 3940
5184 3364
5185 3984
5188 2607
5189 3367
5190 3942
5191 2667
5192 3826
5193 3761
5196 2220
5197 2688
5198 2001
5199 2014
5203 3692
5204 2952
5206 3535
5210 2848
5211 2992
5215 3273
5216 3785
5218 2139
5219 3803
5220 3920
5222 3132
5223 2256
5224 3071
5225 3966
5227 2375
5230 2020
5234 2511
5237 2136
5238 3338
5242 2172
5243 3586
5244 3482
5245 2600
5249 3827
5250 2282
5251 3427
5253 3674
5262 2533
5269 3116
5270 3488
5276 3751
5277 3675
5279 2333
5280 3853
5281 2751
5292 2391
5304 3082
5306 2899
5308 2974
5311 3528
5313 2324
5319 3485
5320 2160
5322 3829
5324 2370
5327 2216
5328 2930
5329 3519
5333 3150
5334 2435
5338 2538
5343 2152
5347 3402
5348 2218
5349 3194
5353 2405
5354 3304
5356 2996
5358 2481
5363 2534
5369 3355
5371 2108
5375 3176
5376 2060
5378 2648
5379 3507
5382 3076
5383 3810
5384 3373
5385 2098
5386 2387
5391 2193
5392 3241
5393 3733
5395 3635
5396 3854
5397 2848
5398 2035
5403 3987
5405 3707
5406 2130
5409 2809
5412 2544
5414 2200
5416 3279
5417 3999
5418 3517
5421 3129
5422 2615
5424 2875
5425 3132
5434 2979
5435 2144
5439 2631
5441 3072
5442 2401
5445 3104
5448 3038
5450 2977
5452 2668
5454 2984
5455 2883
5456 2218
5458 2339
5459 2637
5464 3338
5466 3642
5469 3588
5472 2932
5474 3523
5476 2544
5477 2071
5480 2235
5483 2295
5487 2117
5489 3905
5491 3235
5497 2550
5498 2165
5500 2764
5501 3816
5503 2855
5504 2413
5505 3489
5507 3271
5509 2783
5512 2564
5513 3462
5516 3744
5518 3585
5519 2800
5520 2283
5527 2534
5529 2213
5534 2662
5537 3887
5540 3917
5541 2248
5545 2836
5546 3964
5548 2414
5550 2087
5551 2593
5553 3913
5554 2674
5555 2906
5557 2398
5559 2777
5563 2191
5568 2407
5570 2300
5577 3981
5578 2657
5580 3582
5581 2076
5583 3189
5588 3835
5589 2977
5591 2656
5592 3416
5593 3301
5594 3032
5595 2574
5596 3344
5598 3041
5602 2408
5603 3277
5606 2291
5611 3505
5612 3313
5613 3234
5614 3690
5616 2310
5618 3873
5619 2198
5621 2185
5623 3982
5625 3882
5626 2845
5629 2695
5630 2068
5631 3547
5632 3660
5635 3865
5636 3310
5638 3347
5640 3978
5645 2508
5646 3841
5647 3322
5649 2800
5651 2475
5653 2421
5655 3115
5656 3424
5657 2226
5658 2628
5660 3118
5661 3294
5666 3924
5668 3998
5670 2488
5671 3815
5673 3678
5674 3074
5679 2142
5680 3591
5681 3197
5683 3267
5684 2588
5687 2187
5688 3853
5691 2714
5694 2922
5695 3938
5696 2647
5697 3312
5700 2113
5701 2676
5702 3166
5705 3168
5709 2987
5713 3317
5716 2498
5717 3699
5718 3114
5719 2348
5720 3362
5722 2851
5723 3240
5725 2311
5728 3547
5733 2616
5735 2677
5737 2869
5740 2779
5741 2882
5746 3434
5747 2282
5748 3964
5752 2705
5753 2825
5755 3261
5756 2344
5757 2011
5760 2145
5766 3926
5768 2041
5770 3323
5772 2482
5774 2569
5775 3376
5776 3509
5777 2517
5779 3603
5780 3067
5781 2923
5783 2107
5784 3694
5786 3375
5787 2142
5795 3721
5796 2747
5797 2341
5798 2823
5800 2502
5801 3851
5808 2431
5813 2974
5816 3986
5819 2947
5825 3945
5826 3033
5827 2534
5828 2415
5830 2539
5831 2895
5832 2103
5837 3560
5838 2009
5839 3145
5840 3963
5841 3218
5842 2113
5845 3560
5846 2365
5852 3223
5855 3545
5858 2428
5859 2772
5862 3320
5863 2917
5865 3423
5867 2736
5870 2257
5871 2077
5872 2723
5873 2268
5875 2046
5877 3364
5880 3467
5883 2644
5884 3442
5885 3056
5886 2400
5888 2017
5889 2367
5894 2552
5898 2107
5904 2905
5905 3589
5907 2069
5908 2267
5910 3066
5913 3516
5916 3051
5918 2041
5919 3038
5920 2123
5921 2095
5922 3627
5926 3221
5928 2069
5929 3772
5930 3704
5931 3865
5935 2914
5938 3136
5940 2727
5941 2567
5947 2084
5959 2109
5960 2169
5963 2815
5964 3418
5966 2426
5969 3421
5971 2548
5976 2356
5978 2875
5979 2437
5980 3914
5981 3759
5983 2059
5986 2185
5987 2179
5988 3342
5989 2470
5991 3204
5996 2548
5997 3124
5999 3242
4000 2009
4002 3103
4004 3716
4007 3833
4008 2816
4009 2513
4010 2443
4011 2942
4013 3709
4015 2863
4016 2644
4018 3438
4022 2294
4023 2458
4026 3070
4027 3156
4028 3787
4032 2843
4033 3934
4035 3491
4037 2015
4043 3360
4044 2768
4045 2830
4047 3187
4048 2399
4049 3662
4050 3563
4053 3347
4056 2112
4058 2898
4060 3453
4061 3062
4062 3099
4064 2800
4069 2458
4072 2572
4073 3533
4074 2396
4077 3709
4078 2190
4079 2953
4084 3151
4085 2427
4088 2356
4091 2205
4095 2583
2048 1816
2051 742
2059 1239
2060 1885
2061 1849
2065 232
2068 394
2069 1250
2070 1982
2071 1995
2076 91
2077 1056
2084 173
2087 1959
2091 1194
2092 1373
2095 731
2098 1993
2102 1118
2103 489
2106 1822
2107 1092
2108 20
2109 569
2112 207
2113 691
2117 1327
2123 1235
2126 709
2128 692
2130 1764
2135 393
2136 239
2137 1999
2139 501
2141 896
2142 939
2144 1746
2145 1252
2148 285
2152 1427
2153 1754
2160 1665
2161 300
2165 1369
2169 1491
2170 1055
2172 1797
2175 260
2176 1509
2177 1183
2179 92
2182 879
2185 1346
2187 1365
2188 1028
2190 730
2191 424
2192 583
2193 1572
2194 665
2198 416
2199 1041
2200 986
2205 896
2206 1146
2211 626
2213 637
2215 423
2216 1334
2218 467
2220 328
2221 1192
2226 1405
2230 1612
2232 1843
2235 817
2240 607
2247 1063
2248 82
2249 863
2250 1864
2252 1102
2255 1911
2256 420
2257 758
2258 331
2259 196
2267 1319
2268 1878
2274 690
2278 1489
2282 1949
2283 1161
2286 1749
2291 895
2294 1819
2295 625
2300 1862
2302 633
2309 356
2310 1638
2311 867
2312 212
2314 1443
2321 1019
2322 863
2324 168
2326 1446
2327 761
2330 894
2332 1052
2333 675
2334 1479
2339 1347
2341 1457
2344 1257
2348 261
2352 228
2353 1722
2354 1309
2356 1886
2358 387
2359 1338
2365 63
2367 1726
2370 989
2373 1131
2374 1715
2375 944
2379 878
2381 46
2386 1517
2387 1549
2390 1907
2391 264
2396 805
2398 1871
2399 289
2400 1988
2401 1169
2405 486
2406 1882
2407 1541
2408 1401
2410 1231
2413 1015
2414 1689
2415 1653
2421 1889
2422 160
2426 382
2427 1123
2428 1054
2431 1746
2433 650
2434 613
2435 221
2437 1704
2443 1415
2444 1355
2446 1084
2451 871
2452 1866
2458 1185
2466 280
2470 203
2472 866
2473 1629
2474 1391
2475 204
2476 1222
2477 1574
2481 1620
2482 608
2488 70
2491 1016
2495 860
2498 909
2500 749
2502 1619
2503 1845
2504 20
2506 561
2508 1049
2511 1723
2513 1516
2516 1893
2517 859
2523 86
2524 1946
2528 1084
2533 583
2534 930
2538 957
2539 1797
2541 1151
2542 1
2544 38
2548 798
2550 1151
2552 716
2559 1621
2561 1463
2564 1213
2566 477
2567 51
2569 1307
2572 1431
2573 612
2574 1725
2575 600
2577 149
2582 1199
2583 1787
2585 1657
2588 1853
2593 158
2599 1491
2600 869
2602 1410
2604 642
2607 260
2612 259
2614 902
2615 462
2616 7
2618 459
2620 1923
2623 1240
2624 1069
2628 1130
2631 536
2635 1723
2637 82
2642 498
2643 1053
2644 1512
2647 578
2648 106
2650 951
2655 1428
2656 1713
2657 1494
2658 527
2659 467
2660 1118
2662 767
2663 568
2665 1402
2667 1390
2668 896
2669 1503
2670 1768
2672 1773
2673 1396
2674 1123
2675 503
2676 1491
2677 953
2681 86
2686 1474
2687 30
2688 6
2692 1744
2695 1694
2699 741
2703 1996
2705 87
2709 1236
2710 1546
2711 182
2714 665
2715 1641
2723 549
2726 1562
2727 119
2736 289
2742 288
2745 1005
2746 667
2747 905
2751 1503
2760 159
2764 1755
2767 26
2768 1794
2772 781
2775 1251
2777 833
2779 485
2783 1250
2797 1546
2800 1388
2802 1444
2805 1606
2808 1519
2809 101
2814 459
2815 1303
2816 1942
2818 1925
2820 1767
2823 159
2824 1489
2825 1207
2829 1958
2830 1425
2831 1983
2836 155
2842 104
2843 1051
2845 173
2846 923
2848 1895
2850 663
2851 1795
2855 1466
2859 484
2861 1192
2863 1767
2867 1239
2869 57
2871 1764
2875 1825
2876 1387
2879 45
2882 391
2883 1937
2884 373
2885 119
2886 1137
2889 538
2895 463
2896 785
2898 29
2899 953
2905 636
2906 315
2914 316
2917 1806
2920 406
2921 341
2922 427
2923 1461
2930 433
2932 1719
2942 1385
2947 557
2952 1638
2953 278
2956 400
2958 389
2959 552
2967 95
2972 440
2974 1029
2977 1882
2979 911
2981 1787
2984 202
2985 374
2986 276
2987 817
2991 304
2992 992
2993 1290
2994 327
2996 1626
3001 1475
3005 1332
3006 931
3010 169
3017 1951
3021 277
3026 1366
3029 851
3031 1993
3032 262
3033 744
3038 334
3041 1808
3044 906
3048 1271
3051 1138
3054 505
3055 1661
3056 556
3062 1140
3063 1108
3065 1220
3066 992
3067 131
3070 1255
3071 1879
3072 218
3074 678
3076 996
3082 1117
3084 535
3090 75
3099 549
3102 319
3103 1182
3104 262
3109 370
3111 858
3113 1680
3114 721
3115 97
3116 113
3118 159
3120 685
3124 1034
3128 1019
3129 1298
3132 1813
3133 134
3136 1786
3138 231
3139 1633
3145 1886
3150 1142
3151 150
3156 854
3160 18
3166 252
3168 98
3172 1435
3175 356
3176 1111
3182 1650
3187 1310
3189 803
3194 816
3197 1066
3201 1598
3203 517
3204 680
3218 1331
3221 233
3222 546
3223 1242
3224 833
3228 1513
3231 1849
3233 1424
3234 644
3235 1125
3238 1385
3240 1298
3241 1852
3242 1944
3244 1638
3246 1844
3247 584
3251 1341
3255 608
3257 1037
3261 60
3262 1810
3267 488
3271 1736
3272 1686
3273 165
3274 787
3275 1690
3276 1957
3277 820
3279 534
3285 1025
3287 620
3294 1398
3296 851
3301 1220
3304 1529
3307 204
3310 1558
3311 1641
3312 371
3313 1810
3317 540
3318 1939
3320 1238
3322 807
3323 1307
3324 1164
3325 1684
3328 10
3336 1618
3338 478
3339 1566
3340 853
3342 760
3344 1254
3347 968
3348 866
3350 1658
3351 1946
3353 112
3355 1758
3356 30
3358 998
3360 801
3362 1023
3364 1550
3367 1651
3369 228
3373 311
3375 58
3376 1450
3378 1687
3386 1606
3393 1101
3402 1011
3405 1934
3416 1166
3418 1663
3420 1607
3421 497
3423 1667
3424 623
3427 1567
3434 931
3437 1610
3438 873
3441 1983
3442 451
3445 559
3449 462
3453 1939
3457 1955
3462 723
3467 356
3481 200
3482 1308
3485 1978
3486 409
3487 1760
3488 1565
3489 803
3490 1109
3491 1907
3492 850
3503 232
3505 1908
3507 521
3509 757
3515 105
3516 847
3517 1294
3519 1408
3523 1800
3525 1835
3526 1437
3528 922
3532 224
3533 1226
3535 1472
3542 1149
3544 893
3545 1190
3547 879
3552 942
3554 414
3560 1388
3563 698
3564 1348
3566 940
3572 1348
3581 1808
3582 1011
3584 1878
3585 410
3586 442
3588 1465
3589 1861
3591 1179
3594 6
3599 1351
3601 589
3603 560
3604 922
3607 1570
3616 642
3619 1218
3621 1843
3623 1253
3625 1604
3627 1932
3630 149
3631 1345
3635 581
3638 1219
3640 1639
3642 581
3644 651
3645 1577
3657 1896
3659 776
3660 1050
3661 571
3662 1579
3667 1267
3672 300
3673 916
3674 431
3675 707
3678 855
3681 1407
3682 608
3687 1410
3690 1482
3692 1536
3693 858
3694 1127
3695 1084
3697 1280
3699 1631
3704 1849
3707 1533
3709 1902
3714 589
3716 1428
3720 199
3721 1431
3723 1373
3733 245
3736 584
3744 1921
3748 1925
3751 999
3752 207
3755 179
3759 1947
3761 1492
3762 1177
3763 55
3771 1614
3772 257
3783 1328
3785 691
3786 87
3787 293
3794 145
3795 197
3801 379
3803 1079
3805 1569
3810 1776
3812 1022
3813 408
3814 19
3815 1588
3816 1770
3823 1683
3824 1705
3826 80
3827 904
3829 1055
3833 1940
3835 1234
3841 752
3846 1830
3848 1607
3851 454
3853 459
3854 1698
3859 1223
3862 837
3865 776
3866 1488
3868 1792
3873 1265
3876 1557
3878 292
3882 545
3887 1485
3895 887
3896 456
3898 1523
3900 223
3905 719
3906 130
3911 1967
3913 343
3914 1326
3916 1891
3917 1817
3920 434
3924 1363
3926 62
3932 1407
3934 1543
3936 692
3938 800
3940 146
3942 150
3945 917
3954 1384
3960 1435
3963 1487
3964 243
3966 1607
3972 611
3978 661
3980 97
3981 397
3982 699
3984 1657
3985 866
3986 1078
3987 15
3989 1364
3998 1915
3999 1527
2001 1447
2005 745
2007 1310
2009 559
2011 309
2014 316
2015 1496
2017 1589
2020 240
2025 1939
2031 1505
2035 1604
2036 1868
2037 1013
2041 1281
2044 672
2046 516
2047 551
