8192 6374
8193 7349
8194 7272
8195 7796
8196 7098
8197 7916
8198 7922
8199 6161
8200 7501
8201 7110
8202 6680
8203 6733
8204 6598
8205 7260
8206 7089
8207 6501
8208 6570
8209 7185
8210 6851
8211 6852
8212 7280
8213 6168
8214 7954
8215 7592
8216 6129
8217 6405
8218 7900
8219 6353
8220 6638
8221 7947
8222 7118
8223 7727
8224 6566
8225 7875
8226 6115
8227 6847
8228 7691
8229 6581
8230 7212
8231 7370
8232 7935
8233 7691
8234 7513
8235 6958
8236 7033
8237 6877
8238 7070
8239 7798
8240 7798
8241 6325
8242 7892
8243 6422
8244 7710
8245 6578
8246 7520
8247 7412
8248 7957
8249 7060
8250 6749
8251 6064
8252 6843
8253 6009
8254 7190
8255 6302
8256 7889
8257 6508
8258 7741
8259 6228
8260 6563
8261 6041
8262 6253
8263 6119
8264 6585
8265 6371
8266 7617
8267 6112
8268 7484
8269 7497
8270 7049
8271 7353
8272 7035
8273 7364
8274 7141
8275 6090
8276 7557
8277 7579
8278 7677
8279 6208
8280 7615
8281 6524
8282 7008
8283 7458
8284 7022
8285 7185
8286 7026
8287 6925
8288 7655
8289 6375
8290 6834
8291 7734
8292 7233
8293 7449
8294 6196
8295 6673
8296 6211
8297 6988
8298 6438
8299 7517
8300 7350
8301 7459
8302 6160
8303 6511
8304 7304
8305 7376
8306 7309
8307 6633
8308 7976
8309 6531
8310 7283
8311 7566
8312 7897
8313 6606
8314 6962
8315 7498
8316 7465
8317 7651
8318 7447
8319 6983
8320 6739
8321 7426
8322 6509
8323 7238
8324 6320
8325 6857
8326 7489
8327 7113
8328 6064
8329 6648
8330 7888
8331 6193
8332 7490
8333 7821
8334 6331
8335 7930
8336 6302
8337 6872
8338 7231
8339 6950
8340 6170
8341 7126
8342 6391
8343 6673
8344 6146
8345 7207
8346 6067
8347 6360
8348 7933
8349 7384
8350 7506
8351 7644
8352 6636
8353 7175
8354 6816
8355 7192
8356 7150
8357 6393
8358 7058
8359 6541
8360 6667
8361 6715
8362 7754
8363 7971
8364 7138
8365 7155
8366 6537
8367 7411
8368 6679
8369 6288
8370 6549
8371 7232
8372 7551
8373 6375
8374 6221
8375 6307
8376 6836
8377 7325
8378 6057
8379 7671
8380 7723
8381 6096
8382 7772
8383 6491
8384 6378
8385 7751
8386 7825
8387 7190
8388 6696
8389 6460
8390 7752
8391 6746
8392 7531
8393 7151
8394 6151
8395 7503
8396 7050
8397 6043
8398 6482
8399 7133
8400 6615
8401 6819
8402 6928
8403 6402
8404 7007
8405 7405
8406 6868
8407 6424
8408 7010
8409 6019
8410 7624
8411 7511
8412 6314
8413 6435
8414 7724
8415 7599
8416 6743
8417 6617
8418 6133
8419 7034
8420 6866
8421 6638
8422 6025
8423 6140
8424 7003
8425 7399
8426 7678
8427 6068
8428 6320
8429 7286
8430 7480
8431 7038
8432 7737
8433 6165
8434 6655
8435 6652
8436 7363
8437 7584
8438 7471
8439 6489
8440 6472
8441 7182
8442 6796
8443 7759
8444 6151
8445 7469
8446 6168
8447 6575
8448 7269
8449 7906
8450 7412
8451 6527
8452 6550
8453 6853
8454 7595
8455 7287
8456 7749
8457 7059
8458 7558
8459 7448
8460 6767
8461 7571
8462 6578
8463 6371
8464 7537
8465 7264
8466 6431
8467 6551
8468 6967
8469 6148
8470 6827
8471 7525
8472 6625
8473 7501
8474 7780
8475 6246
8476 6228
8477 6785
8478 7191
8479 6680
8480 7190
8481 7111
8482 6687
8483 6501
8484 6313
8485 6933
8486 7828
8487 6120
8488 6763
8489 7246
8490 6514
8491 7071
8492 6623
8493 7957
8494 6318
8495 6940
8496 6733
8497 6522
8498 6038
8499 6331
8500 7142
8501 7096
8502 7573
8503 6908
8504 7572
8505 6823
8506 7085
8507 7424
8508 6863
8509 7378
8510 7904
8511 7935
8512 7223
8513 7795
8514 7665
8515 6246
8516 6029
8517 6611
8518 7710
8519 7707
8520 7489
8521 6453
8522 7890
8523 6840
8524 6070
8525 7781
8526 6247
8527 6873
8528 7457
8529 6188
8530 6916
8531 6888
8532 7454
8533 7006
8534 7673
8535 7730
8536 7810
8537 7558
8538 6243
8539 7089
8540 7389
8541 6167
8542 6127
8543 6665
8544 7856
8545 6220
8546 7210
8547 7127
8548 6861
8549 7262
8550 6563
8551 6361
8552 6618
8553 7485
8554 6791
8555 6497
8556 6955
8557 6683
8558 6452
8559 7283
8560 7624
8561 7961
8562 6683
8563 7720
8564 6697
8565 7692
8566 7317
8567 7294
8568 6517
8569 6752
8570 6753
8571 6656
8572 6755
8573 7910
8574 7321
8575 6651
8576 6020
8577 6521
8578 7730
8579 6980
8580 7688
8581 7536
8582 6721
8583 7239
8584 7877
8585 7398
8586 6026
8587 7032
8588 6815
8589 7343
8590 7660
8591 6311
8592 6768
8593 7121
8594 6944
8595 7803
8596 6442
8597 7563
8598 6771
8599 7861
8600 6169
8601 7823
8602 7575
8603 6258
8604 7184
8605 6205
8606 7031
8607 6505
8608 6363
8609 6088
8610 6215
8611 7709
8612 6218
8613 7923
8614 7267
8615 6980
8616 7457
8617 6483
8618 6388
8619 7321
8620 7899
8621 6662
8622 6351
8623 6997
8624 6360
8625 6486
8626 7762
8627 7231
8628 7970
8629 6978
8630 7929
8631 7561
8632 6683
8633 7653
8634 7630
8635 7490
8636 6649
8637 6073
8638 7938
8639 6617
8640 7625
8641 6234
8642 6467
8643 7909
8644 6268
8645 6267
8646 7757
8647 7879
8648 6356
8649 7884
8650 6606
8651 6922
8652 6882
8653 6453
8654 7440
8655 7671
8656 6757
8657 7328
8658 7047
8659 7445
8660 7643
8661 7232
8662 6533
8663 7991
8664 6085
8665 6502
8666 6438
8667 6232
8668 6385
8669 6897
8670 7499
8671 6427
8672 7178
8673 6040
8674 7387
8675 6302
8676 6880
8677 6499
8678 7282
8679 6646
8680 7127
8681 6350
8682 6525
8683 6850
8684 7869
8685 6372
8686 6837
8687 6848
8688 7110
8689 7239
8690 6609
8691 7986
8692 6339
8693 6603
8694 7536
8695 7628
8696 6221
8697 7955
8698 7247
8699 7671
8700 6942
8701 6651
8702 6118
8703 7726
8704 7607
8705 6369
8706 6881
8707 6700
8708 6273
8709 6656
8710 6539
8711 6663
8712 7855
8713 7825
8714 6780
8715 7827
8716 7679
8717 7914
8718 6588
8719 7100
8720 6686
8721 7703
8722 7640
8723 7019
8724 6769
8725 7302
8726 6178
8727 6523
8728 7051
8729 6623
8730 7214
8731 7983
8732 7494
8733 6642
8734 7542
8735 6186
8736 7230
8737 7114
8738 7542
8739 7973
8740 7346
8741 7959
8742 7029
8743 7012
8744 6401
8745 6571
8746 6840
8747 7133
8748 7624
8749 7525
8750 7373
8751 6314
8752 6845
8753 6516
8754 7845
8755 6464
8756 7875
8757 6713
8758 7275
8759 6459
8760 7087
8761 6625
8762 6470
8763 6379
8764 7525
8765 7722
8766 7987
8767 6798
8768 6122
8769 7337
8770 6536
8771 6123
8772 6188
8773 7745
8774 7406
8775 7022
8776 6545
8777 7630
8778 6753
8779 6901
8780 7532
8781 7892
8782 6570
8783 7343
8784 7300
8785 7077
8786 7722
8787 7099
8788 6260
8789 6742
8790 7115
8791 7742
8792 7141
8793 7693
8794 7207
8795 7427
8796 6432
8797 7142
8798 7941
8799 7570
8800 7302
8801 7009
8802 7259
8803 6097
8804 6826
8805 7736
8806 6336
8807 7557
8808 7563
8809 7245
8810 6621
8811 7364
8812 6367
8813 6680
8814 7748
8815 7196
8816 7369
8817 7413
8818 6862
8819 6924
8820 6788
8821 6884
8822 7720
8823 7582
8824 7155
8825 6200
8826 7754
8827 6168
8828 6355
8829 6826
8830 6316
8831 7600
8832 7811
8833 7494
8834 6788
8835 7063
8836 7695
8837 7326
8838 7013
8839 6493
8840 6792
8841 7710
8842 6127
8843 7746
8844 7274
8845 7570
8846 6670
8847 7843
8848 6041
8849 6749
8850 6210
8851 6278
8852 6179
8853 7719
8854 6675
8855 6898
8856 6900
8857 7045
8858 6140
8859 7836
8860 6245
8861 7270
8862 7677
8863 7170
8864 7005
8865 7127
8866 7471
8867 6767
8868 6245
8869 7177
8870 6992
8871 7839
8872 6565
8873 6307
8874 6935
8875 6432
8876 7948
8877 6486
8878 6771
8879 7547
8880 7357
8881 7036
8882 6322
8883 7945
8884 7512
8885 6335
8886 7073
8887 6862
8888 7133
8889 6335
8890 7344
8891 7159
8892 6525
8893 7641
8894 6877
8895 7077
8896 7477
8897 6989
8898 6683
8899 7038
8900 6141
8901 7672
8902 6843
8903 6291
8904 7109
8905 7945
8906 7314
8907 7703
8908 7458
8909 7418
8910 7429
8911 7851
8912 6083
8913 7619
8914 6384
8915 7853
8916 6950
8917 7240
8918 7480
8919 6167
8920 6874
8921 6983
8922 7237
8923 6439
8924 7849
8925 6800
8926 6795
8927 6036
8928 7462
8929 6857
8930 7807
8931 6147
8932 6645
8933 7813
8934 6812
8935 7988
8936 6563
8937 7340
8938 6146
8939 6743
8940 6681
8941 6484
8942 6624
8943 6913
8944 6471
8945 7784
8946 7079
8947 7320
8948 6924
8949 6922
8950 6990
8951 6751
8952 6376
8953 7654
8954 6001
8955 6698
8956 7779
8957 6312
8958 7680
8959 7689
8960 7981
8961 7343
8962 7869
8963 7419
8964 7171
8965 7464
8966 7219
8967 7610
8968 6392
8969 7876
8970 6432
8971 7744
8972 7746
8973 7515
8974 7176
8975 6803
8976 7908
8977 7375
8978 6962
8979 6423
8980 7772
8981 7490
8982 7027
8983 7248
8984 6974
8985 7447
8986 7762
8987 7227
8988 7701
8989 6882
8990 6020
8991 7744
8992 7848
8993 6680
8994 6552
8995 6721
8996 7007
8997 6433
8998 6764
8999 7188
9000 7700
9001 7181
9002 7499
9003 7660
9004 7928
9005 7867
9006 6993
9007 6274
9008 6956
9009 7200
9010 7540
9011 6492
9012 7231
9013 6887
9014 7010
9015 6906
9016 7628
9017 7679
9018 7404
9019 7773
9020 7124
9021 7453
9022 6392
9023 6741
9024 7740
9025 7156
9026 6032
9027 7647
9028 6115
9029 7500
9030 7166
9031 7297
9032 6265
9033 6344
9034 6147
9035 7029
9036 7365
9037 7715
9038 6282
9039 7272
9040 6785
9041 7930
9042 7911
9043 7837
9044 6725
9045 6422
9046 7880
9047 7668
9048 6602
9049 7331
9050 6297
9051 6688
9052 6907
9053 6669
9054 6136
9055 7492
9056 6134
9057 7912
9058 7715
9059 6134
9060 6341
9061 6859
9062 7170
9063 6795
9064 6194
9065 7899
9066 6935
9067 6965
9068 6960
9069 7918
9070 6541
9071 7133
9072 6182
9073 7433
9074 7202
9075 7565
9076 7276
9077 7976
9078 6716
9079 7565
9080 6059
9081 6286
9082 7305
9083 6780
9084 7258
9085 6631
9086 6230
9087 7242
9088 7003
9089 6091
9090 7575
9091 7760
9092 6544
9093 7671
9094 7251
9095 6013
9096 7669
9097 7288
9098 6186
9099 6236
9100 6989
9101 6054
9102 7911
9103 7890
9104 6138
9105 6753
9106 7533
9107 7709
9108 7480
9109 6727
9110 7960
9111 7061
9112 6165
9113 6380
9114 7829
9115 6935
9116 7771
9117 6323
9118 6835
9119 7837
9120 6655
9121 7006
9122 6652
9123 7033
9124 7887
9125 7308
9126 6595
9127 6665
9128 6939
9129 7330
9130 6502
9131 6350
9132 6458
9133 7563
9134 6867
9135 6332
9136 7081
9137 6453
9138 6470
9139 6449
9140 6493
9141 6337
9142 7737
9143 6637
9144 7059
9145 6695
9146 7015
9147 7012
9148 6123
9149 7056
9150 6269
9151 6212
9152 6893
9153 7169
9154 7060
9155 6537
9156 7294
9157 7171
9158 6607
9159 6409
9160 7186
9161 6558
9162 6194
9163 6148
9164 6379
9165 6185
9166 7215
9167 6919
9168 6395
9169 7570
9170 6845
9171 6868
9172 6659
9173 6772
9174 7493
9175 7409
9176 7288
9177 7713
9178 6581
9179 7458
9180 7655
9181 7526
9182 7542
9183 6270
9184 6704
9185 6336
9186 7021
9187 7817
9188 7043
9189 6041
9190 6405
9191 6939
9192 7374
9193 7375
9194 7367
9195 7728
9196 7881
9197 7469
9198 6640
9199 6689
9200 6906
9201 7190
9202 6756
9203 6053
9204 6850
9205 6124
9206 7999
9207 7101
9208 6357
9209 7146
9210 6135
9211 6301
9212 6506
9213 6373
9214 7055
9215 6601
9216 6288
9217 7450
9218 7440
9219 6005
9220 7973
9221 6675
9222 6640
9223 6945
9224 7203
9225 7267
9226 7985
9227 6230
9228 6830
9229 6915
9230 6686
9231 6330
9232 7596
9233 7673
9234 7790
9235 7105
9236 6865
9237 7708
9238 7653
9239 6162
9240 7747
9241 7709
9242 7849
9243 7356
9244 7124
9245 7959
9246 6741
9247 6469
9248 7201
9249 7195
9250 6111
9251 6310
9252 6940
9253 7476
9254 6029
9255 7790
9256 6111
9257 7839
9258 6825
9259 7770
9260 6720
9261 7243
9262 6390
9263 7241
9264 7337
9265 7268
9266 7846
9267 6248
9268 7240
9269 7112
9270 6291
9271 6756
9272 6677
9273 7109
9274 6890
9275 6471
9276 7166
9277 7507
9278 7522
9279 7058
9280 7717
9281 6570
9282 6208
9283 7271
9284 7176
9285 7357
9286 7050
9287 7306
9288 6666
9289 6023
9290 7418
9291 7257
9292 7476
9293 6091
9294 6304
9295 7409
9296 7483
9297 7653
9298 7618
9299 6213
9300 6049
9301 6675
9302 7717
9303 7913
9304 7690
9305 6406
9306 7658
9307 7412
9308 6503
9309 7346
9310 7554
9311 6962
9312 7154
9313 7386
9314 6391
9315 6707
9316 7724
9317 7618
9318 6413
9319 6290
9320 6992
9321 6024
9322 7014
9323 6229
9324 7417
9325 7889
9326 6200
9327 7191
9328 7874
9329 7962
9330 7810
9331 7717
9332 7299
9333 6757
9334 7877
9335 6236
9336 6185
9337 7803
9338 6866
9339 7852
9340 7919
9341 7959
9342 7733
9343 7009
9344 6509
9345 7634
9346 6789
9347 6888
9348 7297
9349 7115
9350 7113
9351 7695
9352 7797
9353 6802
9354 7649
9355 6484
9356 7458
9357 6465
9358 6511
9359 7158
9360 7094
9361 6889
9362 6413
9363 6835
9364 6001
9365 7178
9366 7794
9367 6054
9368 6574
9369 7377
9370 7274
9371 6017
9372 7209
9373 6712
9374 7398
9375 6983
9376 6677
9377 7583
9378 7058
9379 6081
9380 7174
9381 7938
9382 6499
9383 7885
9384 7608
9385 6395
9386 7762
9387 7737
9388 7663
9389 7130
9390 7347
9391 7405
9392 7567
9393 6410
9394 7547
9395 7120
9396 7411
9397 7279
9398 6518
9399 6062
9400 7095
9401 7600
9402 6460
9403 6754
9404 7236
9405 6366
9406 7468
9407 6026
9408 6009
9409 7586
9410 7532
9411 7759
9412 6084
9413 7577
9414 7689
9415 6403
9416 6741
9417 7171
9418 6085
9419 7782
9420 6451
9421 6875
9422 7059
9423 6722
9424 6471
9425 6743
9426 6438
9427 7240
9428 6608
9429 6848
9430 6216
9431 6061
9432 7823
9433 6584
9434 6600
9435 7576
9436 6666
9437 7441
9438 6926
9439 6829
9440 7544
9441 6821
9442 6860
9443 7072
9444 6242
9445 7808
9446 6122
9447 7058
9448 7767
9449 7677
9450 6038
9451 6441
9452 7508
9453 6020
9454 7378
9455 6327
9456 7491
9457 7391
9458 6290
9459 6055
9460 6443
9461 7130
9462 7395
9463 7523
9464 6162
9465 7393
9466 7680
9467 6173
9468 7985
9469 7213
9470 7502
9471 6228
9472 7361
9473 7046
9474 6261
9475 6965
9476 6177
9477 6831
9478 7988
9479 7748
9480 7207
9481 7515
9482 6599
9483 7940
9484 6022
9485 7315
9486 6458
9487 6420
9488 7023
9489 6273
9490 6233
9491 6455
9492 6181
9493 6426
9494 6044
9495 6826
9496 7354
9497 6550
9498 6372
9499 7836
9500 6313
9501 7310
9502 7386
9503 7432
9504 7544
9505 7532
9506 7923
9507 6792
9508 6320
9509 6041
9510 6584
9511 6509
9512 6813
9513 7764
9514 6759
9515 6047
9516 6995
9517 6336
9518 6408
9519 6633
9520 7865
9521 7896
9522 7608
9523 6939
9524 6648
9525 7956
9526 6549
9527 7991
9528 6896
9529 6435
9530 6371
9531 7985
9532 6524
9533 6111
9534 7833
9535 7398
9536 7697
9537 6229
9538 6285
9539 6018
9540 7489
9541 6632
9542 6978
9543 6635
9544 6969
9545 6370
9546 6940
9547 6633
9548 6504
9549 7730
9550 7255
9551 6874
9552 6352
9553 6777
9554 7104
9555 6208
9556 6193
9557 7664
9558 7420
9559 7773
9560 6774
9561 7560
9562 7865
9563 6704
9564 7972
9565 6299
9566 6556
9567 7788
9568 7420
9569 7998
9570 7965
9571 7162
9572 7066
9573 6929
9574 6385
9575 6290
9576 7988
9577 6175
9578 7960
9579 7513
9580 7233
9581 6256
9582 7292
9583 7047
9584 6999
9585 7913
9586 7695
9587 6851
9588 7270
9589 6787
9590 6962
9591 6097
9592 7871
9593 7858
9594 6719
9595 6680
9596 7218
9597 6843
9598 6096
9599 6382
9600 6083
9601 7502
9602 6568
9603 7616
9604 7590
9605 6620
9606 7192
9607 7016
9608 6024
9609 7304
9610 7294
9611 6333
9612 7590
9613 6522
9614 6061
9615 7420
9616 7333
9617 7914
9618 7828
9619 7811
9620 6114
9621 6021
9622 7514
9623 7984
9624 6325
9625 6340
9626 6757
9627 7501
9628 6791
9629 6470
9630 6292
9631 6259
9632 6065
9633 7527
9634 6339
9635 6772
9636 7790
9637 7140
9638 6844
9639 7783
9640 7065
9641 6095
9642 7388
9643 7156
9644 7945
9645 6433
9646 6670
9647 6264
9648 6506
9649 6829
9650 7397
9651 6739
9652 6493
9653 6263
9654 7696
9655 7876
9656 7411
9657 6102
9658 7137
9659 7371
9660 6783
9661 6789
9662 6566
9663 6054
9664 6679
9665 6129
9666 7378
9667 7352
9668 7955
9669 7899
9670 7047
9671 6151
9672 6204
9673 7708
9674 7804
9675 7847
9676 6631
9677 6023
9678 7138
9679 7619
9680 6094
9681 6073
9682 6485
9683 7706
9684 7028
9685 6119
9686 7831
9687 6171
9688 7161
9689 7872
9690 7947
9691 6325
9692 6793
9693 7333
9694 7782
9695 6686
9696 6369
9697 6644
9698 7252
9699 6873
9700 6841
9701 6489
9702 7332
9703 6279
9704 6911
9705 7294
9706 6816
9707 6467
9708 7284
9709 7823
9710 6126
9711 6838
9712 6002
9713 6313
9714 7050
9715 7601
9716 7834
9717 7731
9718 6614
9719 6986
9720 7892
9721 6872
9722 6277
9723 6869
9724 6161
9725 7016
9726 6942
9727 6100
9728 7188
9729 7370
9730 7441
9731 6231
9732 7919
9733 7894
9734 6517
9735 6212
9736 7285
9737 6719
9738 7765
9739 6706
9740 7180
9741 7242
9742 6582
9743 7642
9744 7599
9745 7508
9746 7550
9747 7612
9748 7089
9749 7861
9750 6275
9751 6348
9752 6497
9753 6959
9754 7705
9755 6714
9756 7661
9757 7364
9758 7809
9759 6254
9760 7693
9761 7401
9762 6357
9763 6652
9764 7976
9765 6380
9766 6924
9767 6169
9768 6419
9769 6733
9770 6322
9771 7790
9772 7715
9773 7633
9774 6934
9775 7062
9776 6288
9777 7959
9778 7542
9779 7692
9780 6623
9781 7925
9782 6875
9783 7937
9784 7697
9785 7762
9786 7716
9787 7644
9788 6941
9789 6447
9790 6160
9791 7944
9792 6936
9793 7855
9794 6627
9795 6437
9796 7740
9797 7708
9798 7864
9799 6474
9800 6037
9801 6608
9802 6286
9803 7634
9804 7732
9805 7285
9806 6443
9807 6596
9808 7014
9809 6838
9810 7756
9811 6903
9812 6119
9813 7771
9814 7470
9815 6344
9816 7309
9817 6334
9818 6068
9819 7723
9820 6996
9821 7447
9822 7741
9823 7188
9824 7394
9825 7290
9826 7063
9827 6745
9828 6570
9829 6566
9830 7285
9831 6391
9832 6763
9833 7221
9834 7663
9835 6341
9836 6674
9837 7538
9838 7450
9839 6810
9840 6202
9841 7902
9842 6301
9843 6644
9844 6360
9845 6670
9846 7498
9847 7378
9848 6130
9849 6354
9850 7158
9851 7925
9852 6410
9853 6956
9854 6359
9855 7610
9856 6156
9857 7656
9858 7776
9859 7288
9860 6185
9861 7422
9862 6503
9863 6607
9864 6248
9865 6061
9866 7857
9867 7924
9868 7443
9869 6771
9870 6324
9871 6150
9872 6079
9873 6228
9874 6272
9875 6181
9876 7440
9877 6247
9878 6949
9879 7347
9880 6813
9881 6944
9882 6426
9883 7286
9884 7368
9885 7982
9886 6033
9887 7192
9888 7182
9889 6158
9890 7557
9891 7271
9892 6222
9893 6857
9894 6319
9895 7869
9896 7076
9897 6455
9898 6745
9899 6629
9900 6040
9901 6173
9902 7237
9903 6136
9904 6128
9905 7517
9906 6560
9907 6648
9908 7559
9909 6910
9910 6374
9911 6793
9912 7413
9913 7933
9914 7919
9915 6049
9916 6637
9917 7672
9918 7190
9919 7726
9920 6644
9921 7924
9922 6888
9923 6556
9924 7246
9925 6310
9926 7739
9927 6242
9928 6931
9929 6023
9930 6598
9931 6731
9932 7161
9933 7869
9934 7617
9935 7561
9936 7695
9937 6026
9938 6838
9939 6780
9940 7386
9941 7178
9942 7733
9943 7492
9944 6306
9945 6372
9946 7302
9947 7651
9948 7288
9949 6878
9950 7390
9951 6814
9952 6156
9953 6468
9954 7264
9955 6916
9956 7331
9957 6598
9958 7552
9959 7246
9960 7599
9961 7039
9962 7373
9963 6604
9964 7229
9965 6428
9966 6803
9967 7794
9968 6758
9969 7110
9970 7971
9971 7897
9972 7148
9973 6352
9974 7195
9975 6604
9976 7454
9977 6506
9978 6908
9979 6157
9980 6492
9981 7079
9982 7997
9983 7876
9984 7985
9985 7759
9986 6326
9987 7121
9988 6866
9989 6847
9990 6418
9991 7118
9992 7419
9993 7142
9994 7090
9995 6506
9996 6796
9997 6700
9998 7121
9999 7771
8000 6772
8001 6147
8002 7380
8003 6249
8004 6656
8005 7948
8006 7642
8007 7128
8008 7721
8009 7846
8010 6593
8011 6291
8012 7474
8013 6111
8014 6687
8015 7552
8016 7024
8017 6816
8018 7270
8019 6296
8020 7157
8021 7125
8022 6450
8023 6339
8024 6473
8025 6443
8026 7421
8027 7528
8028 7652
8029 7399
8030 7987
8031 7995
8032 7391
8033 6590
8034 6808
8035 7101
8036 6627
8037 7745
8038 6796
8039 7422
8040 7337
8041 6200
8042 7030
8043 6792
8044 7020
8045 6709
8046 7613
8047 6149
8048 6337
8049 6650
8050 7007
8051 6821
8052 6692
8053 6950
8054 6613
8055 6517
8056 6234
8057 6868
8058 7379
8059 7133
8060 7084
8061 7739
8062 6210
8063 7978
8064 6122
8065 6277
8066 6059
8067 7773
8068 7539
8069 7355
8070 6020
8071 7140
8072 7901
8073 7712
8074 6671
8075 6494
8076 7823
8077 6130
8078 6012
8079 7616
8080 6759
8081 7015
8082 6219
8083 7746
8084 6230
8085 6931
8086 6538
8087 7850
8088 6019
8089 7897
8090 7928
8091 6201
8092 6191
8093 7920
8094 6348
8095 6335
8096 6753
8097 7221
8098 7089
8099 7228
8100 7284
8101 6579
8102 6533
8103 6391
8104 7334
8105 7989
8106 7906
8107 7371
8108 6607
8109 7632
8110 7110
8111 7503
8112 6133
8113 7754
8114 6428
8115 6361
8116 7606
8117 7387
8118 6008
8119 7040
8120 7572
8121 6961
8122 7511
8123 7013
8124 6238
8125 6781
8126 6081
8127 6823
8128 7374
8129 7352
8130 7248
8131 7930
8132 6460
8133 7931
8134 7742
8135 6822
8136 6504
8137 6034
8138 6247
8139 7873
8140 6267
8141 7146
8142 6132
8143 7915
8144 7056
8145 7511
8146 6344
8147 6913
8148 7084
8149 7798
8150 7146
8151 7394
8152 7554
8153 6554
8154 6588
8155 6468
8156 6177
8157 6809
8158 6949
8159 6697
8160 6055
8161 7644
8162 7371
8163 6715
8164 6670
8165 6435
8166 7105
8167 7999
8168 7146
8169 7794
8170 6281
8171 7639
8172 6852
8173 6522
8174 7053
8175 7387
8176 7828
8177 7136
8178 6089
8179 6717
8180 6640
8181 7677
8182 7310
8183 7330
8184 6153
8185 7552
8186 7474
8187 6008
8188 6594
8189 6349
8190 7088
8191 7590
6001 5265
6002 5240
6005 5622
6008 5349
6009 4771
6012 5895
6013 4535
6017 4648
6018 5385
6019 4635
6020 4328
6021 4151
6022 4623
6023 5668
6024 4490
6025 4871
6026 4176
6029 4961
6032 4032
6033 5375
6034 5329
6036 4804
6037 4811
6038 4820
6040 5787
6041 5837
6043 4956
6044 4867
6047 4900
6049 4483
6053 4780
6054 5164
6055 4801
6057 4413
6059 4161
6061 4567
6062 5279
6064 4929
6065 5926
6067 4289
6068 4100
6070 5384
6073 5390
6079 5308
6081 5065
6083 5169
6084 4285
6085 4350
6088 4994
6089 4474
6090 5102
6091 4549
6094 5800
6095 5796
6096 4306
6097 5134
6100 5083
6102 4576
6111 5197
6112 5498
6114 4156
6115 4798
6118 5279
6119 4149
6120 5487
6122 5370
6123 4133
6124 5036
6126 4876
6127 5967
6128 5617
6129 4718
6130 4188
6132 5887
6133 4586
6134 5420
6135 4386
6136 4112
6138 5973
6140 4197
6141 5411
6146 5217
6147 4048
6148 4408
6149 5277
6150 5755
6151 5579
6153 4641
6156 5556
6157 5910
6158 4911
6160 4790
6161 4902
6162 5660
6165 4429
6167 4754
6168 5513
6169 4268
6170 4121
6171 4318
6173 5774
6175 4376
6177 5908
6178 4048
6179 4273
6181 4480
6182 4971
6185 5421
6186 4191
6188 5465
6191 5728
6193 4915
6194 5889
6196 4371
6200 5786
6201 4505
6202 5266
6204 5017
6205 4288
6208 4440
6210 4530
6211 5733
6212 4335
6213 4547
6215 5724
6216 4247
6218 5409
6219 4569
6220 4364
6221 4564
6222 5594
6228 4637
6229 5198
6230 5134
6231 5067
6232 5776
6233 5270
6234 4327
6236 4488
6238 5086
6242 4783
6243 5423
6245 5242
6246 5504
6247 4132
6248 4218
6249 4566
6253 4624
6254 5674
6256 5839
6258 4239
6259 4597
6260 4466
6261 5753
6263 4433
6264 5510
6265 5695
6267 4213
6268 5412
6269 4801
6270 5592
6272 5488
6273 4822
6274 5550
6275 5828
6277 4943
6278 4759
6279 5838
6281 4528
6282 4390
6285 5283
6286 4811
6288 4206
6290 4371
6291 4140
6292 4101
6296 5978
6297 4795
6299 5808
6301 4351
6302 4615
6304 4303
6306 4094
6307 5329
6310 5003
6311 5747
6312 5529
6313 5203
6314 4467
6316 4918
6318 4523
6319 4136
6320 4052
6322 4920
6323 5696
6324 4437
6325 5929
6326 4069
6327 5919
6330 5342
6331 5489
6332 5671
6333 4454
6334 5197
6335 4529
6336 5631
6337 5102
6339 4541
6340 5027
6341 4026
6344 5379
6348 4023
6349 5192
6350 5753
6351 4112
6352 5350
6353 4184
6354 5455
6355 5690
6356 4114
6357 4518
6359 5011
6360 5055
6361 5513
6363 5672
6366 5024
6367 5652
6369 4375
6370 5797
6371 5904
6372 5135
6373 5781
6374 4840
6375 5885
6376 5017
6378 4390
6379 5708
6380 5999
6382 5207
6384 4243
6385 4411
6388 4742
6390 5177
6391 4391
6392 4974
6393 4765
6395 5870
6401 5586
6402 4644
6403 5434
6405 4049
6406 5824
6408 4135
6409 5049
6410 5102
6413 4545
6418 4621
6419 5243
6420 4902
6422 5206
6423 5163
6424 5391
6426 4045
6427 5844
6428 5085
6431 4661
6432 5965
6433 4036
6435 4235
6437 5334
6438 4850
6439 4096
6441 5646
6442 4613
6443 4912
6447 4974
6449 5634
6450 5152
6451 4491
6452 5720
6453 5671
6455 5733
6458 4735
6459 5359
6460 5794
6464 4910
6465 5768
6467 4147
6468 4829
6469 4549
6470 4836
6471 4356
6472 5930
6473 5594
6474 4000
6482 5040
6483 5418
6484 4338
6485 4797
6486 5087
6489 4935
6491 4481
6492 4428
6493 5422
6494 4591
6497 4015
6499 4842
6501 5980
6502 5131
6503 4027
6504 4334
6505 4345
6506 4716
6508 5570
6509 5405
6511 5656
6514 5158
6516 5827
6517 4326
6518 4144
6521 4617
6522 4767
6523 5031
6524 5655
6525 4498
6527 4599
6531 5860
6533 4661
6536 4645
6537 5703
6538 5756
6539 5846
6541 4107
6544 4523
6545 5362
6549 5905
6550 5809
6551 4658
6552 4811
6554 5294
6556 4422
6558 4297
6560 4119
6563 5940
6565 5509
6566 5372
6568 4992
6570 4065
6571 4994
6574 5116
6575 5434
6578 5035
6579 5078
6581 5015
6582 5398
6584 4593
6585 4062
6588 5940
6590 5605
6593 5518
6594 4340
6595 5612
6596 4492
6598 4946
6599 4045
6600 5365
6601 4262
6602 5214
6603 4539
6604 4301
6606 5717
6607 5935
6608 4454
6609 4975
6611 5321
6613 5353
6614 5204
6615 5277
6617 5968
6618 5886
6620 5029
6621 4941
6623 4998
6624 4923
6625 4307
6627 4390
6629 5981
6631 4790
6632 5397
6633 5761
6635 5841
6636 4841
6637 4922
6638 5775
6640 5011
6642 5767
6644 4650
6645 5425
6646 5565
6648 4596
6649 5310
6650 5921
6651 4071
6652 4248
6655 5672
6656 4961
6659 4193
6662 5407
6663 5038
6665 4885
6666 4155
6667 4519
6669 4720
6670 4060
6671 5122
6673 5735
6674 5865
6675 5641
6677 5292
6679 4903
6680 4187
6681 5091
6683 5701
6686 5460
6687 5817
6688 5025
6689 5402
6692 4271
6695 5120
6696 5588
6697 5306
6698 4742
6700 5059
6704 4171
6706 4787
6707 5823
6709 5275
6712 4432
6713 5669
6714 4748
6715 5408
6716 5072
6717 4035
6719 5476
6720 4902
6721 5881
6722 5832
6725 5747
6727 5612
6731 5843
6733 5723
6739 4350
6741 4641
6742 4444
6743 4927
6745 5516
6746 4845
6749 4586
6751 5079
6752 4804
6753 4165
6754 5332
6755 4692
6756 5227
6757 5242
6758 4635
6759 4023
6763 5013
6764 4480
6767 4412
6768 4141
6769 4909
6771 4045
6772 4028
6774 4076
6777 5622
6780 5376
6781 5497
6783 4709
6785 4112
6787 5013
6788 5132
6789 5016
6791 5989
6792 4680
6793 5508
6795 4964
6796 4122
6798 5050
6800 5776
6802 5171
6803 4578
6808 5379
6809 5846
6810 4418
6812 4395
6813 5783
6814 4764
6815 4184
6816 4648
6819 5458
6821 4132
6822 4944
6823 4433
6825 5844
6826 5872
6827 4818
6829 5346
6830 5313
6831 4223
6834 5506
6835 4095
6836 4773
6837 5819
6838 5459
6840 4589
6841 4557
6843 4090
6844 4832
6845 4099
6847 5591
6848 5630
6850 4076
6851 5164
6852 5691
6853 5596
6857 4008
6859 4312
6860 5910
6861 5630
6862 5784
6863 5311
6865 5748
6866 5721
6867 4734
6868 4452
6869 4957
6872 5271
6873 4027
6874 5231
6875 4044
6877 4762
6878 5882
6880 5080
6881 4371
6882 5458
6884 5078
6887 5272
6888 5595
6889 5571
6890 4444
6893 4512
6896 4658
6897 4534
6898 4038
6900 5053
6901 5035
6903 5222
6906 5971
6907 4198
6908 5399
6910 4078
6911 4019
6913 4047
6915 5600
6916 4077
6919 4394
6922 4551
6924 5855
6925 4655
6926 5266
6928 4712
6929 4681
6931 4529
6933 4448
6934 5687
6935 4012
6936 4475
6939 4662
6940 4465
6941 4628
6942 5637
6944 5644
6945 5622
6949 5110
6950 5773
6955 4581
6956 4437
6958 4825
6959 4325
6960 5781
6961 4550
6962 4841
6965 4169
6967 5519
6969 4454
6974 5877
6978 4697
6980 4528
6983 5729
6986 4972
6988 4186
6989 5091
6990 4680
6992 5035
6993 4938
6995 4965
6996 4235
6997 4108
6999 4446
7003 5651
7005 4257
7006 5666
7007 5550
7008 5290
7009 4633
7010 5263
7012 4505
7013 4955
7014 4944
7015 5249
7016 4580
7019 5885
7020 5215
7021 5477
7022 4611
7023 4239
7024 4357
7026 5274
7027 4608
7028 5116
7029 4726
7030 4373
7031 4959
7032 5603
7033 5060
7034 5540
7035 4071
7036 5467
7038 4659
7039 5181
7040 5354
7043 5454
7045 5406
7046 4501
7047 5444
7049 4695
7050 4493
7051 5593
7053 4995
7055 4095
7056 5908
7058 4444
7059 4229
7060 4388
7061 5638
7062 5830
7063 4879
7065 4610
7066 4641
7070 4957
7071 4910
7072 5486
7073 4794
7076 5603
7077 4371
7079 5983
7081 4344
7084 4006
7085 4023
7087 5324
7088 4788
7089 5767
7090 5962
7094 5053
7095 5772
7096 5647
7098 4573
7099 4984
7100 4119
7101 5177
7104 4702
7105 5457
7109 5247
7110 4791
7111 5477
7112 4268
7113 4521
7114 5262
7115 4965
7118 5867
7120 5237
7121 5687
7124 5976
7125 4632
7126 5049
7127 4733
7128 4910
7130 5038
7133 5416
7136 5906
7137 4375
7138 5243
7140 4573
7141 4230
7142 5166
7146 5979
7148 4037
7150 5210
7151 5395
7154 4923
7155 4344
7156 4383
7157 4059
7158 5907
7159 5548
7161 5704
7162 4513
7166 4503
7169 4678
7170 4007
7171 4423
7174 5123
7175 4222
7176 4229
7177 5191
7178 5833
7180 5690
7181 5058
7182 4070
7184 4308
7185 4200
7186 5618
7188 4794
7190 5136
7191 4694
7192 4275
7195 4897
7196 4663
7200 5392
7201 5675
7202 5718
7203 4164
7207 4481
7209 4290
7210 5198
7212 4707
7213 5404
7214 4871
7215 5211
7218 5898
7219 5951
7221 4869
7223 5130
7227 5838
7228 4541
7229 4753
7230 5963
7231 4390
7232 5826
7233 4553
7236 4947
7237 5394
7238 4130
7239 5035
7240 4743
7241 5756
7242 4165
7243 4412
7245 5709
7246 5540
7247 5029
7248 4089
7251 5100
7252 4595
7255 5034
7257 4998
7258 4988
7259 5387
7260 4383
7262 4626
7264 4921
7267 4847
7268 5312
7269 4752
7270 4998
7271 5449
7272 5812
7274 5250
7275 5659
7276 5198
7279 4157
7280 5265
7282 4882
7283 4011
7284 5911
7285 5621
7286 5852
7287 4207
7288 5017
7290 5000
7292 5504
7294 4118
7297 4022
7299 5645
7300 5362
7302 4524
7304 5940
7305 4560
7306 5852
7308 4554
7309 4535
7310 5656
7314 5565
7315 5225
7317 5994
7320 5100
7321 4280
7325 4922
7326 5870
7328 4489
7330 5167
7331 5170
7332 5671
7333 4823
7334 5501
7337 5132
7340 4441
7343 4966
7344 4882
7346 5179
7347 4623
7349 5349
7350 4694
7352 5648
7353 4611
7354 4270
7355 4828
7356 4228
7357 4708
7361 5752
7363 4252
7364 5026
7365 5106
7367 5243
7368 5622
7369 5909
7370 5630
7371 4297
7373 4433
7374 5234
7375 5656
7376 5280
7377 5079
7378 4327
7379 5598
7380 5737
7384 4488
7386 4408
7387 4469
7388 4426
7389 4363
7390 4856
7391 5173
7393 4916
7394 5335
7395 4652
7397 5979
7398 5509
7399 5308
7401 4624
7404 4102
7405 5219
7406 4401
7409 5682
7411 5594
7412 5859
7413 5234
7417 4757
7418 5185
7419 5174
7420 4084
7421 5218
7422 4528
7424 4525
7426 4050
7427 5718
7429 4300
7432 5347
7433 4697
7440 4440
7441 5980
7443 5690
7445 4692
7447 5089
7448 5918
7449 4315
7450 5840
7453 4740
7454 4898
7457 5888
7458 5797
7459 4233
7462 5798
7464 5392
7465 4792
7468 4875
7469 4353
7470 5102
7471 4397
7474 5098
7476 5841
7477 4381
7480 4708
7483 5238
7484 5729
7485 5055
7489 5559
7490 5111
7491 4005
7492 5796
7493 4305
7494 5061
7497 5151
7498 5233
7499 4188
7500 4916
7501 4529
7502 4969
7503 5082
7506 5629
7507 5627
7508 5145
7511 4755
7512 5799
7513 4292
7514 4580
7515 4344
7517 4715
7520 4856
7522 4045
7523 5178
7525 5946
7526 4665
7527 5616
7528 4152
7531 5060
7532 5190
7533 5906
7536 4130
7537 4157
7538 5188
7539 4053
7540 5086
7542 4468
7544 4763
7547 4925
7550 4712
7551 4416
7552 5883
7554 4638
7557 5831
7558 5142
7559 5498
7560 4480
7561 5467
7563 5962
7565 5983
7566 5377
7567 4887
7570 4862
7571 5020
7572 5685
7573 4541
7575 5984
7576 4869
7577 4743
7579 5722
7582 5713
7583 5311
7584 5667
7586 5747
7590 4234
7592 5221
7595 4748
7596 5826
7599 5679
7600 4159
7601 4363
7606 5598
7607 4906
7608 4029
7610 5237
7612 5280
7613 5292
7615 5396
7616 5452
7617 5536
7618 5222
7619 4043
7624 4318
7625 4536
7628 4516
7630 5798
7632 5356
7633 5237
7634 5872
7639 5686
7640 5236
7641 5661
7642 4387
7643 4276
7644 4202
7647 4634
7649 5185
7651 4709
7652 4287
7653 4172
7654 5244
7655 5611
7656 5020
7658 4391
7660 4624
7661 4784
7663 4638
7664 5996
7665 4472
7668 5540
7669 5525
7671 4679
7672 5322
7673 5088
7677 4494
7678 5368
7679 4410
7680 5081
7688 5029
7689 5723
7690 5862
7691 4461
7692 4733
7693 5718
7695 4780
7696 4662
7697 4151
7700 4111
7701 5491
7703 4426
7705 4123
7706 5980
7707 4410
7708 5505
7709 5219
7710 4117
7712 5800
7713 5554
7715 5695
7716 4490
7717 4307
7719 5509
7720 5163
7721 5990
7722 4714
7723 5174
7724 5821
7726 5895
7727 5357
7728 5487
7730 4897
7731 5725
7732 5691
7733 4323
7734 4839
7736 5114
7737 5606
7739 5784
7740 4803
7741 5506
7742 5625
7744 4046
7745 4307
7746 4236
7747 4371
7748 5545
7749 5146
7751 4498
7752 5737
7754 5433
7756 4418
7757 5912
7759 4084
7760 5867
7762 4593
7764 4755
7765 4568
7767 4472
7770 4436
7771 4666
7772 5875
7773 5224
7776 4017
7779 5143
7780 4265
7781 5736
7782 4244
7783 4814
7784 4255
7788 4708
7790 4878
7794 4935
7795 5133
7796 5589
7797 4207
7798 5328
7803 5004
7804 4275
7807 5592
7808 5151
7809 4729
7810 4545
7811 5965
7813 4942
7817 4295
7821 4663
7823 5397
7825 5188
7827 4462
7828 5535
7829 4466
7831 4972
7833 4110
7834 5685
7836 5721
7837 5678
7839 5968
7843 5519
7845 5959
7846 4426
7847 4102
7848 4194
7849 5748
7850 4764
7851 4157
7852 4913
7853 5132
7855 5794
7856 4225
7857 4309
7858 5475
7861 5321
7864 5741
7865 5416
7867 4398
7869 4385
7871 5588
7872 4529
7873 5425
7874 5591
7875 5307
7876 4595
7877 4032
7879 5988
7880 5327
7881 4382
7884 5257
7885 5776
7887 5272
7888 4228
7889 5899
7890 5839
7892 4007
7894 5991
7896 5978
7897 5764
7899 4356
7900 5020
7901 5550
7902 4958
7904 4578
7906 5859
7908 5459
7909 5631
7910 4754
7911 5554
7912 4023
7913 4749
7914 4336
7915 4304
7916 5521
7918 4035
7919 5635
7920 4184
7922 5865
7923 4557
7924 5990
7925 4943
7928 4566
7929 4540
7930 5781
7931 5938
7933 4502
7935 5657
7937 5616
7938 5527
7940 4005
7941 4766
7944 4745
7945 5717
7947 5741
7948 4608
7954 4664
7955 4635
7956 4351
7957 4182
7959 4120
7960 4288
7961 5404
7962 4763
7965 5825
7970 4703
7971 4964
7972 5613
7973 5253
7976 4220
7978 4482
7981 5671
7982 4777
7983 5188
7984 5651
7985 4824
7986 5206
7987 4495
7988 4079
7989 5931
7991 4671
7995 5395
7997 4629
7998 5239
7999 4811
4096 3351
4099 3320
4100 2137
4101 3120
4102 2687
4107 3638
4108 3352
4110 3910
4111 2502
4112 3795
4114 3490
4117 2598
4118 2149
4119 2760
4120 2112
4121 2015
4122 3586
4123 3063
4130 3276
4132 2820
4133 3045
4135 3864
4136 3296
4140 2141
4141 3812
4144 3274
4147 3349
4149 2331
4151 3074
4152 2948
4155 3288
4156 3221
4157 2071
4159 2066
4161 3752
4164 3355
4165 3640
4169 3876
4171 3566
4172 2958
4176 3246
4182 2241
4184 3696
4186 3552
4187 3338
4188 2888
4191 3021
4193 2241
4194 3910
4197 3138
4198 2876
4200 2283
4202 2665
4206 2116
4207 2198
4213 3265
4218 2857
4220 2423
4222 3878
4223 3209
4225 2522
4228 3674
4229 2828
4230 2582
4233 3409
4234 3024
4235 3624
4236 3129
4239 3287
4243 3462
4244 2188
4247 3941
4248 2961
4252 2007
4255 2161
4257 2034
4262 3275
4265 3926
4268 3017
4270 2221
4271 2359
4273 2635
4275 2974
4276 2663
4280 3325
4285 2092
4287 3306
4288 3545
4289 2446
4290 3191
4292 2764
4295 2614
4297 2061
4300 2252
4301 3336
4303 2937
4304 3750
4305 2171
4306 2851
4307 2847
4308 3810
4309 2068
4312 2082
4315 3310
4318 3079
4323 3722
4325 3183
4326 3175
4327 3883
4328 3695
4334 2451
4335 2745
4336 3720
4338 2338
4340 2659
4344 3417
4345 2335
4350 3607
4351 2500
4353 3961
4356 3051
4357 2814
4363 2387
4364 2435
4371 2481
4373 3283
4375 3262
4376 2636
4381 2424
4382 2391
4383 3755
4385 2031
4386 3847
4387 3745
4388 2881
4390 3906
4391 2822
4394 3099
4395 2671
4397 2314
4398 3031
4401 2172
4408 3592
4410 2050
4411 3193
4412 2102
4413 3715
4416 3929
4418 3985
4422 3179
4423 2472
4426 3120
4428 3503
4429 2876
4432 3328
4433 3998
4436 3444
4437 3597
4440 2037
4441 3102
4444 2782
4446 3073
4448 2956
4452 3677
4454 3323
4461 2543
4462 3565
4465 2645
4466 2207
4467 2885
4468 2676
4469 2064
4472 2869
4474 3735
4475 2134
4480 2259
4481 2920
4482 3895
4483 2135
4488 2303
4489 3761
4490 3762
4491 2742
4492 2860
4493 2679
4494 2751
4495 3812
4498 2494
4501 3448
4502 2410
4503 2332
4505 3770
4512 2603
4513 2477
4516 2060
4518 3801
4519 3112
4521 3102
4523 2840
4524 3004
4525 3595
4528 3841
4529 2858
4530 3599
4534 3987
4535 3284
4536 3929
4539 3429
4540 2576
4541 2879
4545 3224
4547 3918
4549 2358
4550 3916
4551 3960
4553 3629
4554 3318
4557 3954
4560 2567
4564 2313
4566 3600
4567 3763
4568 2474
4569 2866
4573 2898
4576 2431
4578 2393
4580 2183
4581 3823
4586 3680
4589 3021
4591 3172
4593 3118
4595 2327
4596 2212
4597 3867
4599 2558
4608 2081
4610 2601
4611 2675
4613 3414
4615 3491
4617 3333
4621 2010
4623 2615
4624 2422
4626 2808
4628 3657
4629 2035
4632 2212
4633 2387
4634 2766
4635 3041
4637 2107
4638 2216
4641 2445
4644 3084
4645 2516
4648 2133
4650 3527
4652 2444
4655 2871
4658 3256
4659 3898
4661 3286
4662 2036
4663 3402
4664 3182
4665 2897
4666 3782
4671 2711
4678 3028
4679 2770
4680 2129
4681 2010
4692 3516
4694 3862
4695 3392
4697 2803
4702 2966
4703 3679
4707 3420
4708 3573
4709 3161
4712 2614
4714 3245
4715 2176
4716 3026
4718 3974
4720 3486
4726 3724
4729 2574
4733 2847
4734 3440
4735 2516
4740 3118
4742 2947
4743 2843
4745 2073
4748 3916
4749 3439
4752 2855
4753 3233
4754 2655
4755 2200
4757 3124
4759 3866
4762 2661
4763 3805
4764 3066
4765 3128
4766 3595
4767 2462
4771 3417
4773 3821
4777 3170
4780 3799
4783 2490
4784 3257
4787 3622
4788 2013
4790 2231
4791 2580
4792 3313
4794 2458
4795 2687
4797 2367
4798 2886
4801 3519
4803 2573
4804 3783
4811 2259
4814 3270
4818 3341
4820 3887
4822 3846
4823 2007
4824 3142
4825 2821
4828 3120
4829 3401
4832 3786
4836 2507
4839 2445
4840 2366
4841 2177
4842 2048
4845 3542
4847 2494
4850 3642
4856 2684
4862 3048
4867 3130
4869 2505
4871 3557
4875 3448
4876 3059
4878 3631
4879 2629
4882 2265
4885 3581
4887 3720
4897 3410
4898 2887
4900 2226
4902 3675
4903 3453
4906 3250
4909 3888
4910 2332
4911 2279
4912 2246
4913 2776
4915 2552
4916 3994
4918 3339
4920 3104
4921 2359
4922 2984
4923 2940
4925 2520
4927 3872
4929 2710
4935 2274
4938 2435
4941 2522
4942 2675
4943 2045
4944 3356
4946 3230
4947 3900
4955 2959
4956 3675
4957 3201
4958 3963
4959 2617
4961 2126
4964 3777
4965 3480
4966 3263
4969 3436
4971 2522
4972 3324
4974 2192
4975 3650
4984 3103
4988 3113
4992 3220
4994 3936
4995 2698
4998 2160
5000 3844
5003 3405
5004 3450
5011 2160
5013 3276
5015 3868
5016 2726
5017 2851
5020 2541
5024 3825
5025 3573
5026 3724
5027 2352
5029 3379
5031 3525
5034 3234
5035 2372
5036 2985
5038 3110
5040 3667
5049 3386
5050 3494
5053 2327
5055 2957
5058 2671
5059 3001
5060 2436
5061 3723
5065 3635
5067 2976
5072 2831
5078 2144
5079 3369
5080 3109
5081 2147
5082 2782
5083 3359
5085 3545
5086 3881
5087 2714
5088 2727
5089 2673
5091 3436
5098 3427
5100 3133
5102 2608
5106 2631
5110 2920
5111 2353
5114 3343
5116 3357
5120 2990
5122 2894
5123 2871
5130 2308
5131 2668
5132 3904
5133 2818
5134 3985
5135 3313
5136 3196
5142 2380
5143 3576
5145 3055
5146 3853
5151 2159
5152 2642
5158 2166
5163 3801
5164 3903
5166 2603
5167 2959
5169 2917
5170 2483
5171 3405
5173 2141
5174 2231
5177 3853
5178 2476
5179 2917
5181 3941
5185 3985
5188 2607
5190 3942
5191 2667
5192 3827
5197 2689
5198 2000
5203 3693
5204 2953
5206 3534
5207 3301
5210 2849
5211 2992
5214 2921
5215 3273
5217 3868
5218 2138
5219 3803
5221 2369
5222 3133
5224 3071
5225 3967
5227 2374
5231 3884
5233 3270
5234 2511
5236 3053
5237 2136
5238 3339
5239 3525
5240 2592
5242 2172
5243 3586
5244 3483
5247 2073
5249 3827
5250 2283
5253 3675
5257 3688
5262 2532
5263 2006
5265 2997
5266 3296
5270 3489
5271 3188
5272 3467
5274 3256
5275 3205
5277 3675
5279 2332
5280 3852
5283 2590
5290 3973
5292 2390
5294 3985
5306 2898
5307 3374
5308 2975
5310 2311
5311 3529
5312 2554
5313 2324
5321 3481
5322 3828
5324 2371
5327 2216
5328 2930
5329 3518
5332 3839
5334 2435
5335 2774
5342 3299
5346 2846
5347 3403
5349 3195
5350 2321
5353 2404
5354 3305
5356 2997
5357 3956
5359 3202
5362 2029
5365 3910
5368 2869
5370 2704
5372 3555
5375 3177
5376 2061
5377 2268
5379 3507
5384 3372
5385 2098
5387 2034
5390 2879
5391 2193
5392 3241
5394 2702
5395 3634
5396 3855
5397 2848
5398 2035
5399 2313
5402 2419
5404 2462
5405 3706
5406 2130
5407 2035
5408 3420
5409 2808
5411 2842
5412 2544
5416 3279
5418 3516
5420 2206
5421 3129
5422 2615
5423 2774
5425 3132
5433 2250
5434 2979
5444 3030
5449 2353
5452 2669
5454 2985
5455 2882
5457 3417
5458 2339
5459 2637
5460 2064
5465 2715
5467 3836
5475 3247
5476 2545
5477 2071
5486 2836
5487 2116
5488 2749
5489 3905
5491 3234
5497 2550
5498 2164
5501 3817
5504 2413
5505 3489
5506 2722
5508 3029
5509 2783
5510 3810
5513 3462
5516 3744
5518 3585
5519 2801
5521 3957
5525 3364
5527 2535
5529 2213
5535 2483
5536 2057
5540 3916
5545 2837
5548 2415
5550 2087
5554 2675
5556 2552
5559 2777
5565 3905
5570 2300
5571 3090
5579 3035
5586 3165
5588 3834
5589 2977
5591 2656
5592 3417
5593 3301
5594 3033
5595 2574
5596 3345
5598 3041
5600 2307
5603 3276
5605 3900
5606 2290
5611 3504
5612 3312
5613 3235
5616 2310
5617 3488
5618 3872
5621 2184
5622 3015
5625 3883
5627 3614
5629 2694
5630 2069
5631 3546
5634 2775
5635 3865
5637 2021
5638 3347
5641 2428
5644 3907
5645 2509
5646 3840
5647 3323
5648 3117
5651 2475
5652 2665
5655 3114
5656 3424
5657 2227
5659 3064
5660 3119
5661 3295
5666 3924
5667 2444
5668 3999
5669 2860
5671 3815
5672 2192
5674 3075
5675 3587
5678 3387
5679 2143
5682 3024
5685 2910
5686 2985
5687 2187
5690 3215
5691 2715
5695 3938
5696 2646
5701 2677
5703 3851
5704 2952
5708 2638
5709 2986
5713 3317
5717 3698
5718 3114
5720 3362
5721 2226
5722 2850
5723 3241
5724 2185
5725 2311
5728 3547
5729 2794
5733 2617
5735 2676
5736 2293
5737 2869
5741 2883
5747 2282
5748 3965
5752 2704
5753 2824
5755 3260
5756 2344
5761 3692
5764 3232
5767 3753
5768 2040
5772 2483
5773 3743
5774 2568
5775 3377
5776 3509
5781 2923
5783 2106
5784 3695
5786 3374
5787 2142
5794 2984
5796 2746
5797 2341
5798 2822
5799 2650
5800 2502
5808 2430
5809 2444
5812 3121
5817 3252
5819 2947
5821 2638
5823 2601
5824 2913
5825 3944
5826 3032
5827 2535
5828 2415
5830 2538
5831 2895
5832 2103
5833 3330
5837 3560
5838 2009
5839 3145
5840 3962
5841 3219
5843 2900
5844 2202
5846 2364
5852 3222
5855 3544
5859 2772
5860 2791
5862 3320
5865 3422
5867 2736
5870 2257
5872 2722
5875 2047
5877 3365
5881 2168
5882 2227
5883 2644
5885 3056
5886 2400
5887 3652
5888 2017
5889 2366
5895 3460
5898 2106
5899 3303
5904 2904
5905 3588
5906 2944
5907 2068
5908 2267
5909 2218
5910 3067
5911 3688
5912 3965
5918 2040
5919 3038
5921 2095
5926 3220
5929 3773
5930 3705
5931 3865
5935 2914
5938 3136
5940 2727
5946 2648
5951 2367
5959 2108
5962 2613
5963 2814
5965 3993
5967 3511
5968 3066
5971 2549
5973 3612
5976 2356
5978 2874
5979 2436
5980 3915
5981 3758
5983 2059
5984 3886
5988 3342
5989 2470
5990 2427
5991 3205
5994 3725
5996 2548
5999 3242
4000 2008
4005 3527
4006 2847
4007 3833
4008 2816
4011 2943
4012 2719
4015 2862
4017 2199
4019 2891
4022 2294
4023 2458
4026 3070
4027 3156
4028 3786
4029 2807
4032 2843
4035 3490
4036 2274
4037 2014
4038 3882
4043 3360
4044 2769
4045 2830
4046 2709
4047 3187
4048 2399
4049 3663
4050 3563
4052 3258
4053 3346
4059 2657
4060 3452
4062 3098
4065 2707
4069 2458
4070 2586
4071 3963
4076 3793
4077 3708
4078 2191
4079 2953
4084 3150
4089 2071
4090 3167
4094 3975
4095 2583
2048 1817
2050 919
2057 1656
2059 1239
2060 1885
2061 1848
2064 1563
2066 1217
2068 395
2069 1251
2071 1995
2073 1523
2081 473
2082 1677
2087 1959
2092 1372
2095 731
2098 1993
2102 1118
2103 488
2106 1822
2107 1092
2108 20
2112 206
2116 668
2126 708
2129 834
2130 1765
2133 1578
2134 1935
2135 392
2136 239
2137 1999
2138 930
2141 896
2142 938
2143 745
2144 1746
2147 2
2149 1543
2159 1993
2160 1665
2161 301
2164 272
2166 1506
2168 1980
2171 1681
2172 1796
2176 1508
2177 1182
2183 584
2184 1200
2185 1346
2187 1364
2188 1029
2191 424
2192 582
2193 1572
2198 417
2199 1041
2200 986
2202 30
2206 1146
2207 1762
2212 1122
2213 636
2216 1334
2218 466
2221 1193
2226 1404
2227 1018
2231 197
2241 1710
2246 859
2250 1865
2252 1102
2257 758
2259 196
2265 1107
2267 1319
2268 1879
2274 691
2279 1155
2282 1949
2283 1161
2290 1914
2293 1774
2294 1819
2300 1862
2303 1190
2307 1299
2308 1145
2310 1638
2311 867
2313 1422
2314 1442
2321 1019
2324 169
2327 761
2331 1392
2332 1052
2335 633
2338 83
2339 1346
2341 1457
2344 1256
2352 229
2353 1723
2356 1887
2358 387
2359 1339
2364 1570
2366 1016
2367 1727
2369 1940
2371 1814
2372 837
2374 1715
2380 1130
2387 1549
2390 1906
2391 265
2393 919
2399 289
2400 1988
2404 848
2410 1230
2413 1015
2415 1652
2419 354
2422 161
2423 1699
2424 920
2427 1122
2428 1054
2430 936
2431 1746
2435 220
2436 1310
2444 1355
2445 165
2446 1085
2451 870
2458 1184
2462 1461
2470 203
2472 866
2474 1390
2475 204
2476 1222
2477 1575
2481 1621
2483 1527
2490 323
2494 1414
2500 748
2502 1618
2505 1710
2507 914
2509 1400
2511 1723
2516 1892
2520 1715
2522 1629
2532 762
2535 1127
2538 956
2541 1150
2543 446
2544 38
2545 1034
2548 799
2549 269
2550 1151
2552 717
2554 937
2558 424
2567 51
2568 345
2573 612
2574 1725
2576 177
2580 210
2582 1199
2583 1787
2586 422
2590 1099
2592 1431
2598 1731
2601 148
2603 604
2607 261
2608 1671
2613 506
2614 903
2615 462
2617 1243
2629 606
2631 536
2635 1723
2636 721
2637 82
2638 435
2642 499
2644 1512
2645 521
2646 1976
2648 106
2650 951
2655 1429
2656 1712
2657 1494
2659 467
2661 169
2663 569
2665 1403
2667 1391
2668 897
2669 1502
2671 63
2673 1396
2675 502
2676 1491
2677 952
2679 707
2684 1633
2687 31
2689 53
2694 1787
2698 473
2702 354
2704 1883
2707 1783
2709 1237
2710 1546
2711 182
2714 665
2715 1640
2719 371
2722 1967
2726 1563
2727 119
2736 289
2742 288
2745 1005
2746 666
2749 1064
2751 1503
2760 159
2764 1754
2766 1139
2769 1183
2770 1497
2772 781
2774 298
2775 1250
2776 1933
2777 833
2782 1625
2783 1250
2791 1993
2794 202
2801 1326
2803 1532
2807 1916
2808 1519
2814 459
2816 1943
2818 1925
2820 1767
2821 1978
2822 698
2824 1489
2828 1198
2830 1424
2831 1982
2836 155
2837 1555
2840 1143
2842 105
2843 1050
2846 923
2847 1308
2848 1895
2849 1136
2850 662
2851 1794
2855 1466
2857 1496
2858 307
2860 1214
2862 647
2866 840
2869 57
2871 1764
2874 1278
2876 1386
2879 44
2881 364
2882 390
2883 1936
2885 119
2886 1136
2887 505
2888 1425
2891 783
2894 128
2895 463
2897 73
2898 28
2900 651
2904 1445
2910 688
2913 53
2914 316
2917 1807
2920 406
2921 341
2923 1461
2930 432
2937 1270
2940 979
2943 1366
2944 1772
2947 557
2948 39
2952 1638
2953 278
2956 400
2957 1195
2958 388
2959 553
2961 379
2966 1319
2974 1029
2975 1705
2976 1205
2977 1883
2979 911
2984 203
2985 374
2986 276
2990 1163
2992 992
2997 903
3001 1475
3004 839
3015 353
3017 1950
3021 277
3024 560
3026 1366
3028 666
3029 851
3030 1025
3031 1993
3032 262
3033 744
3035 1025
3038 334
3041 1809
3045 478
3048 1270
3051 1138
3053 1814
3055 1661
3056 557
3059 485
3063 1109
3064 900
3066 992
3067 130
3070 1254
3071 1878
3073 49
3074 678
3075 518
3079 1162
3084 535
3090 75
3098 765
3099 549
3102 318
3103 1182
3104 262
3109 370
3110 820
3112 1171
3113 1681
3114 721
3117 1624
3118 158
3119 1197
3120 684
3121 1794
3124 1034
3128 1018
3129 1298
3130 1468
3132 1813
3133 134
3136 1787
3138 231
3142 1776
3145 1886
3150 1143
3156 855
3161 640
3165 1332
3167 398
3170 1477
3172 1434
3175 356
3177 1218
3179 1471
3182 1651
3183 1226
3187 1310
3188 14
3191 922
3193 579
3195 317
3196 1318
3201 1598
3202 1113
3205 1876
3209 1765
3215 1157
3219 1513
3220 1507
3221 232
3222 547
3224 833
3230 682
3232 1313
3233 1424
3234 645
3235 1125
3241 1853
3242 1944
3245 1639
3246 1844
3247 585
3250 1993
3252 1956
3256 1077
3257 1036
3258 1924
3260 944
3262 1810
3263 1252
3265 935
3270 327
3273 165
3274 786
3275 1690
3276 1957
3279 535
3283 1864
3284 961
3286 693
3287 621
3288 447
3295 422
3296 851
3299 1745
3301 1220
3303 1411
3305 472
3306 1185
3310 1558
3312 371
3313 1811
3317 540
3318 1938
3320 1238
3323 1306
3324 1165
3325 1685
3328 11
3330 177
3333 1770
3336 1619
3338 478
3339 1567
3341 449
3342 760
3343 1933
3345 1863
3346 1460
3347 969
3349 1745
3351 1947
3352 1989
3355 1758
3356 30
3357 1953
3359 754
3360 800
3362 1022
3364 1551
3365 126
3369 228
3372 129
3374 19
3377 1019
3379 565
3386 1607
3387 918
3392 890
3401 899
3402 1010
3403 1068
3405 1935
3409 937
3410 904
3414 1472
3417 993
3420 1606
3422 1267
3424 622
3427 1566
3429 382
3436 1973
3439 1696
3440 1301
3444 1667
3448 4
3450 1114
3452 1564
3453 1939
3460 543
3462 723
3467 357
3480 1698
3481 201
3483 1641
3486 408
3488 1565
3489 802
3490 1108
3491 1906
3494 565
3503 232
3504 535
3507 520
3509 756
3511 734
3516 846
3518 667
3519 1408
3525 1835
3527 586
3529 1434
3534 453
3542 1149
3544 892
3545 1190
3546 298
3547 879
3552 943
3555 78
3557 1038
3560 1388
3563 699
3565 1752
3566 940
3573 775
3576 1296
3581 1808
3585 411
3586 443
3587 1519
3588 1465
3592 938
3595 289
3597 421
3599 1351
3600 1059
3607 1570
3612 501
3614 537
3622 609
3624 1772
3629 555
3631 1344
3634 193
3635 581
3638 1219
3640 1638
3642 581
3650 1109
3652 1414
3657 1896
3663 1878
3667 1267
3674 431
3675 706
3677 856
3679 546
3680 286
3688 1702
3692 1537
3693 858
3695 1084
3696 292
3698 251
3705 574
3706 609
3708 861
3715 1990
3720 198
3722 957
3723 1373
3724 143
3725 1760
3735 1545
3743 1743
3744 1921
3745 1824
3750 1501
3752 206
3753 402
3755 179
3758 1571
3761 1493
3762 1176
3763 55
3770 1676
3773 573
3777 167
3782 342
3783 1328
3786 87
3793 1739
3795 197
3799 1398
3801 379
3803 1078
3805 1568
3810 1776
3812 1022
3815 1588
3817 1259
3821 1375
3823 1683
3825 127
3827 904
3828 1975
3833 1941
3834 67
3836 1633
3839 1868
3840 696
3841 753
3844 1698
3846 1830
3847 780
3851 455
3852 1887
3853 459
3855 295
3862 836
3864 1310
3865 777
3866 1489
3867 1009
3868 1793
3872 1760
3876 1556
3878 293
3881 503
3882 545
3883 1638
3884 611
3886 1979
3887 1484
3888 398
3895 887
3898 1523
3900 223
3903 656
3904 606
3905 718
3906 130
3907 1340
3910 14
3915 400
3916 1890
3918 1123
3924 1362
3926 63
3929 1657
3936 693
3938 801
3941 687
3942 151
3944 1571
3954 1385
3956 342
3957 1025
3960 1435
3961 989
3962 930
3963 1486
3965 1390
3967 1031
3973 619
3974 652
3975 784
3985 867
3987 14
3993 1184
3994 1812
3998 1914
3999 1527
2000 1631
2006 1328
2007 1310
2008 1378
2009 559
2010 467
2013 1367
2014 316
2015 1497
2017 1589
2021 1761
2029 863
2031 1505
2034 586
2035 1605
2036 1868
2037 1013
2040 278
2045 7
2047 550
