8192 6374
8193 7349
8194 7273
8195 7796
8196 7098
8197 7916
8198 7922
8199 6161
8200 7501
8201 7110
8202 6680
8203 6733
8204 6598
8205 7261
8206 7089
8207 6500
8208 6571
8209 7185
8210 6850
8211 6852
8212 7280
8213 6168
8214 7955
8215 7592
8216 6128
8217 6405
8218 7900
8219 6353
8220 6639
8221 7947
8222 7119
8223 7726
8224 6566
8225 7875
8226 6114
8227 6847
8228 7690
8229 6581
8230 7212
8231 7371
8232 7934
8233 7690
8234 7512
8235 6958
8236 7033
8237 6877
8238 7070
8239 7799
8240 7798
8241 6325
8242 7893
8243 6422
8244 7711
8245 6579
8246 7520
8247 7412
8248 7957
8249 7060
8250 6749
8251 6064
8252 6843
8253 6008
8254 7191
8255 6303
8256 7889
8257 6509
8258 7741
8259 6228
8260 6563
8261 6040
8262 6252
8263 6118
8264 6584
8265 6370
8266 7617
8267 6112
8268 7484
8269 7497
8270 7049
8271 7352
8272 7035
8273 7364
8274 7140
8275 6091
8276 7557
8277 7578
8278 7676
8279 6209
8280 7614
8281 6524
8282 7009
8283 7458
8284 7022
8285 7185
8286 7027
8287 6924
8288 7655
8289 6375
8290 6834
8291 7735
8292 7233
8293 7449
8294 6197
8295 6672
8296 6211
8297 6989
8298 6439
8299 7517
8300 7351
8301 7459
8302 6160
8303 6510
8304 7305
8305 7377
8306 7308
8307 6633
8308 7977
8309 6530
8310 7283
8311 7567
8312 7897
8313 6606
8314 6962
8315 7499
8316 7465
8317 7650
8318 7447
8319 6982
8320 6738
8321 7427
8322 6509
8323 7238
8324 6320
8325 6857
8326 7489
8327 7113
8328 6065
8329 6648
8330 7889
8331 6193
8332 7490
8333 7820
8334 6330
8335 7931
8336 6303
8337 6872
8338 7231
8339 6950
8340 6171
8341 7126
8342 6391
8343 6673
8344 6146
8345 7207
8346 6066
8347 6361
8348 7932
8349 7384
8350 7507
8351 7645
8352 6637
8353 7175
8354 6817
8355 7192
8356 7151
8357 6392
8358 7059
8359 6541
8360 6666
8361 6715
8362 7755
8363 7971
8364 7138
8365 7154
8366 6536
8367 7411
8368 6678
8369 6289
8370 6548
8371 7233
8372 7551
8373 6374
8374 6221
8375 6306
8376 6837
8377 7325
8378 6056
8379 7670
8380 7722
8381 6096
8382 7773
8383 6491
8384 6379
8385 7750
8386 7825
8387 7191
8388 6697
8389 6461
8390 7752
8391 6746
8392 7531
8393 7150
8394 6151
8395 7503
8396 7050
8397 6042
8398 6482
8399 7133
8400 6614
8401 6819
8402 6929
8403 6403
8404 7007
8405 7405
8406 6868
8407 6425
8408 7011
8409 6018
8410 7624
8411 7511
8412 6315
8413 6434
8414 7724
8415 7598
8416 6742
8417 6616
8418 6133
8419 7034
8420 6867
8421 6639
8422 6024
8423 6141
8424 7002
8425 7399
8426 7678
8427 6068
8428 6321
8429 7287
8430 7481
8431 7038
8432 7736
8433 6165
8434 6655
8435 6653
8436 7363
8437 7584
8438 7470
8439 6489
8440 6472
8441 7182
8442 6797
8443 7759
8444 6151
8445 7468
8446 6168
8447 6574
8448 7269
8449 7907
8450 7413
8451 6527
8452 6550
8453 6852
8454 7594
8455 7287
8456 7749
8457 7059
8458 7559
8459 7449
8460 6767
8461 7571
8462 6578
8463 6371
8464 7536
8465 7264
8466 6430
8467 6550
8468 6966
8469 6148
8470 6826
8471 7524
8472 6624
8473 7500
8474 7780
8475 6246
8476 6228
8477 6785
8478 7191
8479 6681
8480 7191
8481 7111
8482 6686
8483 6501
8484 6313
8485 6933
8486 7829
8487 6120
8488 6763
8489 7246
8490 6514
8491 7070
8492 6623
8493 7957
8494 6318
8495 6941
8496 6733
8497 6523
8498 6038
8499 6330
8500 7142
8501 7097
8502 7573
8503 6909
8504 7572
8505 6823
8506 7085
8507 7424
8508 6863
8509 7379
8510 7905
8511 7934
8512 7223
8513 7794
8514 7665
8515 6246
8516 6029
8517 6611
8518 7710
8519 7706
8520 7488
8521 6453
8522 7890
8523 6841
8524 6071
8525 7780
8526 6246
8527 6873
8528 7457
8529 6189
8530 6916
8531 6889
8532 7454
8533 7006
8534 7672
8535 7730
8536 7811
8537 7558
8538 6243
8539 7089
8540 7388
8541 6167
8542 6127
8543 6664
8544 7857
8545 6220
8546 7210
8547 7126
8548 6861
8549 7262
8550 6562
8551 6361
8552 6618
8553 7485
8554 6791
8555 6496
8556 6955
8557 6682
8558 6453
8559 7282
8560 7624
8561 7960
8562 6683
8563 7721
8564 6696
8565 7693
8566 7317
8567 7294
8568 6517
8569 6752
8570 6753
8571 6656
8572 6755
8573 7911
8574 7321
8575 6651
8576 6021
8577 6521
8578 7730
8579 6981
8580 7688
8581 7536
8582 6721
8583 7239
8584 7877
8585 7398
8586 6027
8587 7033
8588 6815
8589 7342
8590 7661
8591 6310
8592 6769
8593 7121
8594 6945
8595 7803
8596 6443
8597 7562
8598 6770
8599 7860
8600 6168
8601 7822
8602 7575
8603 6259
8604 7184
8605 6204
8606 7030
8607 6504
8608 6363
8609 6089
8610 6215
8611 7709
8612 6218
8613 7922
8614 7267
8615 6980
8616 7456
8617 6483
8618 6388
8619 7321
8620 7899
8621 6662
8622 6351
8623 6997
8624 6361
8625 6486
8626 7763
8627 7231
8628 7970
8629 6979
8630 7928
8631 7560
8632 6682
8633 7652
8634 7630
8635 7491
8636 6649
8637 6073
8638 7938
8639 6617
8640 7625
8641 6234
8642 6467
8643 7909
8644 6269
8645 6267
8646 7756
8647 7878
8648 6356
8649 7885
8650 6606
8651 6923
8652 6882
8653 6452
8654 7440
8655 7671
8656 6757
8657 7329
8658 7046
8659 7444
8660 7643
8661 7232
8662 6532
8663 7991
8664 6084
8665 6503
8666 6438
8667 6232
8668 6385
8669 6896
8670 7499
8671 6426
8672 7179
8673 6040
8674 7386
8675 6303
8676 6880
8677 6498
8678 7282
8679 6646
8680 7126
8681 6351
8682 6524
8683 6850
8684 7869
8685 6372
8686 6837
8687 6848
8688 7111
8689 7239
8690 6609
8691 7986
8692 6339
8693 6602
8694 7537
8695 7629
8696 6221
8697 7955
8698 7246
8699 7670
8700 6942
8701 6650
8702 6119
8703 7727
8704 7607
8705 6369
8706 6880
8707 6701
8708 6272
8709 6656
8710 6538
8711 6662
8712 7855
8713 7825
8714 6780
8715 7827
8716 7679
8717 7914
8718 6588
8719 7101
8720 6687
8721 7703
8722 7641
8723 7019
8724 6768
8725 7302
8726 6179
8727 6523
8728 7051
8729 6623
8730 7215
8731 7982
8732 7494
8733 6642
8734 7543
8735 6186
8736 7230
8737 7115
8738 7542
8739 7972
8740 7347
8741 7959
8742 7029
8743 7012
8744 6401
8745 6571
8746 6840
8747 7133
8748 7625
8749 7525
8750 7373
8751 6314
8752 6844
8753 6516
8754 7844
8755 6465
8756 7874
8757 6712
8758 7274
8759 6459
8760 7086
8761 6625
8762 6470
8763 6379
8764 7525
8765 7723
8766 7987
8767 6798
8768 6123
8769 7337
8770 6537
8771 6122
8772 6189
8773 7745
8774 7407
8775 7022
8776 6544
8777 7630
8778 6752
8779 6901
8780 7533
8781 7892
8782 6570
8783 7342
8784 7301
8785 7076
8786 7723
8787 7098
8788 6261
8789 6742
8790 7115
8791 7743
8792 7140
8793 7693
8794 7207
8795 7427
8796 6432
8797 7143
8798 7941
8799 7570
8800 7302
8801 7008
8802 7259
8803 6096
8804 6826
8805 7736
8806 6336
8807 7557
8808 7562
8809 7245
8810 6620
8811 7364
8812 6367
8813 6680
8814 7749
8815 7197
8816 7368
8817 7412
8818 6863
8819 6924
8820 6788
8821 6885
8822 7720
8823 7582
8824 7155
8825 6201
8826 7755
8827 6168
8828 6355
8829 6827
8830 6317
8831 7601
8832 7810
8833 7495
8834 6788
8835 7062
8836 7695
8837 7327
8838 7013
8839 6493
8840 6792
8841 7711
8842 6126
8843 7747
8844 7274
8845 7570
8846 6670
8847 7842
8848 6040
8849 6749
8850 6210
8851 6278
8852 6178
8853 7718
8854 6675
8855 6899
8856 6900
8857 7044
8858 6141
8859 7836
8860 6245
8861 7270
8862 7677
8863 7171
8864 7004
8865 7127
8866 7471
8867 6767
8868 6244
8869 7176
8870 6993
8871 7838
8872 6564
8873 6307
8874 6935
8875 6433
8876 7948
8877 6486
8878 6770
8879 7547
8880 7356
8881 7037
8882 6322
8883 7944
8884 7513
8885 6335
8886 7073
8887 6863
8888 7132
8889 6335
8890 7344
8891 7158
8892 6524
8893 7641
8894 6876
8895 7077
8896 7477
8897 6988
8898 6683
8899 7038
8900 6140
8901 7673
8902 6842
8903 6290
8904 7109
8905 7944
8906 7315
8907 7703
8908 7458
8909 7418
8910 7429
8911 7851
8912 6082
8913 7618
8914 6384
8915 7853
8916 6951
8917 7241
8918 7481
8919 6167
8920 6874
8921 6982
8922 7237
8923 6439
8924 7848
8925 6800
8926 6794
8927 6037
8928 7462
8929 6856
8930 7806
8931 6147
8932 6645
8933 7812
8934 6812
8935 7988
8936 6563
8937 7341
8938 6146
8939 6742
8940 6680
8941 6484
8942 6625
8943 6912
8944 6471
8945 7785
8946 7079
8947 7320
8948 6924
8949 6923
8950 6991
8951 6751
8952 6376
8953 7654
8954 6000
8955 6698
8956 7778
8957 6312
8958 7681
8959 7688
8960 7980
8961 7343
8962 7869
8963 7418
8964 7170
8965 7464
8966 7218
8967 7610
8968 6392
8969 7877
8970 6432
8971 7744
8972 7747
8973 7514
8974 7177
8975 6802
8976 7908
8977 7375
8978 6963
8979 6423
8980 7773
8981 7491
8982 7026
8983 7248
8984 6975
8985 7447
8986 7763
8987 7226
8988 7701
8989 6882
8990 6021
8991 7745
8992 7849
8993 6680
8994 6553
8995 6720
8996 7006
8997 6432
8998 6765
8999 7188
9000 7701
9001 7181
9002 7498
9003 7660
9004 7929
9005 7867
9006 6993
9007 6275
9008 6956
9009 7201
9010 7541
9011 6493
9012 7231
9013 6887
9014 7011
9015 6906
9016 7629
9017 7679
9018 7404
9019 7772
9020 7124
9021 7452
9022 6393
9023 6741
9024 7741
9025 7156
9026 6033
9027 7647
9028 6114
9029 7500
9030 7166
9031 7296
9032 6264
9033 6345
9034 6147
9035 7029
9036 7364
9037 7714
9038 6283
9039 7273
9040 6785
9041 7930
9042 7911
9043 7836
9044 6725
9045 6423
9046 7880
9047 7668
9048 6602
9049 7331
9050 6296
9051 6689
9052 6906
9053 6669
9054 6137
9055 7492
9056 6134
9057 7913
9058 7715
9059 6134
9060 6341
9061 6858
9062 7170
9063 6794
9064 6195
9065 7899
9066 6935
9067 6965
9068 6960
9069 7919
9070 6540
9071 7132
9072 6182
9073 7433
9074 7202
9075 7565
9076 7277
9077 7976
9078 6717
9079 7565
9080 6059
9081 6287
9082 7305
9083 6780
9084 7258
9085 6630
9086 6230
9087 7242
9088 7003
9089 6090
9090 7574
9091 7761
9092 6545
9093 7671
9094 7251
9095 6013
9096 7669
9097 7289
9098 6186
9099 6237
9100 6989
9101 6055
9102 7911
9103 7891
9104 6138
9105 6753
9106 7533
9107 7709
9108 7481
9109 6726
9110 7960
9111 7060
9112 6164
9113 6380
9114 7829
9115 6934
9116 7771
9117 6323
9118 6834
9119 7836
9120 6654
9121 7007
9122 6653
9123 7032
9124 7886
9125 7309
9126 6594
9127 6664
9128 6939
9129 7331
9130 6503
9131 6350
9132 6459
9133 7562
9134 6867
9135 6333
9136 7080
9137 6452
9138 6470
9139 6448
9140 6492
9141 6336
9142 7737
9143 6637
9144 7058
9145 6694
9146 7014
9147 7013
9148 6123
9149 7057
9150 6268
9151 6212
9152 6892
9153 7168
9154 7060
9155 6537
9156 7294
9157 7171
9158 6606
9159 6408
9160 7186
9161 6559
9162 6195
9163 6149
9164 6378
9165 6185
9166 7214
9167 6919
9168 6394
9169 7570
9170 6845
9171 6869
9172 6658
9173 6772
9174 7493
9175 7408
9176 7289
9177 7712
9178 6581
9179 7458
9180 7655
9181 7527
9182 7542
9183 6270
9184 6705
9185 6336
9186 7020
9187 7817
9188 7042
9189 6040
9190 6405
9191 6938
9192 7375
9193 7375
9194 7366
9195 7728
9196 7880
9197 7468
9198 6640
9199 6689
9200 6906
9201 7191
9202 6756
9203 6052
9204 6851
9205 6125
9206 7998
9207 7101
9208 6357
9209 7146
9210 6134
9211 6300
9212 6507
9213 6373
9214 7054
9215 6600
9216 6288
9217 7450
9218 7440
9219 6004
9220 7973
9221 6675
9222 6641
9223 6945
9224 7203
9225 7266
9226 7985
9227 6230
9228 6830
9229 6915
9230 6686
9231 6330
9232 7597
9233 7673
9234 7791
9235 7104
9236 6864
9237 7709
9238 7652
9239 6162
9240 7746
9241 7709
9242 7849
9243 7357
9244 7124
9245 7959
9246 6740
9247 6468
9248 7200
9249 7194
9250 6110
9251 6311
9252 6940
9253 7476
9254 6029
9255 7791
9256 6110
9257 7838
9258 6824
9259 7770
9260 6720
9261 7242
9262 6391
9263 7240
9264 7337
9265 7268
9266 7846
9267 6249
9268 7241
9269 7113
9270 6290
9271 6757
9272 6676
9273 7108
9274 6890
9275 6470
9276 7167
9277 7507
9278 7523
9279 7059
9280 7717
9281 6570
9282 6209
9283 7271
9284 7177
9285 7356
9286 7050
9287 7307
9288 6667
9289 6023
9290 7418
9291 7257
9292 7476
9293 6091
9294 6304
9295 7409
9296 7483
9297 7652
9298 7618
9299 6212
9300 6048
9301 6674
9302 7716
9303 7913
9304 7690
9305 6407
9306 7659
9307 7413
9308 6503
9309 7346
9310 7554
9311 6962
9312 7154
9313 7387
9314 6391
9315 6707
9316 7725
9317 7619
9318 6413
9319 6290
9320 6993
9321 6025
9322 7014
9323 6229
9324 7417
9325 7888
9326 6200
9327 7191
9328 7874
9329 7963
9330 7810
9331 7716
9332 7299
9333 6756
9334 7877
9335 6236
9336 6184
9337 7802
9338 6866
9339 7853
9340 7919
9341 7959
9342 7733
9343 7008
9344 6509
9345 7635
9346 6788
9347 6889
9348 7297
9349 7114
9350 7113
9351 7695
9352 7796
9353 6803
9354 7648
9355 6485
9356 7459
9357 6465
9358 6511
9359 7158
9360 7095
9361 6889
9362 6413
9363 6834
9364 6000
9365 7179
9366 7795
9367 6054
9368 6574
9369 7377
9370 7275
9371 6016
9372 7209
9373 6712
9374 7398
9375 6982
9376 6677
9377 7583
9378 7058
9379 6080
9380 7175
9381 7939
9382 6498
9383 7884
9384 7608
9385 6395
9386 7763
9387 7736
9388 7662
9389 7130
9390 7347
9391 7404
9392 7566
9393 6411
9394 7547
9395 7120
9396 7410
9397 7279
9398 6518
9399 6062
9400 7095
9401 7601
9402 6461
9403 6755
9404 7236
9405 6367
9406 7469
9407 6027
9408 6009
9409 7586
9410 7533
9411 7759
9412 6084
9413 7576
9414 7688
9415 6402
9416 6740
9417 7170
9418 6084
9419 7782
9420 6450
9421 6875
9422 7058
9423 6723
9424 6470
9425 6743
9426 6438
9427 7240
9428 6608
9429 6849
9430 6217
9431 6060
9432 7823
9433 6585
9434 6601
9435 7577
9436 6666
9437 7441
9438 6926
9439 6829
9440 7545
9441 6821
9442 6860
9443 7072
9444 6242
9445 7808
9446 6122
9447 7058
9448 7766
9449 7677
9450 6038
9451 6441
9452 7508
9453 6021
9454 7379
9455 6326
9456 7490
9457 7391
9458 6291
9459 6054
9460 6443
9461 7130
9462 7395
9463 7522
9464 6162
9465 7393
9466 7681
9467 6172
9468 7984
9469 7212
9470 7502
9471 6228
9472 7360
9473 7046
9474 6260
9475 6965
9476 6177
9477 6831
9478 7989
9479 7749
9480 7206
9481 7514
9482 6598
9483 7940
9484 6022
9485 7315
9486 6459
9487 6420
9488 7023
9489 6272
9490 6232
9491 6454
9492 6181
9493 6427
9494 6045
9495 6826
9496 7354
9497 6551
9498 6372
9499 7837
9500 6312
9501 7310
9502 7387
9503 7433
9504 7544
9505 7532
9506 7923
9507 6793
9508 6321
9509 6041
9510 6585
9511 6508
9512 6812
9513 7765
9514 6758
9515 6046
9516 6994
9517 6337
9518 6409
9519 6632
9520 7865
9521 7897
9522 7608
9523 6938
9524 6649
9525 7957
9526 6548
9527 7990
9528 6896
9529 6434
9530 6371
9531 7984
9532 6524
9533 6110
9534 7833
9535 7399
9536 7696
9537 6229
9538 6285
9539 6019
9540 7488
9541 6632
9542 6978
9543 6634
9544 6968
9545 6371
9546 6940
9547 6633
9548 6505
9549 7730
9550 7254
9551 6874
9552 6352
9553 6776
9554 7104
9555 6209
9556 6192
9557 7665
9558 7421
9559 7773
9560 6775
9561 7561
9562 7865
9563 6704
9564 7972
9565 6298
9566 6556
9567 7788
9568 7420
9569 7998
9570 7964
9571 7163
9572 7066
9573 6928
9574 6384
9575 6290
9576 7989
9577 6175
9578 7961
9579 7513
9580 7232
9581 6256
9582 7292
9583 7047
9584 6999
9585 7913
9586 7695
9587 6851
9588 7270
9589 6787
9590 6963
9591 6097
9592 7870
9593 7859
9594 6718
9595 6681
9596 7218
9597 6843
9598 6097
9599 6383
9600 6083
9601 7502
9602 6568
9603 7616
9604 7590
9605 6620
9606 7192
9607 7017
9608 6025
9609 7305
9610 7294
9611 6333
9612 7590
9613 6523
9614 6060
9615 7420
9616 7332
9617 7915
9618 7829
9619 7810
9620 6115
9621 6020
9622 7515
9623 7985
9624 6324
9625 6340
9626 6756
9627 7500
9628 6791
9629 6470
9630 6293
9631 6259
9632 6065
9633 7527
9634 6338
9635 6773
9636 7790
9637 7141
9638 6845
9639 7783
9640 7065
9641 6094
9642 7388
9643 7156
9644 7944
9645 6433
9646 6670
9647 6265
9648 6507
9649 6829
9650 7397
9651 6738
9652 6492
9653 6263
9654 7696
9655 7877
9656 7411
9657 6103
9658 7136
9659 7370
9660 6783
9661 6788
9662 6567
9663 6055
9664 6679
9665 6129
9666 7379
9667 7353
9668 7955
9669 7898
9670 7047
9671 6151
9672 6204
9673 7708
9674 7805
9675 7846
9676 6630
9677 6023
9678 7138
9679 7618
9680 6094
9681 6073
9682 6484
9683 7706
9684 7028
9685 6118
9686 7831
9687 6171
9688 7160
9689 7872
9690 7947
9691 6325
9692 6792
9693 7332
9694 7782
9695 6686
9696 6369
9697 6645
9698 7252
9699 6872
9700 6840
9701 6488
9702 7332
9703 6279
9704 6910
9705 7294
9706 6817
9707 6467
9708 7285
9709 7823
9710 6127
9711 6838
9712 6003
9713 6312
9714 7050
9715 7600
9716 7835
9717 7731
9718 6614
9719 6987
9720 7893
9721 6872
9722 6277
9723 6869
9724 6161
9725 7016
9726 6943
9727 6101
9728 7188
9729 7371
9730 7441
9731 6230
9732 7919
9733 7894
9734 6517
9735 6212
9736 7284
9737 6719
9738 7765
9739 6707
9740 7181
9741 7243
9742 6582
9743 7643
9744 7599
9745 7508
9746 7550
9747 7612
9748 7089
9749 7860
9750 6274
9751 6348
9752 6496
9753 6958
9754 7705
9755 6714
9756 7660
9757 7365
9758 7808
9759 6254
9760 7693
9761 7400
9762 6356
9763 6652
9764 7977
9765 6380
9766 6925
9767 6169
9768 6419
9769 6733
9770 6322
9771 7791
9772 7714
9773 7633
9774 6935
9775 7062
9776 6288
9777 7959
9778 7542
9779 7692
9780 6623
9781 7924
9782 6875
9783 7936
9784 7696
9785 7763
9786 7716
9787 7644
9788 6940
9789 6447
9790 6160
9791 7944
9792 6937
9793 7855
9794 6626
9795 6437
9796 7741
9797 7708
9798 7865
9799 6474
9800 6037
9801 6608
9802 6287
9803 7634
9804 7733
9805 7285
9806 6442
9807 6596
9808 7015
9809 6838
9810 7757
9811 6902
9812 6119
9813 7770
9814 7470
9815 6345
9816 7308
9817 6334
9818 6069
9819 7723
9820 6996
9821 7447
9822 7740
9823 7189
9824 7395
9825 7291
9826 7063
9827 6745
9828 6570
9829 6567
9830 7285
9831 6390
9832 6763
9833 7220
9834 7662
9835 6340
9836 6675
9837 7539
9838 7450
9839 6810
9840 6203
9841 7902
9842 6300
9843 6645
9844 6361
9845 6671
9846 7499
9847 7378
9848 6130
9849 6355
9850 7158
9851 7925
9852 6411
9853 6956
9854 6359
9855 7611
9856 6156
9857 7656
9858 7776
9859 7288
9860 6184
9861 7423
9862 6503
9863 6606
9864 6248
9865 6061
9866 7856
9867 7924
9868 7443
9869 6770
9870 6325
9871 6150
9872 6079
9873 6228
9874 6273
9875 6181
9876 7441
9877 6247
9878 6949
9879 7347
9880 6813
9881 6944
9882 6426
9883 7287
9884 7369
9885 7983
9886 6032
9887 7193
9888 7183
9889 6158
9890 7557
9891 7271
9892 6222
9893 6857
9894 6319
9895 7869
9896 7076
9897 6455
9898 6744
9899 6628
9900 6041
9901 6172
9902 7237
9903 6136
9904 6128
9905 7516
9906 6561
9907 6648
9908 7558
9909 6911
9910 6374
9911 6792
9912 7413
9913 7932
9914 7918
9915 6048
9916 6636
9917 7673
9918 7191
9919 7727
9920 6645
9921 7924
9922 6889
9923 6557
9924 7246
9925 6310
9926 7739
9927 6243
9928 6930
9929 6022
9930 6599
9931 6730
9932 7160
9933 7868
9934 7616
9935 7560
9936 7694
9937 6027
9938 6839
9939 6781
9940 7387
9941 7178
9942 7732
9943 7492
9944 6307
9945 6373
9946 7303
9947 7650
9948 7289
9949 6878
9950 7391
9951 6815
9952 6156
9953 6469
9954 7265
9955 6917
9956 7331
9957 6599
9958 7552
9959 7246
9960 7598
9961 7039
9962 7373
9963 6604
9964 7229
9965 6429
9966 6802
9967 7795
9968 6758
9969 7110
9970 7971
9971 7897
9972 7149
9973 6352
9974 7194
9975 6604
9976 7455
9977 6507
9978 6909
9979 6156
9980 6492
9981 7079
9982 7996
9983 7877
9984 7984
9985 7758
9986 6327
9987 7120
9988 6867
9989 6847
9990 6418
9991 7119
9992 7418
9993 7143
9994 7090
9995 6507
9996 6797
9997 6701
9998 7121
9999 7771
8000 6772
8001 6147
8002 7381
8003 6248
8004 6657
8005 7948
8006 7642
8007 7128
8008 7721
8009 7846
8010 6593
8011 6291
8012 7474
8013 6110
8014 6687
8015 7553
8016 7025
8017 6817
8018 7270
8019 6297
8020 7156
8021 7125
8022 6451
8023 6338
8024 6473
8025 6442
8026 7420
8027 7528
8028 7652
8029 7399
8030 7986
8031 7994
8032 7390
8033 6591
8034 6808
8035 7101
8036 6626
8037 7745
8038 6796
8039 7423
8040 7336
8041 6201
8042 7030
8043 6793
8044 7021
8045 6708
8046 7612
8047 6148
8048 6337
8049 6650
8050 7006
8051 6821
8052 6692
8053 6950
8054 6612
8055 6516
8056 6235
8057 6868
8058 7379
8059 7133
8060 7084
8061 7739
8062 6210
8063 7978
8064 6122
8065 6276
8066 6059
8067 7773
8068 7538
8069 7354
8070 6021
8071 7140
8072 7900
8073 7713
8074 6671
8075 6495
8076 7823
8077 6130
8078 6012
8079 7616
8080 6759
8081 7014
8082 6219
8083 7746
8084 6231
8085 6931
8086 6538
8087 7850
8088 6019
8089 7896
8090 7929
8091 6201
8092 6191
8093 7920
8094 6349
8095 6334
8096 6753
8097 7221
8098 7089
8099 7228
8100 7285
8101 6578
8102 6532
8103 6390
8104 7335
8105 7989
8106 7907
8107 7371
8108 6606
8109 7632
8110 7111
8111 7502
8112 6133
8113 7755
8114 6428
8115 6361
8116 7607
8117 7387
8118 6009
8119 7041
8120 7573
8121 6961
8122 7510
8123 7013
8124 6238
8125 6780
8126 6081
8127 6823
8128 7374
8129 7353
8130 7249
8131 7931
8132 6460
8133 7931
8134 7742
8135 6822
8136 6504
8137 6034
8138 6246
8139 7873
8140 6266
8141 7147
8142 6133
8143 7915
8144 7056
8145 7511
8146 6344
8147 6912
8148 7085
8149 7799
8150 7147
8151 7395
8152 7554
8153 6554
8154 6589
8155 6468
8156 6177
8157 6808
8158 6949
8159 6696
8160 6055
8161 7644
8162 7371
8163 6714
8164 6670
8165 6434
8166 7104
8167 7999
8168 7147
8169 7794
8170 6280
8171 7639
8172 6853
8173 6523
8174 7053
8175 7387
8176 7828
8177 7137
8178 6088
8179 6717
8180 6641
8181 7677
8182 7310
8183 7330
8184 6153
8185 7552
8186 7475
8187 6009
8188 6594
8189 6348
8190 7089
8191 7591
6000 5818
6003 4162
6004 4003
6008 5348
6009 4770
6012 5894
6013 4534
6016 5161
6018 5384
6019 4635
6020 4329
6021 4151
6022 4623
6023 5668
6024 4490
6025 4870
6027 4755
6029 4960
6032 4032
6033 5375
6034 5328
6037 4811
6038 4821
6040 5787
6041 5837
6042 5197
6045 5480
6046 5394
6048 5127
6052 4407
6054 5165
6055 4800
6056 5114
6059 4160
6060 4385
6061 4567
6062 5278
6064 4929
6065 5926
6066 4369
6068 4100
6069 4073
6071 4433
6073 5391
6079 5309
6080 5387
6081 5065
6082 4813
6083 5169
6084 4285
6088 4994
6089 4475
6090 5102
6091 4549
6094 5801
6096 4306
6097 5135
6101 5059
6103 5018
6110 4399
6112 5498
6114 4156
6115 4799
6118 5279
6119 4148
6120 5486
6122 5371
6123 4133
6125 4535
6126 4877
6127 5966
6128 5617
6129 4718
6130 4189
6133 4587
6134 5421
6136 4113
6137 4531
6138 5973
6140 4197
6141 5410
6146 5216
6147 4048
6148 4408
6149 5276
6150 5755
6151 5578
6153 4640
6156 5557
6158 4911
6160 4791
6161 4903
6162 5660
6164 5580
6165 4428
6167 4755
6168 5513
6169 4268
6171 4319
6172 4413
6175 4376
6177 5908
6178 4048
6179 4273
6181 4480
6182 4971
6184 4769
6185 5421
6186 4190
6189 4717
6191 5728
6192 5716
6193 4914
6195 5053
6197 4560
6200 5786
6201 4504
6203 4350
6204 5017
6209 5280
6210 4530
6211 5732
6212 4335
6215 5724
6217 5073
6218 5409
6219 4569
6220 4365
6221 4564
6222 5595
6228 4636
6229 5198
6230 5135
6231 5067
6232 5776
6234 4327
6235 4149
6236 4489
6237 4825
6238 5086
6242 4782
6243 5423
6244 4902
6245 5242
6246 5505
6247 4133
6248 4218
6249 4566
6252 4678
6254 5674
6256 5838
6259 4597
6260 4466
6261 5752
6263 4433
6264 5511
6265 5694
6266 4956
6267 4213
6268 5412
6269 4801
6270 5592
6272 5489
6273 4823
6274 5550
6275 5828
6276 5185
6277 4942
6278 4758
6279 5838
6280 5694
6283 4209
6285 5282
6287 4526
6288 4207
6289 4971
6290 4370
6291 4141
6293 4210
6296 5978
6297 4795
6298 5653
6300 4099
6303 5827
6304 4303
6306 4094
6307 5328
6310 5003
6311 5747
6312 5529
6313 5203
6314 4466
6315 5301
6317 5045
6318 4522
6319 4136
6320 4053
6321 4711
6322 4921
6323 5697
6324 4437
6325 5928
6326 4068
6327 5918
6330 5342
6333 4455
6334 5197
6335 4529
6336 5630
6337 5102
6338 4247
6339 4540
6340 5026
6341 4027
6344 5379
6345 5073
6348 4022
6349 5193
6350 5752
6351 4112
6352 5350
6353 4184
6355 5690
6356 4115
6357 4519
6359 5011
6361 5512
6363 5672
6367 5652
6369 4374
6370 5797
6371 5904
6372 5135
6373 5780
6374 4841
6375 5884
6376 5017
6378 4390
6379 5708
6380 5998
6383 5101
6384 4243
6385 4410
6388 4742
6390 5177
6391 4391
6392 4974
6393 4764
6394 4151
6395 5871
6401 5587
6402 4645
6403 5434
6405 4048
6407 5196
6408 4134
6409 5048
6411 5677
6413 4544
6418 4621
6419 5243
6420 4903
6422 5207
6423 5163
6425 5126
6426 4044
6427 5845
6428 5085
6429 5646
6430 5747
6432 5965
6433 4037
6434 5034
6437 5334
6438 4851
6439 4096
6441 5647
6442 4613
6443 4913
6447 4974
6448 5197
6450 5153
6451 4490
6452 5721
6453 5670
6454 5434
6455 5733
6459 5358
6460 5795
6461 5093
6465 5769
6467 4147
6468 4828
6469 4548
6470 4837
6471 4356
6472 5931
6473 5595
6474 4001
6482 5040
6483 5418
6484 4339
6485 4797
6486 5087
6488 5056
6489 4934
6491 4481
6492 4428
6493 5422
6495 4475
6496 5555
6498 5014
6500 5440
6501 5981
6503 4026
6504 4335
6505 4345
6507 5474
6508 5570
6509 5405
6510 4822
6511 5656
6514 5159
6516 5827
6517 4326
6518 4144
6521 4617
6523 5031
6524 5654
6527 4599
6530 5681
6532 4097
6536 4645
6537 5703
6538 5756
6540 4809
6541 4107
6544 4523
6545 5362
6548 4133
6550 5809
6551 4659
6553 5218
6554 5295
6556 4422
6557 4956
6559 4706
6561 5921
6562 5991
6563 5940
6564 4642
6566 5373
6567 4591
6568 4993
6570 4064
6571 4995
6574 5117
6578 5035
6579 5079
6581 5015
6582 5398
6584 4593
6585 4063
6588 5941
6589 4953
6591 5917
6593 5519
6594 4340
6596 4492
6598 4947
6599 4045
6600 5365
6601 4263
6602 5215
6604 4301
6606 5717
6608 4454
6609 4975
6611 5320
6612 4103
6614 5205
6616 5024
6617 5968
6618 5886
6620 5029
6623 4999
6624 4922
6625 4307
6626 4057
6628 4571
6630 4138
6632 5397
6633 5760
6634 4480
6636 4840
6637 4922
6639 5809
6640 5011
6641 5877
6642 5767
6645 5425
6646 5565
6648 4596
6649 5310
6650 5920
6651 4070
6652 4249
6653 4334
6654 4446
6655 5672
6656 4960
6657 4258
6658 5611
6662 5407
6664 5588
6666 4155
6667 4519
6669 4721
6670 4061
6671 5123
6672 4340
6673 5735
6674 5864
6675 5640
6676 4820
6677 5293
6678 4379
6679 4902
6680 4187
6681 5091
6682 5661
6683 5700
6686 5460
6687 5817
6689 5403
6692 4271
6694 5879
6696 5588
6697 5307
6698 4742
6701 4263
6704 4171
6705 4118
6707 5822
6708 5106
6712 4433
6714 4749
6715 5408
6717 4035
6718 5396
6719 5476
6720 4902
6721 5880
6723 5005
6725 5747
6726 5473
6730 4524
6733 5722
6738 5576
6740 5929
6741 4641
6742 4444
6743 4927
6744 5872
6745 5516
6746 4845
6749 4586
6751 5079
6752 4804
6753 4164
6755 4692
6756 5226
6757 5242
6758 4635
6759 4022
6763 5012
6765 5307
6767 4412
6768 4140
6769 4909
6770 4343
6772 4028
6773 4941
6775 4016
6776 5488
6780 5376
6781 5496
6783 4709
6785 4112
6787 5012
6788 5132
6791 5988
6792 4680
6793 5509
6794 5251
6796 4123
6797 5477
6798 5050
6800 5776
6802 5170
6803 4579
6808 5379
6810 4418
6812 4395
6813 5783
6815 4185
6817 5580
6819 5458
6821 4132
6822 4945
6823 4433
6824 5013
6826 5873
6827 4819
6829 5347
6830 5312
6831 4223
6834 5506
6837 5818
6838 5459
6839 4910
6840 4588
6841 4557
6842 5432
6843 4091
6844 4832
6845 4098
6847 5591
6848 5631
6849 4512
6850 4077
6851 5164
6852 5690
6853 5596
6856 4008
6857 4009
6858 4784
6860 5911
6861 5631
6863 5311
6864 4931
6866 5720
6867 4734
6868 4453
6869 4956
6872 5270
6873 4027
6874 5230
6875 4045
6876 4024
6877 4763
6878 5882
6880 5080
6882 5459
6885 4013
6887 5272
6889 5571
6890 4444
6892 4055
6896 4658
6899 4975
6900 5052
6901 5034
6902 5659
6906 5971
6909 5193
6910 4078
6911 4019
6912 4542
6915 5600
6916 4076
6917 4991
6919 4394
6923 4841
6924 5854
6925 4655
6926 5266
6928 4713
6929 4680
6930 4218
6931 4529
6933 4449
6934 5686
6935 4013
6937 4707
6938 5921
6939 4663
6940 4465
6941 4628
6942 5637
6943 4194
6944 5644
6945 5623
6949 5111
6950 5772
6951 4607
6955 4580
6956 4436
6958 4825
6960 5781
6961 4550
6962 4840
6963 4382
6965 4168
6966 4357
6968 4978
6975 4990
6978 4697
6979 4162
6980 4529
6981 5615
6982 5455
6987 4344
6988 4187
6989 5090
6991 4406
6993 4938
6994 5442
6996 4235
6997 4109
6999 4446
7002 5616
7003 5650
7004 4395
7006 5667
7007 5551
7008 5290
7009 4633
7011 5579
7012 4505
7013 4954
7014 4944
7015 5249
7016 4580
7017 4823
7019 5884
7020 5215
7021 5476
7022 4610
7023 4238
7025 5688
7026 5275
7027 4609
7028 5116
7029 4727
7030 4372
7032 5602
7033 5060
7034 5540
7035 4070
7037 5041
7038 4658
7039 5181
7041 5207
7042 5273
7044 5890
7046 4501
7047 5445
7049 4694
7050 4493
7051 5593
7053 4995
7054 5439
7056 5908
7057 5922
7058 4445
7059 4229
7060 4389
7062 5830
7063 4879
7065 4610
7066 4640
7070 4957
7072 5486
7073 4795
7076 5602
7077 4370
7079 5983
7080 4200
7084 4007
7085 4022
7086 4003
7089 5767
7090 5963
7095 5773
7097 4471
7098 4573
7101 5176
7104 4702
7108 5304
7109 5247
7110 4790
7111 5477
7113 4521
7114 5262
7115 4965
7119 5366
7120 5236
7121 5687
7124 5977
7125 4633
7126 5049
7127 4733
7128 4910
7130 5038
7132 5034
7133 5416
7136 5906
7137 4375
7138 5243
7140 4573
7141 4230
7142 5166
7143 5055
7146 5978
7147 4011
7149 4544
7150 5210
7151 5394
7154 4923
7155 4344
7156 4383
7158 5907
7160 5631
7163 5631
7166 4503
7167 4146
7168 4393
7170 4006
7171 4422
7175 4223
7176 4228
7177 5191
7178 5833
7179 4976
7181 5058
7182 4071
7183 4004
7184 4309
7185 4200
7186 5619
7188 4795
7189 4413
7191 4694
7192 4275
7193 4911
7194 4208
7197 5268
7200 5392
7201 5675
7202 5719
7203 4165
7206 5413
7207 4480
7209 4290
7210 5198
7212 4707
7214 4871
7215 5211
7218 5898
7220 5320
7221 4869
7223 5131
7226 5500
7228 4540
7229 4753
7230 5962
7231 4391
7232 5827
7233 4553
7236 4947
7237 5394
7238 4130
7239 5034
7240 4743
7241 5757
7242 4165
7243 4413
7245 5709
7246 5540
7248 4088
7249 4250
7251 5100
7252 4594
7254 4061
7257 4998
7258 4988
7259 5386
7261 4322
7262 4626
7264 4921
7265 5420
7266 4186
7267 4847
7268 5312
7269 4752
7270 4998
7271 5448
7273 4475
7274 5250
7275 5658
7277 5140
7279 4157
7280 5265
7282 4883
7283 4010
7284 5910
7285 5621
7287 4207
7288 5017
7289 4982
7291 5581
7292 5505
7294 4119
7296 5870
7297 4023
7299 5645
7301 5783
7302 4525
7303 4304
7305 4560
7307 4086
7308 4554
7309 4535
7310 5656
7315 5225
7317 5994
7320 5100
7321 4280
7325 4923
7327 5498
7329 5632
7330 5166
7331 5170
7332 5670
7335 5837
7336 5244
7337 5133
7341 5085
7342 4803
7343 4967
7344 4883
7346 5179
7347 4622
7349 5348
7351 5417
7352 5649
7353 4610
7354 4271
7356 4229
7357 4708
7360 4162
7363 4252
7364 5027
7365 5107
7366 4586
7368 5623
7369 5909
7370 5630
7371 4297
7373 4433
7374 5234
7375 5657
7377 5078
7378 4327
7379 5598
7381 5323
7384 4488
7386 4409
7387 4469
7388 4427
7390 4856
7391 5173
7393 4916
7395 4652
7397 5978
7398 5508
7399 5309
7400 4530
7404 4102
7405 5219
7407 4586
7408 4972
7409 5683
7410 4622
7411 5594
7412 5858
7413 5235
7417 4757
7418 5184
7420 4085
7421 5218
7423 4597
7424 4524
7427 5719
7429 4300
7433 4697
7440 4440
7441 5981
7443 5691
7444 5053
7447 5089
7449 4315
7450 5840
7452 5753
7454 4899
7455 4535
7456 5450
7457 5888
7458 5796
7459 4232
7462 5799
7464 5392
7465 4792
7468 4874
7469 4352
7470 5103
7471 4397
7474 5099
7475 5234
7476 5841
7477 4381
7481 5700
7483 5238
7484 5729
7485 5054
7488 5890
7489 5558
7490 5111
7491 4005
7492 5796
7493 4304
7494 5060
7495 5713
7497 5150
7498 5233
7499 4189
7500 4916
7501 4528
7502 4968
7503 5082
7507 5626
7508 5145
7510 5659
7511 4755
7512 5799
7513 4293
7514 4580
7515 4344
7516 4742
7517 4714
7520 4856
7522 4045
7523 5178
7524 5028
7525 5946
7527 5617
7528 4153
7531 5060
7532 5190
7533 5907
7536 4131
7537 4157
7538 5188
7539 4052
7541 5085
7542 4469
7543 5562
7544 4762
7545 5588
7547 4924
7550 4712
7551 4417
7552 5882
7553 5383
7554 4639
7557 5830
7558 5142
7559 5498
7560 4480
7561 5467
7562 5103
7565 5982
7566 5377
7567 4886
7570 4863
7571 5020
7572 5684
7573 4541
7574 5646
7575 5984
7576 4868
7577 4743
7578 5224
7582 5713
7583 5311
7584 5667
7586 5746
7590 4234
7591 4089
7592 5220
7594 5987
7597 5287
7598 4042
7599 5679
7600 4158
7601 4363
7607 4907
7608 4028
7610 5236
7611 4468
7612 5281
7614 4755
7616 5453
7617 5536
7618 5222
7619 4042
7624 4319
7625 4537
7629 4226
7630 5799
7632 5357
7633 5237
7634 5873
7635 5039
7639 5687
7641 5660
7642 4386
7643 4276
7644 4202
7645 5889
7647 4635
7648 4023
7650 4540
7652 4286
7654 5245
7655 5611
7656 5020
7659 5116
7660 4625
7661 4784
7662 4994
7665 4473
7668 5541
7669 5525
7670 5544
7671 4678
7672 5323
7673 5088
7676 4716
7677 4495
7678 5368
7679 4410
7681 4306
7688 5029
7690 5863
7692 4733
7693 5719
7694 5569
7695 4780
7696 4662
7701 5490
7703 4427
7705 4122
7706 5981
7708 5504
7709 5218
7710 4117
7711 4844
7712 5801
7713 5555
7714 5980
7715 5695
7716 4491
7717 4306
7718 5716
7720 5163
7721 5990
7722 4715
7723 5174
7724 5821
7725 5771
7726 5894
7727 5356
7728 5487
7730 4896
7731 5724
7732 5691
7733 4322
7735 4768
7736 5114
7737 5607
7739 5785
7740 4802
7741 5507
7742 5625
7743 4487
7744 4046
7745 4306
7746 4237
7747 4371
7749 5147
7750 5631
7752 5737
7755 5680
7756 4419
7757 5912
7758 4349
7759 4085
7761 5656
7763 5863
7765 4569
7766 4108
7770 4436
7771 4666
7772 5874
7773 5225
7776 4017
7778 5173
7780 4264
7782 4245
7783 4814
7785 5328
7788 4709
7790 4878
7791 4586
7794 4935
7795 5133
7796 5588
7798 5328
7799 5041
7802 4939
7803 5005
7805 4187
7806 5960
7808 5151
7810 4544
7811 5965
7812 5626
7817 4294
7820 4272
7822 5981
7823 5396
7825 5189
7827 4463
7828 5535
7829 4467
7831 4972
7833 4110
7835 4470
7836 5721
7837 5679
7838 4252
7842 5618
7844 5267
7846 4426
7848 4195
7849 5748
7850 4765
7851 4157
7853 5132
7855 5794
7856 4224
7857 4309
7859 5659
7860 5338
7865 5417
7867 4399
7868 4072
7869 4385
7870 5034
7872 4528
7873 5425
7874 5591
7875 5306
7877 4033
7878 5510
7880 5326
7884 5256
7885 5776
7886 5153
7888 4228
7889 5898
7890 5838
7891 5552
7892 4007
7893 4590
7894 5990
7896 5978
7897 5764
7898 4591
7899 4356
7900 5020
7902 4958
7905 4845
7907 5495
7908 5459
7909 5631
7911 5554
7913 4748
7914 4337
7915 4304
7916 5520
7918 4034
7919 5635
7920 4185
7922 5865
7923 4557
7924 5990
7925 4942
7928 4567
7929 4540
7930 5781
7931 5939
7932 5191
7934 4884
7936 4775
7938 5526
7939 5988
7940 4005
7941 4766
7944 4744
7947 5740
7948 4609
7955 4634
7957 4182
7959 4120
7960 4289
7961 5405
7963 5990
7964 4622
7970 4703
7971 4964
7972 5612
7973 5253
7976 4220
7977 4008
7978 4483
7980 5683
7982 4777
7983 5188
7984 5651
7985 4824
7986 5207
7987 4494
7988 4078
7989 5930
7990 4590
7991 4671
7994 4786
7996 5765
7998 5238
7999 4811
4096 3351
4097 2276
4098 2575
4099 3320
4100 2136
4102 2686
4103 2824
4107 3638
4108 3352
4109 3229
4110 3911
4112 3795
4113 3658
4115 3385
4117 2598
4118 2149
4119 2760
4120 2113
4122 3587
4123 3063
4130 3277
4131 2528
4132 2820
4133 3045
4134 3616
4136 3297
4138 2703
4140 2141
4141 3812
4144 3274
4146 3485
4147 3349
4148 3618
4149 2331
4151 3075
4153 2624
4155 3288
4156 3221
4157 2070
4158 2980
4160 2618
4162 2131
4164 3354
4165 3640
4168 3111
4171 3566
4182 2241
4184 3696
4185 3277
4186 3553
4187 3338
4189 3054
4190 2770
4194 3910
4195 3901
4197 3138
4200 2283
4202 2664
4207 2199
4208 3821
4209 3553
4210 2461
4213 3265
4218 2856
4220 2423
4223 3209
4224 3239
4226 3070
4228 3675
4229 2828
4230 2582
4232 3108
4234 3025
4235 3625
4237 3146
4238 2226
4243 3462
4245 3487
4247 3940
4249 2624
4250 3840
4252 2007
4258 2150
4263 2746
4264 2507
4268 3017
4271 2359
4272 2603
4273 2634
4275 2974
4276 2663
4280 3324
4285 2092
4286 3176
4289 2447
4290 3190
4293 3814
4294 3487
4297 2060
4300 2253
4301 3337
4303 2936
4304 3751
4306 2850
4307 2847
4309 2068
4315 3310
4319 2153
4322 3358
4326 3174
4327 3883
4329 3386
4334 2450
4335 2744
4337 3898
4339 2083
4340 2659
4343 3182
4344 3417
4345 2334
4349 2884
4350 3607
4352 3202
4356 3051
4357 2815
4363 2387
4365 2406
4369 3356
4370 2286
4371 2480
4372 2178
4374 3319
4375 3263
4376 2637
4379 3682
4381 2424
4382 2391
4383 3754
4385 2031
4386 3846
4389 3168
4390 3906
4391 2822
4393 2692
4394 3099
4395 2670
4397 2314
4399 2634
4406 3339
4407 2569
4408 3593
4409 3822
4410 2050
4412 2102
4413 3714
4417 3086
4418 3984
4419 3805
4422 3178
4426 3121
4427 3935
4428 3502
4433 3998
4436 3445
4437 3596
4440 2036
4444 2783
4445 3063
4446 3073
4449 3888
4453 2709
4454 3322
4455 3026
4463 2594
4465 2645
4466 2206
4467 2885
4468 2676
4469 2064
4470 3897
4471 3936
4473 3988
4475 2134
4480 2259
4481 2921
4483 2134
4487 3712
4488 2302
4489 3760
4490 3763
4491 2743
4492 2861
4493 2679
4494 2751
4495 3813
4501 3448
4503 2333
4504 3196
4505 3770
4512 2602
4519 3112
4521 3103
4522 3691
4523 2841
4524 3004
4525 3595
4526 2213
4528 3840
4529 2858
4530 3599
4531 2256
4534 3986
4535 3285
4537 3160
4540 2576
4541 2878
4542 3727
4544 2642
4548 3915
4549 2359
4550 3916
4553 3628
4554 3319
4557 3955
4560 2566
4564 2312
4566 3600
4567 3763
4569 2866
4571 2084
4573 2899
4579 2349
4580 2183
4586 3680
4587 2174
4588 3507
4590 2973
4591 3173
4593 3119
4594 3718
4596 2212
4597 3867
4599 2558
4607 3822
4609 2084
4610 2600
4613 3414
4617 3333
4621 2011
4622 3544
4623 2615
4625 2321
4626 2809
4628 3656
4633 2386
4634 2766
4635 3040
4636 2890
4639 2825
4640 3011
4641 2445
4642 2339
4645 2517
4652 2444
4655 2870
4658 3256
4659 3898
4662 2036
4663 3403
4666 3783
4671 2710
4678 3028
4680 2128
4692 3516
4694 3863
4697 2803
4702 2966
4703 3678
4706 2779
4707 3420
4708 3572
4709 3161
4711 2619
4712 2615
4713 3238
4714 3245
4715 2177
4716 3026
4717 2248
4718 3974
4721 2937
4727 2475
4733 2847
4734 3441
4742 2947
4743 2843
4744 2877
4748 3916
4749 3438
4752 2855
4753 3233
4755 2201
4757 3125
4758 2773
4762 2661
4763 3805
4764 3066
4765 3128
4766 3595
4768 3192
4769 2390
4770 3532
4775 2523
4777 3171
4780 3798
4782 3918
4784 3256
4786 2301
4790 2230
4791 2580
4792 3313
4795 2687
4797 2367
4799 3883
4800 3104
4801 3518
4802 3457
4803 2573
4804 3782
4809 3465
4811 2258
4813 2891
4814 3271
4819 3722
4820 3886
4821 3515
4822 3846
4823 2007
4824 3143
4825 2821
4828 3121
4832 3787
4837 2343
4840 2366
4841 2177
4844 2473
4845 3542
4847 2494
4851 2849
4856 2685
4863 2992
4868 2024
4869 2504
4870 2604
4871 3556
4874 3666
4877 3402
4878 3630
4879 2628
4883 2115
4884 2250
4886 3749
4896 3630
4899 3752
4902 3674
4903 3453
4907 3234
4909 3889
4910 2333
4911 2279
4913 2777
4914 2643
4916 3995
4921 2359
4922 2984
4923 2940
4924 3041
4927 3873
4929 2711
4931 2656
4934 3663
4935 2275
4938 2434
4939 2995
4941 2523
4942 2675
4944 3357
4945 2775
4947 3900
4953 2063
4954 3844
4956 3674
4957 3201
4958 3962
4960 3320
4964 3777
4965 3480
4967 3611
4968 3367
4971 2522
4972 3325
4974 2192
4975 3650
4976 2709
4978 3651
4982 2322
4988 3113
4990 3641
4991 2921
4993 2561
4994 3937
4995 2698
4998 2161
4999 2533
5003 3405
5005 3238
5011 2160
5012 3560
5013 3276
5014 2584
5015 3869
5017 2850
5018 3644
5020 2540
5024 3824
5026 3724
5027 2352
5028 3223
5029 3378
5031 3525
5034 3235
5035 2373
5038 3111
5039 3686
5040 3666
5041 2375
5045 3070
5048 3251
5049 3386
5050 3495
5052 3868
5053 2327
5054 3350
5055 2956
5056 3830
5058 2671
5059 3000
5060 2437
5065 3634
5067 2977
5073 3363
5078 2145
5079 3368
5080 3109
5082 2782
5085 3545
5086 3880
5087 2714
5088 2726
5089 2673
5090 2326
5091 3436
5093 2650
5099 3861
5100 3133
5101 2216
5102 2608
5103 3736
5106 2630
5107 2218
5111 2352
5114 3343
5116 3356
5117 2796
5123 2871
5126 2005
5127 3181
5131 2669
5132 3905
5133 2819
5135 3312
5140 2364
5142 2381
5145 3054
5147 2047
5150 2291
5151 2158
5153 2432
5159 2190
5161 2122
5163 3800
5164 3903
5165 3981
5166 2603
5169 2917
5170 2482
5173 2140
5174 2230
5176 2036
5177 3853
5178 2477
5179 2917
5181 3941
5184 3364
5185 3984
5188 2607
5189 3366
5190 3942
5191 2667
5193 3760
5196 2220
5197 2689
5198 2001
5203 3693
5205 3366
5207 3300
5210 2849
5211 2993
5215 3272
5216 3785
5218 2138
5219 3803
5220 3921
5222 3133
5224 3071
5225 3966
5226 3912
5230 2021
5233 3271
5234 2510
5235 2017
5236 3052
5237 2137
5238 3338
5242 2172
5243 3587
5244 3483
5245 2600
5247 2073
5249 3826
5250 2282
5251 3427
5253 3675
5256 2752
5262 2533
5265 2997
5266 3296
5267 2861
5268 2294
5270 3488
5272 3466
5273 3002
5275 3205
5276 3751
5278 2230
5279 2333
5280 3853
5281 2750
5282 3430
5287 3243
5290 3973
5293 2016
5295 3354
5301 3444
5304 3082
5306 2898
5307 3374
5309 2766
5310 2311
5311 3529
5312 2554
5320 2160
5323 3024
5326 3948
5328 2930
5334 2435
5338 2538
5342 3298
5347 3403
5348 2218
5350 2320
5356 2997
5357 3956
5358 2480
5362 2028
5365 3910
5366 2655
5368 2869
5371 2109
5373 2396
5375 3176
5376 2060
5377 2269
5379 3506
5383 3810
5384 3372
5386 2386
5387 2034
5391 2193
5392 3240
5394 2702
5396 3854
5397 2848
5398 2035
5403 3986
5405 3706
5407 2034
5408 3420
5409 2809
5410 2265
5412 2545
5413 2354
5416 3279
5417 3999
5418 3516
5420 2207
5421 3128
5422 2614
5423 2774
5425 3132
5432 3599
5434 2979
5439 2631
5440 2323
5442 2401
5445 3104
5448 3039
5450 2976
5453 3683
5455 2882
5458 2338
5459 2636
5460 2065
5467 3836
5473 2920
5474 3522
5476 2544
5477 2071
5480 2235
5486 2837
5487 2116
5488 2748
5489 3905
5490 3717
5495 2208
5496 2276
5498 2165
5500 2764
5504 2412
5505 3488
5506 2723
5507 3270
5508 3028
5509 2782
5510 3811
5511 2595
5512 2564
5513 3463
5516 3745
5519 2801
5520 2283
5525 3365
5526 3581
5529 2212
5535 2482
5536 2057
5540 3916
5541 2248
5544 3248
5550 2086
5551 2593
5552 2030
5554 2674
5555 2907
5557 2399
5558 3005
5562 2158
5565 3905
5569 2804
5570 2300
5571 3090
5576 3499
5578 2657
5579 3034
5580 3582
5581 2076
5587 3385
5588 3835
5591 2656
5592 3416
5593 3300
5594 3032
5595 2574
5596 3344
5598 3041
5600 2307
5602 2409
5607 3797
5611 3504
5612 3313
5615 3256
5616 2310
5617 3488
5618 3872
5619 2198
5621 2184
5623 3982
5625 3882
5626 2844
5630 2069
5631 3546
5632 3661
5635 3864
5637 2020
5640 3978
5644 3906
5645 2508
5646 3840
5647 3323
5649 2800
5650 3883
5651 2475
5652 2665
5653 2420
5654 2955
5656 3424
5657 2226
5658 2629
5659 3065
5660 3119
5661 3294
5667 2445
5668 3999
5670 2489
5672 2193
5674 3074
5675 3586
5677 2344
5679 2143
5680 3590
5681 3196
5683 3267
5684 2588
5686 2984
5687 2186
5688 3852
5690 3214
5691 2715
5694 2923
5695 3938
5697 3312
5700 2112
5703 3851
5708 2639
5709 2986
5713 3316
5716 2499
5717 3699
5719 2348
5720 3363
5721 2227
5722 2851
5724 2185
5728 3547
5729 2795
5732 3791
5733 2617
5735 2676
5737 2869
5740 2779
5746 3434
5747 2283
5748 3965
5752 2704
5753 2825
5755 3260
5756 2345
5757 2010
5760 2145
5764 3232
5765 2048
5767 3753
5769 2292
5771 2775
5772 2482
5773 3743
5776 3508
5780 3067
5781 2923
5783 2107
5785 3112
5786 3374
5787 2142
5794 2985
5795 3721
5796 2747
5797 2341
5799 2651
5801 3850
5809 2445
5817 3252
5818 2472
5821 2639
5822 2681
5827 2534
5828 2415
5830 2538
5833 3331
5837 3560
5838 2008
5840 3962
5841 3219
5845 3561
5854 2863
5858 2429
5863 2916
5864 3259
5865 3423
5870 2256
5871 2077
5872 2723
5873 2269
5874 3646
5877 3365
5879 3091
5880 3466
5882 2226
5884 3442
5886 2400
5888 2016
5889 2367
5890 2913
5894 2552
5898 2107
5904 2904
5906 2945
5907 2068
5908 2266
5909 2218
5910 3066
5911 3689
5912 3964
5917 3921
5918 2041
5920 2123
5921 2094
5922 3627
5926 3221
5928 2068
5929 3772
5930 3705
5931 3864
5939 2140
5940 2726
5941 2567
5946 2648
5960 2168
5962 2613
5963 2815
5965 3993
5966 2426
5968 3066
5971 2548
5973 3612
5977 3011
5978 2874
5980 3915
5981 3759
5982 3936
5983 2058
5984 3887
5987 2179
5988 3343
5990 2426
5991 3205
5994 3725
5998 3581
4001 3592
4003 2760
4004 3717
4005 3527
4006 2847
4007 3832
4008 2817
4009 2512
4010 2442
4011 2942
4013 3709
4016 2644
4017 2198
4019 2891
4022 2294
4023 2458
4024 2222
4026 3070
4027 3157
4028 3786
4032 2842
4033 3934
4034 2593
4035 3490
4037 2015
4042 2695
4044 2768
4045 2830
4046 2709
4048 2398
4052 3258
4053 3347
4055 2496
4057 3399
4061 3063
4063 3996
4064 2801
4068 3594
4070 2587
4071 3963
4072 2573
4073 3533
4076 3792
4077 3709
4078 2190
4085 2427
4086 2539
4088 2356
4089 2071
4091 2204
4094 3975
2048 1817
2050 919
2057 1656
2058 980
2060 1885
2063 1711
2064 1563
2065 232
2068 394
2069 1250
2070 1982
2071 1994
2073 1522
2076 91
2077 1056
2083 1905
2084 173
2086 1972
2092 1373
2094 1610
2102 1119
2107 1093
2109 568
2112 206
2113 690
2115 471
2116 668
2122 681
2123 1235
2128 693
2131 755
2134 1934
2136 239
2137 1999
2138 930
2140 873
2141 897
2142 938
2143 745
2145 1252
2149 1543
2150 1596
2153 1754
2158 1783
2160 1664
2161 301
2165 1368
2168 1980
2172 1797
2174 1238
2177 1183
2178 391
2179 92
2183 585
2184 1201
2185 1347
2186 755
2190 731
2192 583
2193 1572
2198 416
2199 1041
2201 150
2204 1568
2206 1146
2207 1762
2208 1728
2212 1122
2213 637
2216 1335
2218 466
2220 328
2222 635
2226 1405
2227 1019
2230 1613
2235 817
2241 1710
2248 82
2250 1864
2253 1827
2256 421
2258 330
2259 197
2265 1106
2266 607
2269 1880
2275 214
2276 1839
2279 1154
2282 1948
2283 1161
2286 1748
2291 894
2292 65
2294 1818
2300 1862
2301 1907
2302 632
2307 1299
2310 1638
2311 867
2312 213
2314 1443
2320 1213
2321 1018
2322 862
2323 1150
2326 1447
2327 760
2331 1393
2333 675
2334 1479
2338 83
2339 1346
2341 1456
2343 1754
2344 1257
2345 1571
2348 260
2349 1382
2352 229
2354 1309
2356 1886
2359 1339
2364 1571
2366 1017
2367 1727
2373 1131
2375 944
2381 46
2386 1516
2387 1548
2390 1906
2391 264
2396 805
2398 1870
2399 288
2400 1989
2401 1169
2406 1883
2409 1577
2412 916
2415 1652
2420 33
2423 1698
2424 921
2426 383
2427 1122
2429 1330
2432 819
2434 613
2435 220
2437 1704
2442 1793
2444 1355
2445 165
2447 1332
2450 1927
2458 1184
2461 1519
2472 867
2473 1628
2475 204
2477 1575
2480 504
2482 609
2489 92
2494 1415
2496 1652
2499 324
2504 20
2507 914
2508 1048
2510 515
2512 359
2517 858
2522 1628
2523 86
2528 1085
2533 583
2534 931
2538 956
2539 1796
2540 859
2544 38
2545 1034
2548 799
2552 716
2554 936
2558 424
2561 1463
2564 1213
2566 477
2567 50
2569 1307
2573 613
2574 1725
2575 600
2576 177
2580 210
2582 1199
2584 1134
2587 30
2588 1853
2593 159
2594 1137
2595 12
2598 1730
2600 869
2602 1411
2603 605
2604 643
2607 261
2608 1671
2613 506
2614 902
2615 463
2617 1242
2618 458
2619 1021
2624 1068
2628 1130
2629 606
2630 1921
2631 536
2634 107
2636 720
2637 82
2639 430
2642 499
2643 1053
2644 1512
2645 520
2648 107
2650 951
2651 598
2655 1428
2656 1713
2657 1495
2659 466
2661 169
2663 569
2664 546
2665 1403
2667 1390
2669 1503
2670 1769
2671 62
2673 1397
2674 1123
2675 503
2676 1491
2679 706
2681 86
2685 1584
2686 1474
2687 31
2689 52
2692 1745
2695 1695
2698 472
2702 354
2703 1997
2704 1883
2709 1236
2710 1547
2711 182
2714 665
2715 1640
2723 549
2726 1563
2743 1208
2744 861
2746 667
2747 904
2748 422
2750 1270
2751 1502
2752 1525
2760 159
2764 1755
2766 1139
2768 1794
2770 1496
2773 758
2774 299
2775 1250
2777 832
2779 484
2782 1625
2783 1250
2795 473
2796 1386
2800 1388
2801 1327
2803 1532
2804 1404
2809 101
2815 1303
2817 1139
2819 1090
2820 1767
2821 1978
2822 699
2824 1488
2825 1206
2828 1199
2830 1425
2837 1555
2841 1781
2842 105
2843 1051
2844 1035
2847 1309
2848 1895
2849 1136
2850 662
2851 1794
2855 1467
2856 1052
2858 306
2861 1193
2863 1767
2866 841
2869 56
2870 1686
2871 1765
2874 1278
2877 150
2878 41
2882 390
2884 372
2885 118
2890 74
2891 783
2898 28
2899 952
2904 1444
2907 141
2913 52
2916 806
2917 1807
2920 407
2921 341
2923 1460
2930 433
2936 1891
2937 1271
2940 979
2942 1384
2945 477
2947 556
2955 1060
2956 400
2966 1318
2973 1954
2974 1028
2976 1205
2977 1883
2979 911
2980 612
2984 202
2985 375
2986 276
2992 992
2993 1291
2995 842
2997 903
3000 194
3002 628
3004 839
3005 1332
3011 479
3017 1951
3024 561
3025 1956
3026 1366
3028 667
3032 263
3034 1323
3039 1668
3040 1916
3041 1808
3045 478
3051 1139
3052 577
3054 504
3063 1108
3065 1221
3066 993
3067 131
3070 1254
3071 1878
3073 48
3074 678
3075 518
3082 1117
3086 594
3090 75
3091 24
3099 549
3103 1183
3104 262
3108 1919
3109 371
3111 858
3112 1171
3113 1681
3119 1197
3121 1794
3125 1464
3128 1018
3132 1813
3133 134
3138 231
3143 1460
3146 1255
3157 480
3160 18
3161 640
3168 98
3171 1208
3173 409
3174 1189
3176 1110
3178 1930
3181 1307
3182 1650
3190 353
3192 1667
3196 1318
3201 1598
3202 1113
3205 1877
3209 1765
3214 629
3219 1512
3221 232
3223 1243
3229 1756
3232 1313
3233 1424
3234 645
3235 1125
3238 1385
3239 1588
3240 1299
3243 1291
3245 1639
3248 1804
3251 1341
3252 1957
3256 1076
3258 1924
3259 343
3260 945
3263 1253
3265 935
3267 489
3270 327
3271 1737
3272 1687
3274 787
3276 1957
3277 820
3279 534
3285 1024
3288 447
3294 1399
3296 850
3297 879
3298 986
3300 345
3310 1558
3312 371
3313 1810
3316 78
3319 1092
3320 1239
3322 806
3323 1306
3324 1164
3325 1685
3331 315
3333 1770
3337 1730
3338 479
3339 1566
3343 1933
3344 1255
3347 968
3349 1744
3350 1659
3351 1946
3352 1989
3354 730
3356 30
3357 1953
3358 998
3363 77
3364 1550
3365 126
3366 687
3367 1651
3368 1892
3372 128
3374 19
3378 1687
3385 1450
3386 1607
3399 223
3402 1010
3403 1069
3405 1935
3414 1473
3416 1167
3417 992
3420 1607
3423 1667
3424 623
3427 1566
3430 1529
3434 931
3436 1972
3438 873
3441 1982
3442 450
3444 1667
3445 558
3448 5
3453 1939
3457 1955
3462 722
3463 1497
3465 398
3466 378
3480 1698
3483 1641
3485 1979
3487 1761
3488 1565
3490 1109
3495 634
3499 846
3502 529
3504 534
3506 1007
3507 521
3508 1702
3515 105
3516 846
3518 667
3522 1506
3525 1835
3527 586
3529 1435
3532 225
3533 1226
3542 1148
3544 893
3545 1190
3546 298
3547 878
3553 1837
3556 26
3560 1389
3561 789
3566 941
3572 1348
3581 1809
3582 1011
3586 442
3587 1518
3590 945
3592 939
3593 1555
3594 7
3595 288
3596 1984
3599 1351
3600 1059
3607 1570
3611 93
3612 501
3616 642
3618 208
3625 1604
3627 1933
3628 647
3630 149
3634 193
3638 1218
3640 1639
3641 1392
3644 651
3646 1170
3650 1108
3651 1858
3656 1591
3658 737
3661 571
3663 1878
3666 1628
3674 430
3675 707
3678 855
3680 286
3682 609
3683 11
3686 1271
3689 1443
3691 885
3693 858
3696 293
3699 1631
3705 574
3706 609
3709 1902
3712 760
3714 588
3717 1755
3718 200
3721 1431
3722 957
3724 142
3725 1760
3727 1263
3736 584
3743 1743
3745 1825
3749 255
3751 999
3752 206
3753 403
3754 332
3759 1946
3760 934
3763 54
3770 1677
3772 256
3777 167
3782 342
3783 1329
3785 691
3786 87
3787 292
3791 141
3792 1502
3795 196
3797 352
3798 1342
3800 914
3803 1079
3805 1569
3810 1777
3811 1869
3812 1023
3813 408
3814 18
3821 1375
3822 586
3824 1704
3826 81
3830 392
3832 349
3835 1235
3836 1632
3840 697
3844 1699
3846 1831
3850 1089
3851 455
3852 1886
3853 458
3854 1698
3861 824
3863 1398
3864 1311
3867 1008
3868 1793
3869 1710
3872 1760
3873 1265
3880 1528
3882 544
3883 1639
3886 1978
3887 1485
3888 399
3889 1072
3897 1120
3898 1522
3900 222
3901 1591
3903 656
3905 719
3906 130
3910 15
3911 1967
3912 1066
3915 401
3916 1891
3918 1123
3921 1467
3934 1543
3935 988
3936 692
3937 1427
3938 801
3940 147
3941 687
3942 151
3948 576
3955 1707
3956 343
3962 931
3963 1486
3964 243
3965 1390
3966 1606
3973 618
3974 652
3975 785
3978 660
3981 397
3982 698
3984 1656
3986 1079
3988 276
3993 1185
3995 827
3996 1399
3998 1914
3999 1526
2001 1447
2005 744
2007 1310
2008 1378
2010 466
2011 308
2015 1497
2016 1784
2017 1588
2020 241
2021 1761
2024 672
2028 1021
2030 1125
2031 1505
2034 586
2035 1605
2036 1869
2041 1281
2047 551
