1200 1164
1201 1089
1202 1097
1203 1053
1204 1012
1205 1132
1206 1087
1207 1177
1208 1060
1209 1018
1210 1072
1211 1166
1212 1008
1213 1033
1214 1113
1215 1070
1216 1151
1217 1164
1218 1018
1219 1155
1220 1164
1221 1053
1222 1054
1223 1022
1224 1186
1225 1017
1226 1073
1227 1192
1228 1001
1229 1181
1230 1108
1231 1191
1232 1140
1233 1173
1234 1078
1235 1119
1236 1166
1237 1082
1238 1111
1239 1088
1240 1196
1241 1019
1242 1130
1243 1160
1244 1166
1245 1023
1246 1104
1247 1114
1248 1019
1249 1190
1250 1078
1251 1028
1252 1146
1253 1069
1254 1181
1255 1038
1256 1027
1257 1141
1258 1148
1259 1073
1260 1117
1261 1010
1262 1122
1263 1177
1264 1059
1265 1123
1266 1179
1267 1093
1268 1082
1269 1194
1270 1031
1271 1085
1272 1193
1273 1141
1274 1071
1275 1180
1276 1098
1277 1122
1278 1154
1279 1197
1280 1112
1281 1031
1282 1161
1283 1032
1284 1077
1285 1015
1286 1127
1287 1174
1288 1115
1289 1101
1290 1034
1291 1023
1292 1129
1293 1055
1294 1018
1295 1058
1296 1171
1297 1150
1298 1053
1299 1157
1300 1033
1301 1123
1302 1175
1303 1170
1304 1070
1305 1150
1306 1126
1307 1176
1308 1037
1309 1123
1310 1077
1311 1105
1312 1170
1313 1182
1314 1076
1315 1186
1316 1131
1317 1045
1318 1134
1319 1142
1320 1000
1321 1041
1322 1018
1323 1168
1324 1136
1325 1156
1326 1075
1327 1163
1328 1192
1329 1142
1330 1126
1331 1011
1332 1070
1333 1131
1334 1110
1335 1032
1336 1173
1337 1030
1338 1113
1339 1126
1340 1148
1341 1196
1342 1162
1343 1014
1344 1181
1345 1075
1346 1104
1347 1161
1348 1020
1349 1190
1350 1195
1351 1156
1352 1131
1353 1047
1354 1080
1355 1021
1356 1005
1357 1090
1358 1028
1359 1146
1360 1083
1361 1157
1362 1036
1363 1163
1364 1030
1365 1016
1366 1160
1367 1142
1368 1123
1369 1100
1370 1054
1371 1023
1372 1021
1373 1186
1374 1168
1375 1055
1376 1005
1377 1154
1378 1129
1379 1162
1380 1028
1381 1104
1382 1115
1383 1187
1384 1153
1385 1028
1386 1034
1387 1084
1388 1115
1389 1082
1390 1053
1391 1122
1392 1162
1393 1119
1394 1120
1395 1079
1396 1005
1397 1117
1398 1017
1399 1022
1027 879
1028 933
1030 816
1031 907
1032 938
1033 895
1034 897
1036 922
1037 915
1038 864
1041 845
1045 917
1047 932
1053 849
1054 967
1055 807
1058 893
1059 851
1060 822
1069 870
1070 986
1071 832
1072 858
1073 836
1075 863
1076 958
1077 807
1078 917
1079 803
1080 927
1082 852
1083 891
1084 947
1085 945
1087 913
1088 888
1089 959
1090 973
1093 902
1097 840
1098 819
1100 982
1101 821
1104 816
1105 997
1108 900
1110 902
1111 894
1112 996
1113 972
1114 932
1115 919
1117 833
1119 903
1120 953
1122 929
1123 840
1126 852
1127 942
1129 988
1130 997
1131 984
1132 955
1134 965
1136 887
1140 987
1141 826
1142 915
1146 831
1148 834
1150 954
1151 931
1153 849
1154 861
1155 838
1156 842
1157 872
1160 863
1161 888
1162 804
1163 969
1164 885
1166 844
1168 814
1170 917
1171 932
1173 854
1174 850
1175 835
1176 864
1177 910
1179 970
1180 857
1181 832
1182 944
1186 875
1187 904
1190 860
1191 952
1192 811
1193 903
1194 902
1195 852
1196 872
1197 813
1000 828
1001 902
1005 878
1008 958
1010 848
1011 939
1012 821
1014 870
1015 849
1016 964
1017 886
1018 806
1019 955
1020 882
1021 801
1022 806
1023 842
801 730
803 709
804 681
806 635
807 759
811 715
813 602
814 758
816 643
819 784
821 688
822 673
826 644
828 698
831 610
832 744
833 725
834 709
835 647
836 765
838 670
840 724
842 763
844 778
845 772
848 714
849 733
850 667
851 787
852 786
854 782
857 766
858 745
860 707
861 697
863 618
864 618
870 754
872 703
875 602
878 762
879 787
882 790
885 747
886 756
887 672
888 656
891 632
893 751
894 640
895 644
897 734
900 719
902 745
903 627
904 674
907 747
910 673
913 739
915 764
917 659
919 735
922 634
927 638
929 684
931 685
932 771
933 780
938 776
939 783
942 699
944 689
945 705
947 733
952 702
953 623
954 636
955 745
958 640
959 620
964 639
965 694
967 743
969 644
970 785
972 605
973 768
982 649
984 739
986 610
987 671
988 675
996 671
997 652
602 448
605 520
610 437
618 511
620 460
623 517
627 497
632 526
634 590
635 438
636 410
638 453
639 430
640 412
643 434
644 561
647 485
649 582
652 571
656 490
659 501
667 574
670 566
671 430
672 460
673 540
674 475
675 508
681 546
684 548
685 531
688 410
689 560
694 449
697 407
698 530
699 549
702 427
703 507
705 529
707 562
709 506
714 513
715 417
719 467
724 456
725 536
730 495
733 435
734 523
735 415
739 517
743 595
744 461
745 486
747 579
751 431
754 543
756 494
758 534
759 500
762 499
763 490
764 486
765 535
766 411
768 468
771 564
772 531
776 515
778 437
780 446
782 519
783 557
784 453
785 590
786 442
787 480
790 534
513 232
515 344
517 305
519 290
520 205
523 374
526 316
529 235
530 298
531 232
534 362
407 284
536 391
535 352
410 379
411 246
412 204
540 250
415 255
543 338
417 336
546 368
548 293
549 235
427 312
557 295
430 389
431 271
560 274
561 209
434 366
562 275
435 218
437 300
438 303
566 308
564 360
442 209
571 225
574 209
446 389
448 326
449 368
579 238
453 345
582 297
456 229
460 217
461 282
590 395
467 203
595 341
468 202
475 294
480 393
485 391
486 348
490 379
494 391
495 311
497 246
499 393
500 232
501 213
506 292
507 350
508 212
511 296
389 79
391 79
393 165
395 197
271 15
274 94
275 94
282 179
284 156
290 1
292 180
293 67
294 42
295 143
296 136
297 163
298 105
300 171
303 28
305 60
308 38
311 137
312 128
316 17
326 134
202 77
203 106
204 153
205 48
336 174
209 53
338 70
212 60
341 139
213 53
344 16
345 150
218 147
217 161
348 32
350 122
352 167
225 135
229 160
232 39
360 71
362 169
235 150
366 23
238 142
368 34
374 48
246 25
250 179
379 95
255 144
