1200 1164
1201 1088
1202 1097
1203 1053
1204 1013
1205 1133
1206 1087
1207 1177
1208 1061
1209 1019
1210 1072
1211 1166
1212 1008
1213 1033
1214 1112
1215 1070
1216 1150
1217 1164
1218 1018
1219 1155
1220 1164
1221 1052
1222 1054
1223 1023
1224 1187
1225 1017
1226 1072
1227 1192
1228 1000
1229 1180
1230 1108
1231 1191
1232 1140
1233 1172
1234 1078
1235 1119
1236 1167
1237 1083
1238 1110
1239 1089
1240 1197
1241 1019
1242 1130
1243 1160
1244 1167
1245 1023
1246 1104
1247 1115
1248 1019
1249 1190
1250 1078
1251 1028
1252 1147
1253 1068
1254 1180
1255 1038
1256 1026
1257 1140
1258 1149
1259 1072
1260 1116
1261 1011
1262 1123
1263 1177
1264 1058
1265 1122
1266 1178
1267 1092
1268 1083
1269 1194
1270 1031
1271 1084
1272 1193
1273 1140
1274 1071
1275 1180
1276 1099
1277 1122
1278 1154
1279 1196
1280 1112
1281 1030
1282 1161
1283 1032
1284 1077
1285 1014
1286 1127
1287 1174
1288 1115
1289 1101
1290 1034
1291 1023
1292 1128
1293 1055
1294 1018
1295 1058
1296 1171
1297 1151
1298 1052
1299 1156
1300 1032
1301 1123
1302 1175
1303 1170
1304 1070
1305 1150
1306 1127
1307 1176
1308 1036
1309 1122
1310 1076
1311 1104
1312 1170
1313 1183
1314 1076
1315 1186
1316 1131
1317 1045
1318 1134
1319 1143
1320 1001
1321 1041
1322 1019
1323 1169
1324 1136
1325 1156
1326 1074
1327 1162
1328 1193
1329 1142
1330 1126
1331 1011
1332 1070
1333 1131
1334 1111
1335 1032
1336 1173
1337 1031
1338 1113
1339 1127
1340 1148
1341 1197
1342 1162
1343 1015
1344 1180
1345 1074
1346 1105
1347 1160
1348 1020
1349 1190
1350 1194
1351 1156
1352 1130
1353 1046
1354 1080
1355 1021
1356 1005
1357 1090
1358 1028
1359 1146
1360 1083
1361 1157
1362 1036
1363 1162
1364 1031
1365 1016
1366 1161
1367 1143
1368 1123
1369 1100
1370 1054
1371 1022
1372 1021
1373 1187
1374 1169
1375 1054
1376 1005
1377 1154
1378 1129
1379 1162
1380 1029
1381 1104
1382 1114
1383 1187
1384 1153
1385 1029
1386 1035
1387 1084
1388 1114
1389 1082
1390 1053
1391 1122
1392 1162
1393 1119
1394 1120
1395 1079
1396 1005
1397 1116
1398 1017
1399 1022
1026 890
1028 933
1029 925
1030 816
1031 907
1032 939
1033 895
1034 897
1035 907
1036 923
1038 865
1041 845
1045 916
1046 885
1052 887
1053 849
1054 966
1055 807
1058 893
1061 971
1068 847
1070 987
1071 832
1072 858
1074 830
1076 958
1077 806
1078 916
1079 803
1080 927
1082 853
1083 890
1084 946
1087 913
1088 888
1089 958
1090 972
1092 803
1097 840
1099 989
1100 983
1101 820
1104 816
1105 996
1108 900
1110 902
1111 895
1112 997
1113 973
1114 932
1115 918
1116 950
1119 903
1120 952
1122 929
1123 841
1126 853
1127 943
1128 898
1129 988
1130 997
1131 985
1133 953
1134 965
1136 887
1140 987
1142 914
1143 959
1146 831
1147 814
1148 835
1149 897
1150 954
1151 930
1153 849
1154 861
1155 839
1156 843
1157 872
1160 863
1161 889
1162 804
1164 885
1166 845
1167 802
1169 844
1170 917
1171 933
1172 807
1173 855
1174 851
1175 835
1176 865
1177 911
1178 966
1180 857
1183 932
1186 874
1187 904
1190 860
1191 952
1192 810
1193 902
1194 902
1196 873
1197 813
1000 828
1001 902
1005 878
1008 958
1011 939
1013 914
1014 871
1015 848
1016 964
1017 886
1018 807
1019 955
1020 882
1021 801
1022 806
1023 843
801 731
802 712
803 709
804 680
806 634
807 759
810 679
813 603
814 758
816 643
820 797
828 699
830 707
831 611
832 745
835 647
839 746
840 725
841 700
843 699
844 778
845 772
847 751
848 715
849 733
851 786
853 758
855 616
857 766
858 744
860 706
861 697
863 618
865 719
871 629
872 703
873 712
874 751
878 762
882 790
885 746
886 756
887 673
888 656
889 751
890 727
893 751
895 645
897 735
898 744
900 719
902 744
903 626
904 674
907 746
911 629
913 738
914 707
916 724
917 659
918 740
923 773
925 660
927 638
929 684
930 751
932 771
933 780
939 782
943 780
946 687
950 620
952 702
953 622
954 636
955 744
958 640
959 620
964 638
965 695
966 626
971 762
972 605
973 768
983 702
985 648
987 670
988 674
989 691
996 671
997 653
640 412
768 468
643 435
772 531
645 574
773 502
647 484
771 565
648 453
778 436
638 452
780 446
653 450
782 519
656 490
786 443
659 500
660 588
790 534
797 555
670 567
671 430
673 541
674 475
679 412
680 506
684 549
687 530
691 534
695 403
697 407
699 549
700 445
702 426
703 506
706 425
707 562
709 507
712 578
715 417
719 467
724 457
725 537
727 548
603 547
731 568
733 434
605 521
735 414
738 463
611 500
762 498
740 498
616 487
745 486
746 531
744 460
618 510
620 461
622 595
751 431
626 502
756 495
629 589
758 534
759 500
634 590
636 411
766 411
519 290
521 320
530 298
531 232
403 239
534 362
407 285
537 326
411 246
412 205
541 368
414 379
417 336
547 355
548 292
549 235
425 264
426 226
555 253
430 388
431 271
562 274
435 218
436 320
565 211
434 367
567 380
568 327
443 206
445 292
446 388
574 209
450 211
578 399
452 345
453 344
457 363
588 266
460 217
461 282
463 338
589 276
590 395
467 203
468 202
595 340
475 295
484 262
486 349
487 223
490 379
495 310
498 316
500 233
502 363
506 292
507 350
510 237
388 73
262 167
264 99
266 170
395 197
271 14
399 108
274 94
276 31
282 178
285 47
290 0
292 181
295 142
298 104
310 193
316 16
320 30
326 135
327 93
202 76
203 106
205 49
206 31
336 175
209 52
338 71
211 86
340 152
344 16
345 151
218 146
217 161
349 128
350 122
223 69
226 23
355 124
232 39
233 24
362 169
235 150
363 123
237 29
239 121
368 34
367 124
246 25
379 95
380 174
253 32
