20000 18859
20001 19109
20002 19980
20003 19015
20004 19041
20005 19044
20006 18553
20007 18808
20008 19984
20009 19210
20010 19997
20011 19314
20012 19608
20013 18677
20014 19688
20015 18544
20016 19480
20017 18636
20018 18232
20019 19837
20020 19495
20021 19535
20022 18870
20023 18273
20024 19441
20025 18354
20026 18275
20027 18701
20028 19314
20029 19046
20030 18086
20031 18776
20032 19636
20033 18795
20034 19147
20035 19421
20036 19552
20037 19419
20038 19854
20039 18961
20040 18226
20041 18299
20042 19133
20043 18915
20044 18867
20045 19769
20046 18776
20047 19312
20048 18121
20049 18183
20050 19181
20051 19997
20052 19809
20053 18365
20054 19244
20055 19892
20056 18388
20057 18058
20058 18233
20059 18831
20060 18309
20061 19691
20062 19375
20063 19551
20064 18239
20065 19341
20066 19549
20067 19734
20068 19303
20069 18325
20070 19810
20071 18988
20072 19328
20073 19100
20074 19608
20075 18637
20076 18987
20077 19520
20078 19876
20079 19401
20080 19496
20081 18086
20082 19438
20083 19688
20084 18609
20085 18588
20086 19838
20087 18474
20088 19101
20089 18389
20090 19557
20091 18374
20092 19074
20093 18110
20094 18252
20095 19587
20096 18158
20097 18391
20098 18636
20099 18440
20100 18511
20101 18509
20102 19259
20103 19765
20104 18249
20105 18250
20106 19825
20107 18005
20108 18780
20109 19447
20110 18007
20111 18444
20112 19086
20113 19894
20114 18665
20115 18479
20116 19713
20117 18842
20118 18273
20119 19393
20120 19877
20121 19944
20122 18788
20123 18523
20124 19714
20125 19036
20126 18068
20127 19724
20128 18334
20129 18802
20130 19143
20131 18834
20132 18129
20133 19898
20134 19302
20135 19172
20136 19013
20137 18714
20138 18435
20139 19009
20140 19550
20141 18935
20142 19077
20143 18564
20144 18911
20145 18770
20146 19460
20147 19871
20148 18277
20149 18812
20150 19082
20151 18845
20152 19665
20153 18954
20154 19547
20155 18922
20156 18500
20157 19934
20158 18837
20159 19191
20160 18993
20161 18934
20162 18625
20163 19656
20164 19363
20165 19653
20166 18426
20167 19690
20168 18061
20169 19807
20170 19542
20171 18697
20172 18993
20173 18331
20174 19555
20175 18086
20176 19881
20177 18913
20178 18740
20179 19024
20180 18807
20181 18908
20182 19186
20183 19777
20184 19924
20185 19615
20186 18848
20187 19672
20188 19017
20189 19347
20190 19900
20191 19149
20192 18484
20193 19665
20194 18014
20195 19902
20196 18689
20197 19431
20198 19943
20199 18751
20200 18588
20201 19417
20202 19465
20203 18020
20204 18852
20205 19315
20206 19967
20207 19495
20208 19532
20209 18665
20210 18695
20211 19260
20212 18741
20213 19760
20214 18554
20215 19363
20216 18973
20217 18417
20218 18987
20219 18047
20220 19329
20221 19448
20222 18774
20223 18457
20224 19396
20225 19384
20226 18284
20227 18222
20228 18035
20229 19634
20230 18743
20231 18849
20232 19217
20233 19951
20234 18368
20235 19287
20236 19951
20237 19241
20238 18769
20239 19024
20240 18745
20241 18912
20242 18133
20243 18499
20244 18307
20245 18355
20246 19231
20247 18208
20248 18379
20249 18336
20250 19114
20251 19148
20252 18684
20253 18043
20254 19074
20255 18450
20256 18553
20257 19877
20258 18149
20259 18400
20260 18027
20261 19080
20262 18984
20263 18185
20264 19802
20265 18220
20266 18511
20267 18929
20268 18162
20269 19655
20270 19324
20271 19191
20272 19966
20273 18343
20274 18668
20275 18271
20276 18054
20277 18358
20278 18875
20279 18550
20280 18211
20281 18708
20282 19113
20283 18157
20284 19436
20285 18273
20286 19677
20287 19712
20288 19256
20289 18836
20290 19854
20291 19330
20292 18730
20293 18659
20294 18257
20295 19831
20296 19126
20297 18128
20298 19532
20299 19482
20300 18194
20301 18048
20302 19687
20303 19731
20304 18880
20305 19937
20306 19542
20307 18435
20308 19532
20309 19083
20310 19080
20311 19278
20312 18198
20313 19188
20314 19377
20315 19416
20316 18762
20317 19631
20318 19817
20319 19154
20320 18569
20321 19738
20322 18686
20323 18351
20324 19139
20325 19625
20326 18816
20327 18523
20328 18261
20329 19099
20330 19603
20331 19804
20332 19468
20333 19567
20334 18611
20335 19660
20336 18298
20337 18795
20338 18645
20339 19758
20340 18004
20341 19339
20342 19568
20343 19239
20344 18858
20345 19956
20346 18757
20347 18093
20348 19238
20349 19120
20350 18262
20351 18618
20352 18159
20353 19023
20354 18656
20355 18607
20356 19667
20357 18686
20358 19185
20359 19924
20360 19767
20361 18020
20362 19656
20363 18087
20364 18866
20365 18215
20366 18365
20367 18150
20368 18907
20369 19080
20370 18995
20371 19564
20372 19286
20373 19083
20374 19127
20375 18962
20376 18681
20377 18923
20378 18344
20379 18143
20380 18321
20381 19425
20382 18932
20383 19781
20384 18145
20385 19964
20386 19427
20387 18115
20388 18589
20389 18201
20390 18110
20391 19291
20392 18570
20393 18086
20394 18900
20395 19428
20396 19321
20397 18561
20398 18865
20399 19977
20400 19097
20401 19336
20402 18377
20403 18290
20404 19510
20405 19419
20406 19013
20407 18131
20408 18057
20409 19766
20410 19622
20411 18042
20412 18683
20413 19957
20414 18376
20415 18557
20416 19037
20417 19716
20418 19998
20419 18389
20420 19625
20421 18390
20422 18286
20423 19856
20424 18360
20425 18323
20426 19383
20427 19698
20428 18879
20429 18454
20430 18129
20431 19678
20432 19916
20433 18805
20434 19141
20435 18401
20436 19968
20437 19645
20438 18962
20439 18589
20440 19285
20441 19746
20442 19886
20443 19035
20444 19137
20445 19981
20446 18833
20447 19847
20448 19446
20449 18623
20450 19242
20451 18180
20452 19880
20453 19491
20454 19336
20455 18766
20456 18812
20457 19019
20458 19247
20459 19368
20460 18161
20461 19746
20462 19619
20463 18922
20464 19839
20465 18981
20466 18269
20467 19263
20468 19810
20469 18702
20470 18475
20471 19814
20472 18958
20473 18566
20474 18778
20475 18519
20476 18096
20477 18994
20478 18821
20479 19619
20480 18623
20481 19115
20482 18706
20483 19267
20484 18006
20485 18323
20486 18621
20487 18082
20488 18062
20489 19029
20490 19177
20491 18321
20492 19771
20493 19888
20494 18995
20495 18033
20496 18211
20497 18884
20498 19049
20499 19332
20500 18751
20501 19973
20502 18198
20503 19384
20504 19999
20505 18118
20506 19250
20507 19975
20508 18372
20509 18281
20510 18090
20511 19621
20512 18330
20513 18279
20514 19312
20515 18461
20516 18134
20517 18395
20518 19761
20519 18310
20520 18439
20521 19765
20522 18489
20523 18001
20524 19012
20525 19551
20526 19374
20527 18697
20528 19404
20529 19524
20530 19194
20531 19763
20532 19859
20533 19816
20534 19760
20535 19679
20536 18667
20537 18366
20538 18136
20539 19842
20540 18213
20541 18309
20542 19417
20543 19514
20544 18383
20545 19107
20546 19274
20547 19956
20548 18722
20549 19955
20550 18029
20551 19472
20552 19999
20553 19566
20554 18557
20555 18441
20556 19293
20557 19770
20558 19465
20559 19865
20560 19043
20561 19962
20562 19411
20563 18844
20564 18284
20565 18137
20566 19673
20567 19793
20568 18472
20569 18581
20570 19142
20571 18256
20572 18318
20573 18271
20574 18336
20575 19979
20576 18248
20577 19455
20578 18442
20579 18155
20580 18911
20581 18190
20582 18407
20583 18723
20584 19484
20585 19635
20586 19349
20587 19529
20588 18099
20589 19988
20590 19140
20591 19351
20592 18892
20593 18780
20594 18964
20595 19077
20596 18183
20597 18212
20598 19268
20599 18166
20600 19028
20601 19518
20602 18910
20603 18723
20604 18962
20605 18931
20606 19777
20607 19514
20608 19618
20609 19751
20610 19712
20611 18328
20612 18298
20613 19061
20614 19783
20615 19714
20616 19328
20617 18798
20618 19058
20619 19869
20620 19389
20621 19543
20622 18842
20623 19911
20624 18440
20625 18978
20626 19167
20627 19821
20628 18990
20629 18745
20630 18124
20631 18976
20632 18321
20633 18092
20634 18349
20635 19739
20636 18996
20637 19012
20638 18688
20639 18076
20640 19114
20641 18864
20642 18447
20643 19989
20644 18198
20645 19714
20646 19396
20647 18866
20648 19913
20649 18470
20650 19809
20651 18055
20652 18207
20653 19182
20654 19485
20655 19643
20656 18014
20657 18147
20658 19177
20659 18952
20660 19174
20661 19368
20662 18581
20663 19209
20664 19513
20665 19388
20666 18682
20667 19710
20668 18002
20669 19679
20670 18902
20671 19448
20672 18640
20673 18719
20674 19296
20675 19891
20676 19129
20677 19563
20678 19978
20679 18663
20680 18857
20681 19546
20682 19019
20683 18463
20684 19134
20685 19448
20686 19662
20687 18780
20688 18603
20689 18387
20690 19789
20691 19755
20692 19085
20693 18606
20694 18002
20695 19116
20696 19245
20697 19545
20698 19363
20699 19858
20700 18613
20701 19031
20702 19559
20703 18561
20704 18023
20705 18091
20706 19678
20707 19822
20708 18847
20709 18874
20710 19203
20711 19469
20712 18831
20713 18987
20714 18613
20715 18389
20716 18234
20717 19082
20718 18363
20719 18303
20720 19431
20721 19924
20722 18109
20723 19280
20724 18375
20725 19120
20726 19661
20727 18096
20728 19661
20729 18304
20730 19987
20731 19754
20732 19799
20733 18460
20734 18835
20735 18652
20736 18285
20737 18912
20738 18882
20739 18297
20740 18687
20741 19683
20742 19540
20743 19944
20744 18616
20745 18610
20746 19188
20747 18252
20748 19725
20749 18165
20750 19856
20751 19298
20752 18369
20753 18791
20754 19079
20755 18660
20756 19502
20757 19564
20758 18340
20759 19119
20760 18235
20761 19471
20762 19378
20763 18954
20764 18936
20765 18195
20766 18127
20767 18181
20768 18258
20769 18452
20770 18472
20771 18347
20772 18822
20773 18169
20774 18509
20775 19720
20776 18239
20777 19538
20778 19616
20779 19566
20780 18713
20781 18034
20782 19291
20783 18340
20784 18798
20785 19996
20786 19602
20787 18563
20788 19395
20789 18625
20790 19487
20791 19089
20792 18763
20793 19211
20794 18318
20795 19373
20796 18167
20797 19539
20798 18164
20799 19165
20800 18393
20801 18417
20802 18475
20803 18703
20804 18695
20805 18101
20806 18341
20807 19539
20808 18300
20809 18926
20810 18164
20811 19031
20812 19613
20813 19538
20814 18985
20815 18954
20816 19949
20817 18646
20818 19151
20819 18003
20820 18717
20821 18660
20822 18505
20823 19410
20824 18466
20825 18385
20826 18840
20827 19965
20828 19084
20829 18402
20830 19080
20831 19344
20832 19430
20833 18959
20834 18643
20835 18500
20836 19794
20837 18878
20838 18734
20839 19454
20840 18922
20841 19031
20842 18172
20843 19916
20844 19663
20845 19576
20846 18719
20847 18140
20848 18952
20849 19527
20850 19895
20851 19944
20852 19441
20853 19709
20854 19902
20855 19330
20856 19072
20857 18823
20858 19287
20859 18356
20860 19062
20861 18095
20862 18144
20863 19629
20864 18788
20865 19933
20866 19782
20867 18823
20868 18780
20869 19521
20870 18436
20871 18267
20872 18683
20873 19111
20874 18302
20875 18160
20876 18941
20877 19674
20878 19555
20879 19634
20880 18523
20881 18043
20882 19525
20883 19637
20884 19044
20885 19821
20886 19412
20887 19277
20888 18861
20889 19246
20890 18918
20891 19664
20892 19459
20893 18824
20894 18121
20895 18886
20896 19488
20897 18324
20898 18795
20899 18809
20900 19600
20901 18145
20902 19213
20903 19559
20904 18192
20905 18997
20906 18751
20907 19526
20908 19729
20909 19071
20910 19145
20911 18033
20912 18242
20913 18777
20914 19657
20915 19341
20916 19318
20917 18237
20918 19516
20919 18354
20920 19486
20921 18846
20922 19279
20923 19400
20924 19576
20925 19355
20926 19445
20927 18422
20928 18513
20929 19823
20930 18300
20931 19721
20932 18912
20933 19243
20934 18270
20935 19798
20936 19149
20937 18466
20938 18609
20939 18398
20940 18089
20941 19635
20942 19990
20943 18165
20944 18274
20945 18839
20946 18661
20947 18185
20948 18707
20949 18084
20950 18242
20951 18155
20952 18802
20953 19869
20954 19905
20955 18121
20956 19799
20957 19109
20958 18634
20959 19437
20960 19504
20961 18566
20962 19793
20963 18926
20964 19530
20965 19904
20966 19425
20967 18936
20968 18847
20969 19643
20970 18184
20971 19578
20972 18574
20973 18504
20974 18278
20975 19884
20976 18736
20977 19397
20978 18850
20979 18014
20980 19991
20981 19845
20982 19573
20983 18801
20984 19355
20985 19900
20986 18451
20987 19973
20988 19096
20989 19403
20990 19649
20991 19854
20992 19519
20993 18074
20994 19356
20995 18756
20996 19725
20997 19529
20998 19973
20999 18806
21000 19068
21001 18503
21002 19394
21003 18937
21004 18566
21005 19395
21006 19201
21007 19365
21008 19863
21009 18932
21010 19839
21011 18868
21012 18842
21013 19578
21014 19644
21015 18476
21016 19408
21017 19359
21018 19860
21019 19146
21020 19774
21021 19293
21022 18014
21023 18772
21024 19717
21025 19751
21026 19286
21027 18123
21028 19853
21029 18159
21030 19949
21031 19999
21032 18167
21033 18680
21034 18710
21035 18363
21036 19759
21037 19908
21038 18947
21039 19774
21040 19979
21041 19393
21042 18773
21043 19468
21044 19897
21045 19915
21046 18663
21047 18097
21048 18869
21049 18067
21050 19413
21051 18095
21052 18013
21053 18165
21054 19544
21055 19982
21056 19613
21057 19215
21058 19357
21059 19733
21060 19152
21061 18358
21062 19911
21063 18314
21064 18058
21065 18619
21066 19215
21067 18485
21068 19058
21069 18096
21070 19163
21071 18313
21072 19805
21073 18724
21074 19828
21075 19201
21076 19095
21077 18330
21078 18531
21079 18045
21080 18880
21081 19435
21082 19543
21083 18511
21084 19949
21085 19219
21086 19639
21087 18917
21088 18230
21089 18585
21090 18798
21091 18755
21092 19445
21093 18726
21094 19627
21095 18205
21096 18008
21097 18429
21098 18385
21099 19790
21100 19780
21101 19355
21102 19127
21103 18300
21104 19767
21105 19984
21106 18447
21107 19928
21108 18634
21109 18489
21110 18960
21111 18149
21112 19776
21113 19563
21114 18726
21115 18158
21116 19497
21117 18160
21118 19776
21119 19095
21120 18063
21121 18765
21122 19129
21123 18624
21124 19636
21125 19120
21126 18124
21127 19630
21128 18368
21129 19004
21130 18260
21131 18952
21132 19347
21133 18624
21134 18708
21135 19932
21136 18253
21137 19241
21138 19643
21139 19390
21140 18975
21141 19180
21142 19539
21143 18376
21144 18796
21145 18803
21146 18811
21147 19373
21148 19968
21149 19619
21150 18426
21151 18260
21152 19456
21153 19286
21154 19230
21155 18672
21156 19129
21157 19555
21158 19311
21159 19850
21160 18789
21161 18182
21162 19080
21163 18198
21164 18079
21165 19661
21166 19297
21167 19327
21168 19127
21169 19927
21170 18460
21171 19877
21172 19161
21173 19704
21174 18945
21175 18942
21176 19565
21177 19418
21178 18841
21179 19366
21180 18747
21181 19098
21182 18153
21183 19060
21184 19039
21185 18347
21186 18284
21187 18663
21188 18890
21189 19243
21190 19894
21191 19248
21192 18217
21193 18873
21194 19758
21195 18221
21196 19534
21197 19701
21198 18235
21199 18483
21200 18829
21201 19350
21202 18558
21203 19682
21204 18567
21205 18914
21206 19847
21207 19093
21208 18725
21209 18349
21210 19516
21211 18103
21212 19663
21213 18303
21214 18833
21215 18476
21216 18101
21217 19381
21218 19815
21219 19331
21220 18948
21221 18860
21222 18292
21223 18806
21224 18889
21225 18175
21226 19128
21227 18307
21228 18407
21229 18306
21230 19660
21231 18866
21232 18596
21233 18476
21234 18197
21235 18572
21236 18015
21237 18734
21238 19169
21239 18897
21240 18896
21241 19033
21242 19124
21243 19566
21244 19246
21245 19115
21246 18158
21247 18422
21248 18708
21249 19566
21250 18572
21251 18045
21252 19163
21253 18008
21254 18669
21255 19739
21256 19963
21257 19370
21258 18769
21259 18930
21260 19855
21261 18667
21262 19544
21263 18186
21264 19551
21265 18788
21266 19355
21267 19201
21268 19882
21269 19347
21270 19719
21271 19118
21272 19962
21273 18792
21274 18530
21275 19200
21276 18678
21277 19364
21278 19383
21279 19430
21280 19596
21281 18387
21282 18248
21283 18010
21284 18951
21285 18424
21286 18789
21287 19305
21288 19680
21289 18705
21290 18779
21291 18631
21292 18853
21293 19244
21294 18621
21295 19120
21296 18534
21297 18799
21298 18571
21299 18691
21300 18554
21301 19756
21302 19453
21303 18159
21304 18924
21305 19779
21306 19509
21307 19587
21308 19998
21309 19522
21310 19156
21311 18214
21312 18961
21313 18741
21314 19023
21315 19765
21316 18725
21317 19660
21318 19099
21319 19618
21320 19767
21321 19579
21322 19451
21323 19163
21324 18223
21325 18792
21326 18229
21327 18211
21328 19604
21329 18985
21330 18761
21331 18353
21332 19744
21333 19935
21334 18677
21335 19859
21336 19292
21337 19346
21338 19828
21339 19121
21340 18419
21341 18813
21342 19613
21343 19214
21344 18101
21345 19800
21346 18853
21347 19917
21348 18100
21349 19919
21350 18676
21351 18682
21352 19311
21353 19472
21354 18597
21355 18318
21356 18209
21357 19142
21358 18004
21359 19078
21360 18836
21361 19658
21362 19800
21363 19895
21364 19291
21365 19326
21366 18988
21367 19978
21368 18762
21369 19419
21370 19499
21371 19687
21372 18546
21373 19680
21374 19098
21375 18242
21376 18794
21377 19217
21378 18513
21379 19036
21380 18789
21381 19479
21382 18935
21383 18609
21384 18551
21385 19400
21386 19055
21387 19041
21388 19785
21389 19167
21390 19155
21391 19673
21392 19905
21393 19095
21394 18179
21395 18115
21396 19878
21397 19424
21398 19161
21399 18282
21400 18154
21401 19776
21402 19139
21403 18543
21404 18627
21405 18860
21406 18579
21407 18941
21408 18787
21409 18341
21410 19922
21411 19744
21412 19932
21413 19527
21414 19368
21415 18811
21416 18285
21417 18845
21418 19176
21419 19613
21420 19387
21421 19711
21422 19883
21423 19840
21424 19383
21425 18853
21426 18238
21427 18212
21428 19532
21429 19566
21430 19650
21431 19948
21432 19327
21433 18495
21434 19701
21435 18089
21436 18077
21437 18240
21438 18336
21439 19190
21440 18574
21441 18148
21442 18932
21443 18402
21444 19181
21445 18484
21446 19780
21447 18549
21448 19860
21449 19932
21450 18831
21451 18067
21452 18634
21453 19645
21454 19471
21455 19791
21456 18202
21457 19771
21458 19084
21459 18085
21460 19657
21461 18000
21462 18715
21463 19448
21464 19097
21465 18618
21466 19683
21467 19155
21468 18815
21469 19968
21470 19603
21471 19759
21472 19044
21473 18620
21474 18692
21475 19750
21476 19923
21477 18198
21478 19429
21479 19138
21480 19586
21481 18850
21482 19346
21483 18651
21484 19631
21485 18707
21486 18946
21487 18339
21488 18674
21489 19799
21490 18050
21491 19866
21492 18563
21493 19540
21494 18680
21495 19776
21496 18283
21497 19452
21498 19750
21499 18603
21500 19080
21501 18639
21502 18833
21503 19702
21504 19101
21505 19300
21506 18924
21507 18810
21508 19159
21509 18294
21510 18500
21511 19600
21512 18979
21513 18447
21514 18467
21515 19167
21516 19276
21517 18713
21518 19109
21519 18776
21520 18526
21521 19420
21522 19944
21523 19597
21524 18347
21525 18591
21526 19780
21527 18959
21528 18296
21529 18732
21530 18979
21531 18783
21532 18430
21533 18107
21534 18405
21535 18033
21536 18010
21537 19607
21538 18817
21539 18034
21540 18453
21541 19076
21542 19549
21543 18012
21544 19148
21545 19159
21546 18194
21547 18522
21548 19849
21549 19326
21550 19308
21551 18702
21552 18748
21553 18159
21554 18062
21555 19467
21556 19015
21557 19285
21558 19024
21559 19781
21560 18812
21561 19772
21562 18357
21563 18770
21564 18123
21565 18796
21566 18454
21567 19271
21568 19147
21569 18349
21570 18050
21571 19272
21572 19751
21573 19603
21574 19312
21575 19829
21576 18652
21577 18324
21578 18668
21579 19305
21580 19872
21581 18934
21582 19379
21583 19656
21584 18254
21585 19466
21586 19794
21587 18598
21588 18828
21589 18266
21590 18002
21591 18634
21592 19733
21593 18478
21594 19596
21595 19613
21596 19107
21597 19655
21598 19006
21599 19196
21600 19100
21601 19867
21602 18967
21603 19037
21604 18758
21605 19919
21606 18485
21607 18209
21608 19653
21609 18050
21610 19578
21611 19230
21612 18411
21613 18271
21614 18001
21615 18851
21616 19148
21617 18367
21618 19803
21619 19326
21620 19411
21621 19473
21622 19364
21623 19733
21624 18234
21625 18598
21626 19240
21627 18897
21628 19687
21629 19022
21630 18323
21631 19181
21632 18811
21633 18693
21634 18035
21635 18369
21636 18225
21637 18647
21638 18243
21639 19688
21640 19540
21641 19121
21642 18204
21643 18862
21644 19142
21645 19962
21646 19366
21647 19180
21648 19427
21649 18127
21650 19145
21651 19770
21652 18293
21653 19275
21654 18255
21655 19825
21656 18494
21657 19195
21658 19818
21659 18242
21660 19863
21661 18492
21662 19522
21663 18695
21664 18499
21665 19697
21666 19292
21667 19780
21668 19659
21669 19213
21670 18736
21671 19788
21672 18234
21673 19375
21674 19829
21675 19651
21676 19606
21677 19426
21678 19258
21679 19175
21680 19305
21681 18755
21682 19114
21683 18908
21684 18607
21685 19524
21686 18948
21687 18382
21688 19442
21689 18697
21690 18947
21691 18388
21692 19956
21693 18408
21694 18078
21695 18246
21696 19339
21697 19158
21698 19305
21699 18516
21700 18680
21701 19932
21702 19713
21703 18537
21704 18072
21705 18608
21706 18010
21707 19451
21708 19658
21709 19438
21710 18294
21711 19209
21712 18120
21713 19707
21714 19775
21715 19183
21716 18939
21717 19897
21718 19959
21719 18881
21720 18267
21721 18523
21722 18525
21723 18112
21724 18207
21725 19578
21726 18510
21727 19575
21728 19109
21729 19848
21730 18697
21731 18032
21732 19383
21733 19197
21734 19775
21735 18574
21736 18139
21737 18312
21738 19266
21739 19400
21740 18547
21741 19431
21742 19977
21743 18068
21744 18118
21745 18346
21746 18579
21747 18476
21748 18449
21749 19201
21750 18113
21751 19581
21752 18705
21753 19989
21754 19598
21755 19841
21756 18841
21757 19096
21758 18739
21759 18946
21760 18796
21761 18923
21762 18543
21763 19975
21764 19989
21765 18448
21766 19655
21767 18173
21768 18223
21769 19297
21770 18427
21771 18240
21772 19139
21773 18683
21774 19227
21775 18653
21776 18977
21777 18021
21778 18662
21779 19080
21780 18089
21781 19506
21782 18357
21783 19862
21784 19464
21785 19733
21786 18750
21787 19305
21788 19870
21789 19669
21790 18117
21791 19738
21792 19870
21793 19806
21794 19743
21795 19244
21796 18299
21797 19560
21798 19455
21799 18415
21800 18501
21801 19681
21802 18218
21803 19885
21804 19574
21805 18297
21806 19225
21807 18603
21808 19796
21809 18248
21810 19126
21811 18687
21812 19195
21813 19899
21814 19739
21815 19565
21816 18036
21817 18254
21818 18192
21819 19296
21820 18781
21821 18223
21822 18266
21823 18999
21824 18173
21825 18345
21826 18436
21827 19204
21828 19107
21829 18151
21830 18375
21831 18305
21832 19082
21833 19686
21834 19095
21835 18849
21836 19665
21837 18716
21838 18430
21839 18541
21840 19006
21841 19850
21842 18220
21843 18504
21844 18018
21845 19346
21846 19424
21847 19885
21848 18704
21849 18873
21850 19167
21851 18495
21852 19419
21853 19875
21854 18273
21855 19226
21856 19792
21857 19853
21858 19219
21859 18330
21860 18508
21861 18730
21862 19007
21863 18604
21864 19587
21865 18730
21866 19481
21867 18649
21868 18303
21869 18091
21870 18516
21871 18357
21872 19980
21873 18092
21874 18214
21875 19277
21876 19385
21877 18765
21878 18700
21879 18884
21880 18437
21881 19238
21882 18934
21883 18673
21884 18310
21885 19059
21886 19040
21887 19394
21888 18350
21889 19546
21890 18103
21891 18312
21892 19711
21893 18717
21894 18683
21895 18287
21896 19298
21897 19723
21898 18861
21899 18828
21900 18117
21901 18843
21902 18520
21903 19522
21904 19262
21905 18163
21906 18050
21907 19560
21908 18209
21909 18936
21910 18329
21911 19283
21912 18446
21913 18278
21914 19806
21915 19539
21916 19128
21917 18951
21918 18941
21919 18651
21920 19215
21921 19378
21922 19861
21923 19028
21924 19415
21925 19420
21926 18168
21927 18689
21928 18403
21929 19849
21930 19526
21931 19959
21932 18969
21933 19831
21934 19539
21935 18147
21936 19312
21937 19000
21938 19022
21939 18470
21940 18725
21941 19563
21942 18886
21943 18720
21944 19645
21945 19475
21946 19474
21947 19430
21948 19149
21949 19821
21950 18044
21951 18407
21952 18511
21953 18386
21954 18718
21955 18051
21956 18930
21957 18042
21958 18010
21959 19895
21960 18167
21961 18101
21962 18274
21963 19559
21964 19773
21965 18931
21966 19619
21967 19616
21968 19467
21969 18212
21970 18221
21971 18324
21972 18401
21973 18926
21974 19447
21975 19378
21976 18871
21977 19930
21978 19807
21979 19166
21980 19576
21981 19132
21982 18276
21983 19243
21984 19013
21985 18499
21986 19478
21987 18167
21988 19552
21989 19870
21990 18284
21991 19914
21992 18654
21993 18764
21994 18817
21995 19431
21996 19358
21997 19346
21998 18923
21999 18687
18000 16832
18001 17495
18002 17832
18003 16687
18004 16335
18005 17124
18006 16084
18007 17165
18008 17915
18010 16501
18012 17312
18013 16474
18014 16038
18015 17589
18018 17383
18020 17570
18021 17214
18023 16297
18027 17035
18029 16842
18032 17735
18033 16784
18034 16425
18035 17814
18036 16703
18042 16400
18043 17410
18044 16723
18045 17033
18047 17463
18048 17478
18050 16571
18051 16697
18054 17759
18055 16351
18057 16408
18058 17008
18061 16245
18062 17025
18063 16548
18067 16630
18068 16688
18072 16875
18074 17639
18076 16362
18077 16187
18078 17233
18079 17263
18082 17237
18084 16197
18085 16036
18086 16309
18087 16862
18089 17566
18090 17160
18091 16752
18092 17997
18093 17375
18095 17623
18096 16529
18097 16994
18099 16012
18100 16890
18101 16397
18103 16571
18107 17282
18109 17892
18110 16555
18112 17504
18113 17315
18115 17744
18117 16658
18118 16406
18120 17623
18121 16789
18123 17167
18124 17714
18127 17829
18128 16211
18129 17848
18131 16971
18133 17207
18134 16732
18136 17196
18137 17821
18139 17612
18140 16281
18143 17725
18144 16486
18145 17046
18147 17705
18148 17044
18149 16896
18150 16412
18151 16281
18153 16200
18154 16522
18155 17014
18157 16343
18158 17640
18159 17901
18160 17079
18161 16619
18162 16322
18163 17389
18164 17364
18165 16329
18166 16490
18167 16268
18168 17523
18169 17923
18172 16104
18173 17659
18175 17523
18179 16151
18180 16364
18181 16839
18182 16922
18183 17454
18184 16690
18185 16831
18186 16555
18190 17995
18192 17982
18194 16013
18195 16782
18197 16595
18198 16715
18201 16815
18202 17516
18204 17731
18205 17291
18207 16118
18208 16304
18209 17801
18211 17766
18212 16878
18213 16731
18214 16815
18215 17100
18217 17806
18218 16951
18220 16106
18221 16623
18222 16331
18223 17751
18225 16489
18226 16801
18229 17822
18230 17199
18232 17426
18233 16958
18234 17802
18235 17260
18237 16377
18238 17360
18239 16800
18240 17779
18242 16306
18243 16664
18246 17051
18248 17553
18249 17733
18250 17626
18252 17614
18253 16050
18254 16251
18255 16722
18256 16026
18257 16120
18258 16658
18260 17621
18261 16847
18262 17556
18266 16133
18267 17877
18269 17947
18270 16349
18271 17362
18273 16421
18274 17870
18275 17819
18276 17978
18277 17929
18278 17188
18279 16008
18281 17299
18282 17064
18283 16140
18284 16732
18285 17892
18286 16546
18287 16957
18290 16726
18292 16027
18293 17705
18294 16214
18296 16432
18297 17358
18298 17566
18299 16522
18300 16432
18302 16233
18303 16329
18304 16814
18305 17357
18306 17024
18307 16943
18309 17802
18310 17786
18312 16104
18313 17434
18314 16293
18318 16466
18321 16068
18323 16192
18324 17998
18325 17898
18328 16382
18329 17894
18330 17481
18331 16054
18334 16461
18336 16920
18339 17964
18340 16667
18341 17652
18343 16772
18344 17644
18345 16760
18346 17870
18347 16520
18349 17695
18350 17665
18351 16544
18353 16719
18354 17116
18355 17419
18356 16570
18357 16040
18358 16402
18360 16705
18363 17126
18365 17319
18366 17218
18367 17998
18368 16387
18369 17916
18372 17962
18374 17667
18375 16617
18376 17577
18377 17349
18379 17691
18382 16272
18383 17313
18385 17567
18386 16626
18387 17782
18388 16582
18389 17105
18390 16733
18391 16305
18393 17959
18395 16761
18398 16127
18400 17739
18401 17759
18402 16304
18403 16436
18405 16738
18407 17426
18408 16489
18411 17964
18415 17492
18417 16478
18419 17814
18422 16035
18424 16001
18426 16417
18427 17779
18429 16252
18430 17228
18435 16126
18436 17889
18437 16226
18439 16919
18440 17478
18441 17442
18442 16650
18444 16925
18446 16939
18447 17314
18448 16920
18449 17260
18450 17151
18451 17871
18452 17885
18453 16523
18454 17539
18457 17743
18460 17220
18461 16766
18463 16352
18466 16104
18467 17009
18470 17363
18472 16401
18474 17537
18475 16825
18476 17648
18478 17175
18479 16645
18483 16759
18484 17793
18485 17875
18489 17228
18492 17768
18494 16294
18495 16243
18499 16039
18500 16587
18501 17266
18503 17988
18504 16466
18505 17890
18508 16397
18509 17624
18510 17058
18511 16215
18513 16399
18516 16716
18519 17492
18520 16645
18522 16462
18523 17162
18525 16809
18526 17507
18530 16849
18531 17456
18534 16452
18537 16670
18541 17245
18543 17889
18544 16599
18546 16662
18547 17284
18549 17410
18550 16795
18551 16522
18553 16901
18554 16757
18557 17941
18558 17792
18561 16907
18563 17712
18564 16282
18566 17505
18567 16712
18569 17938
18570 17907
18571 16177
18572 17715
18574 17141
18579 17844
18581 16834
18585 17280
18588 16929
18589 17221
18591 16741
18596 17638
18597 17305
18598 17125
18603 16373
18604 17708
18606 17789
18607 16706
18608 16376
18609 16157
18610 17137
18611 17325
18613 17665
18616 17221
18618 17880
18619 16999
18620 16252
18621 17775
18623 16274
18624 17932
18625 17622
18627 16856
18631 16830
18634 17374
18636 16065
18637 16021
18639 16880
18640 17723
18643 17069
18645 16183
18646 17004
18647 16420
18649 17151
18651 17641
18652 16794
18653 17126
18654 16959
18656 16547
18659 16282
18660 17695
18661 17392
18662 17704
18663 16352
18665 16514
18667 16265
18668 16188
18669 16968
18672 16774
18673 17123
18674 17468
18676 16677
18677 16172
18678 17034
18680 17572
18681 16089
18682 16665
18683 16832
18684 17940
18686 16631
18687 16679
18688 17430
18689 17328
18691 16556
18692 17984
18693 17410
18695 17197
18697 16214
18700 16375
18701 17686
18702 17416
18703 16167
18704 17235
18705 17449
18706 17244
18707 17508
18708 17775
18710 16821
18713 17377
18714 16346
18715 16600
18716 17190
18717 16164
18718 17948
18719 16886
18720 16017
18722 16976
18723 17250
18724 17970
18725 16784
18726 16362
18730 17263
18732 16744
18734 17833
18736 16571
18739 17162
18740 17843
18741 17763
18743 17148
18745 17644
18747 17527
18748 16704
18750 17542
18751 16152
18755 16989
18756 17396
18757 17081
18758 17817
18761 17026
18762 16108
18763 16727
18764 16745
18765 17163
18766 17781
18769 16368
18770 16169
18772 17396
18773 16806
18774 17236
18776 16674
18777 17374
18778 17964
18779 16580
18780 17958
18781 16711
18783 16919
18787 17543
18788 16099
18789 16738
18791 17939
18792 16767
18794 16278
18795 17798
18796 16139
18798 16763
18799 17182
18801 17439
18802 16081
18803 16736
18805 16136
18806 16024
18807 16234
18808 17156
18809 17853
18810 17761
18811 16591
18812 17066
18813 16430
18815 16794
18816 17145
18817 17093
18821 17462
18822 16932
18823 16769
18824 17232
18828 17745
18829 16398
18831 16345
18833 17985
18834 17317
18835 17354
18836 17308
18837 16567
18839 16632
18840 16586
18841 17307
18842 16356
18843 16818
18844 16161
18845 17433
18846 17457
18847 17011
18848 16240
18849 16395
18850 17687
18851 16168
18852 17124
18853 17294
18857 17065
18858 17831
18859 17878
18860 17102
18861 16494
18862 17157
18864 16644
18865 17252
18866 17676
18867 16353
18868 16239
18869 16309
18870 16305
18871 17354
18873 16978
18874 16245
18875 16331
18878 16011
18879 17020
18880 16422
18881 17547
18882 16353
18884 17661
18886 16036
18889 16176
18890 17965
18892 17276
18896 17840
18897 16800
18900 16770
18902 17292
18907 16908
18908 17246
18910 17367
18911 16973
18912 16654
18913 16382
18914 17068
18915 16268
18917 17692
18918 17652
18922 17042
18923 16354
18924 17389
18926 16085
18929 16059
18930 16575
18931 17513
18932 16931
18934 17602
18935 16442
18936 16908
18937 16470
18939 17436
18941 16114
18942 17372
18945 17969
18946 17091
18947 16273
18948 17235
18951 16286
18952 16831
18954 16416
18958 16007
18959 17628
18960 16779
18961 17639
18962 17419
18964 16295
18967 17205
18969 16759
18973 16153
18975 16777
18976 16556
18977 16239
18978 17396
18979 17481
18981 16412
18984 17523
18985 16770
18987 17291
18988 16079
18990 17563
18993 16962
18994 16552
18995 17331
18996 16176
18997 16285
18999 16802
19000 17427
19004 16913
19006 16541
19007 16144
19009 16449
19012 16123
19013 16842
19015 16573
19017 17016
19019 16899
19022 17848
19023 17285
19024 17438
19028 16456
19029 16436
19031 17968
19033 17604
19035 16072
19036 16893
19037 17399
19039 16094
19040 17412
19041 16589
19043 17326
19044 16408
19046 16349
19049 16859
19055 17125
19058 16415
19059 17808
19060 16453
19061 17445
19062 17164
19068 17488
19071 17123
19072 17474
19074 16414
19076 17291
19077 17099
19078 17959
19079 17006
19080 17851
19082 16924
19083 16872
19084 16346
19085 17236
19086 17768
19089 17580
19093 17980
19095 17969
19096 16346
19097 17969
19098 17818
19099 16609
19100 16835
19101 16757
19107 16953
19109 17350
19111 17838
19113 16144
19114 16930
19115 17378
19116 16699
19118 17421
19119 16858
19120 17579
19121 17938
19124 17419
19126 17628
19127 17889
19128 16196
19129 17428
19132 16561
19133 17704
19134 16788
19137 17010
19138 16728
19139 17593
19140 17084
19141 16645
19142 17713
19143 17224
19145 16075
19146 16248
19147 17784
19148 17134
19149 17953
19151 17391
19152 16315
19154 17189
19155 17485
19156 17303
19158 17548
19159 16814
19161 17048
19163 16155
19165 16917
19166 16812
19167 17417
19169 17484
19172 16016
19174 16286
19175 17838
19176 17497
19177 16248
19180 16751
19181 16405
19182 17623
19183 17655
19185 17360
19186 17931
19188 17690
19190 16401
19191 17708
19194 17250
19195 17424
19196 16623
19197 17965
19200 17570
19201 16310
19203 17125
19204 16424
19209 17809
19210 17532
19211 16015
19213 17377
19214 17453
19215 17254
19217 17525
19219 16004
19225 16263
19226 17443
19227 16529
19230 17692
19231 17083
19238 16191
19239 17999
19240 16628
19241 16511
19242 17987
19243 17508
19244 16770
19245 16802
19246 17585
19247 17418
19248 16669
19250 16174
19256 17810
19258 17412
19259 17958
19260 17490
19262 17400
19263 16367
19266 16378
19267 17106
19268 16970
19271 16947
19272 17033
19274 16253
19275 16565
19276 16003
19277 16598
19278 17918
19279 17519
19280 17863
19283 16947
19285 17847
19286 17381
19287 16896
19291 17871
19292 17794
19293 17328
19296 16248
19297 16556
19298 17671
19300 16542
19302 17911
19303 16910
19305 16168
19308 17313
19311 16644
19312 17114
19314 17390
19315 16412
19318 17187
19321 17376
19324 17715
19326 16355
19327 17942
19328 16841
19329 17392
19330 17605
19331 17781
19332 17207
19336 17386
19339 17328
19341 17133
19344 16703
19346 16713
19347 16262
19349 16354
19350 16137
19351 16822
19355 17827
19356 17021
19357 16810
19358 17623
19359 17243
19363 17613
19364 17877
19365 17063
19366 16331
19368 16446
19370 17866
19373 16270
19374 17707
19375 17552
19377 16942
19378 17744
19379 16138
19381 17177
19383 17787
19384 16247
19385 17833
19387 17731
19388 16807
19389 16916
19390 17926
19393 17434
19394 17920
19395 16342
19396 16618
19397 17746
19400 16216
19401 16956
19403 17986
19404 16471
19408 17823
19410 16310
19411 17672
19412 17918
19413 16135
19415 16554
19416 17649
19417 16646
19418 17162
19419 16471
19420 17936
19421 17729
19424 17698
19425 17125
19426 17684
19427 16236
19428 17713
19429 16828
19430 16951
19431 16235
19435 16452
19436 17906
19437 17324
19438 17891
19441 16524
19442 16152
19445 17619
19446 17896
19447 16870
19448 17333
19451 16619
19452 17351
19453 17507
19454 17796
19455 17421
19456 16018
19459 16485
19460 16588
19464 16487
19465 16426
19466 16836
19467 17163
19468 17689
19469 17205
19471 16703
19472 17632
19473 17683
19474 17363
19475 17238
19478 16386
19479 17674
19480 17218
19481 17722
19482 16382
19484 16904
19485 17359
19486 17778
19487 16438
19488 17601
19491 17645
19495 16545
19496 16922
19497 17065
19499 17122
19502 17206
19504 16110
19506 16803
19509 16428
19510 16077
19513 16129
19514 17336
19516 17126
19518 17424
19519 16027
19520 16552
19521 16561
19522 16690
19524 16765
19525 16819
19526 16120
19527 16812
19529 16910
19530 16339
19532 16278
19534 16516
19535 17573
19538 17036
19539 16739
19540 17497
19542 16551
19543 16069
19544 16529
19545 16928
19546 16065
19547 16484
19549 17166
19550 16436
19551 17020
19552 17212
19555 17926
19557 17395
19559 16889
19560 16577
19563 16193
19564 16413
19565 16041
19566 16892
19567 16490
19568 16319
19573 16430
19574 16672
19575 16641
19576 16098
19578 16401
19579 17678
19581 17075
19586 17770
19587 16104
19596 16606
19597 17055
19598 16698
19600 16202
19602 16671
19603 16516
19604 16001
19606 17769
19607 16414
19608 17540
19613 17483
19615 17699
19616 17735
19618 16931
19619 17148
19621 16480
19622 17488
19625 17668
19627 16513
19629 17616
19630 16143
19631 16951
19634 16738
19635 17382
19636 16310
19637 17234
19639 17670
19643 17549
19644 16926
19645 16059
19649 16552
19650 16728
19651 16220
19653 16761
19655 17155
19656 16035
19657 16971
19658 17575
19659 17264
19660 17518
19661 17854
19662 16255
19663 16562
19664 17347
19665 17084
19667 16606
19669 17456
19672 17942
19673 17310
19674 16750
19677 17287
19678 16384
19679 17147
19680 16125
19681 16386
19682 16311
19683 16661
19686 17060
19687 16718
19688 16583
19690 17683
19691 17336
19697 16907
19698 17345
19701 16267
19702 17705
19704 17799
19707 17069
19709 17421
19710 17168
19711 17340
19712 17410
19713 17323
19714 17194
19716 16585
19717 16272
19719 16191
19720 17913
19721 17477
19723 17670
19724 16028
19725 16044
19729 17975
19731 16776
19733 17434
19734 16362
19738 17950
19739 16116
19743 16150
19744 17476
19746 16662
19750 17434
19751 17387
19754 16769
19755 16997
19756 17996
19758 17980
19759 17602
19760 16467
19761 17289
19763 17070
19765 16776
19766 16542
19767 16350
19769 16442
19770 17411
19771 17083
19772 16612
19773 17416
19774 16524
19775 17286
19776 17332
19777 17225
19779 16519
19780 16835
19781 16383
19782 16385
19783 16935
19785 16623
19788 17107
19789 17997
19790 17619
19791 16395
19792 17190
19793 17129
19794 17476
19796 16732
19798 16535
19799 16381
19800 16993
19802 17141
19803 17935
19804 16701
19805 16607
19806 17919
19807 16384
19809 17427
19810 16741
19814 16700
19815 16736
19816 16259
19817 17263
19818 16203
19821 16885
19822 16981
19823 17125
19825 17401
19828 17667
19829 17064
19831 16181
19837 17509
19838 16107
19839 17105
19840 16012
19841 16332
19842 16351
19845 16281
19847 16050
19848 17610
19849 17950
19850 17936
19853 17247
19854 16657
19855 17595
19856 16549
19858 17176
19859 16116
19860 16840
19861 17705
19862 16361
19863 16485
19865 16617
19866 17354
19867 17812
19869 17518
19870 16254
19871 16882
19872 17795
19875 17605
19876 17785
19877 16925
19878 16041
19880 17987
19881 17556
19882 17398
19883 16146
19884 16737
19885 16953
19886 17534
19888 17710
19891 16879
19892 16217
19894 17875
19895 17726
19897 17902
19898 17743
19899 16813
19900 17160
19902 17322
19904 16771
19905 16776
19908 17042
19911 16119
19913 17026
19914 16302
19915 17004
19916 17604
19917 16673
19919 16546
19922 17854
19923 17925
19924 17154
19927 17561
19928 16130
19930 16464
19932 16339
19933 16973
19934 16070
19935 17860
19937 16940
19943 16809
19944 17833
19948 17771
19949 16342
19951 16106
19955 16771
19956 17200
19957 17011
19959 17448
19962 16595
19963 16726
19964 17784
19965 16476
19966 17506
19967 16711
19968 16823
19973 17874
19975 16230
19977 16980
19978 17968
19979 17815
19980 16112
19981 17417
19982 17012
19984 17604
19987 16386
19988 17151
19989 17057
19990 16686
19991 17327
19996 16014
19997 16697
19998 17932
19999 17747
16384 15455
16385 14040
16386 15355
16387 14227
16395 14857
16397 15102
16398 15248
16399 14622
16400 14543
16401 15386
16402 15935
16405 14732
16406 15763
16408 14544
16412 15238
16413 15972
16414 15315
16415 15772
16416 15243
16417 14280
16420 14699
16421 14025
16422 14035
16424 14495
16425 15213
16426 15627
16428 15820
16430 14439
16432 14371
16436 15003
16438 15493
16442 14405
16446 15361
16449 14559
16452 15482
16453 14174
16456 14638
16461 15998
16462 15457
16464 14093
16466 15406
16467 15403
16470 14653
16471 14566
16474 14865
16476 14006
16478 14970
16480 15607
16484 14490
16485 14887
16486 14974
16487 15597
16489 14660
16490 14007
16494 15638
16501 15843
16511 15078
16513 14303
16514 14603
16516 15217
16519 15276
16520 14112
16522 15193
16523 15660
16524 14039
16529 14457
16535 14694
16541 15682
16542 15705
16544 15596
16545 14974
16546 14616
16547 15450
16548 14833
16549 14810
16551 14699
16552 15487
16554 14590
16555 15524
16556 15047
16561 14654
16562 15209
16565 15636
16567 14144
16570 14680
16571 14935
16573 15815
16575 14170
16577 14505
16580 15161
16582 14231
16583 14483
16585 15936
16586 15382
16587 15911
16588 14920
16589 15908
16591 15419
16595 14368
16598 14501
16599 14492
16600 14524
16606 15809
16607 14268
16609 14083
16612 14577
16617 15386
16618 15717
16619 14587
16623 15576
16626 14176
16628 15938
16630 14434
16631 15134
16632 15180
16641 15069
16644 14318
16645 14191
16646 15903
16650 14835
16654 15002
16657 14149
16658 15398
16661 15779
16662 14419
16664 14655
16665 15855
16667 14908
16669 15405
16670 14611
16671 15056
16672 15037
16673 14632
16674 14864
16677 14273
16679 14825
16686 14433
16687 15773
16688 15078
16690 14179
16697 15289
16698 14768
16699 14025
16700 14201
16701 14790
16703 15072
16704 15344
16705 14360
16706 15066
16711 15647
16712 14713
16713 14253
16715 15384
16716 15991
16718 14140
16719 15450
16722 14235
16723 14246
16726 14309
16727 15429
16728 14463
16731 15166
16732 14695
16733 15649
16736 15102
16737 15312
16738 15493
16739 14578
16741 14547
16744 14796
16745 14459
16750 15101
16751 15007
16752 15629
16757 15990
16759 15779
16760 15968
16761 15728
16763 14200
16765 14961
16766 14884
16767 14434
16769 14685
16770 15176
16771 15576
16772 14008
16774 14396
16776 15482
16777 14487
16779 14241
16782 15725
16784 15786
16788 15088
16789 15321
16794 15016
16795 15060
16800 14603
16801 14744
16802 15262
16803 14397
16806 14176
16807 14793
16809 14002
16810 14004
16812 14923
16813 14001
16814 14020
16815 14401
16818 14490
16819 14907
16821 15960
16822 14459
16823 14993
16825 15655
16828 14649
16830 15060
16831 15710
16832 14243
16834 14537
16835 15960
16836 15622
16839 14913
16840 14407
16841 14002
16842 14699
16847 15414
16849 15864
16856 14420
16858 15222
16859 14889
16862 15432
16870 14191
16872 15626
16875 14507
16878 14230
16879 14569
16880 15398
16882 15702
16885 14444
16886 15797
16889 14869
16890 15620
16892 15592
16893 14487
16896 14899
16899 14859
16901 15566
16904 15624
16907 14218
16908 14446
16910 15245
16913 14941
16916 14797
16917 15704
16919 14701
16920 15252
16922 14488
16924 14566
16925 15337
16926 15309
16928 15252
16929 15140
16930 14078
16931 14403
16932 15582
16935 15279
16939 15920
16940 15856
16942 15140
16943 14949
16947 14804
16951 15736
16953 14877
16956 15320
16957 14357
16958 14355
16959 14784
16962 15601
16968 14135
16970 14076
16971 14057
16973 14778
16976 14237
16978 14448
16980 14030
16981 15442
16989 14824
16993 14147
16994 15403
16997 15521
16999 14585
17004 15436
17006 15328
17008 14455
17009 15811
17010 15966
17011 14150
17012 15131
17014 15466
17016 14659
17020 15206
17021 14334
17024 15144
17025 15384
17026 14101
17033 14926
17034 14849
17035 14722
17036 14658
17042 15118
17044 14519
17046 14217
17048 15944
17051 15835
17055 14673
17057 14320
17058 15850
17060 15355
17063 15087
17064 15719
17065 15457
17066 15423
17068 15272
17069 14709
17070 15726
17075 14873
17079 15425
17081 14064
17083 15016
17084 14647
17091 14592
17093 15590
17099 15903
17100 14112
17102 14698
17105 14220
17106 14043
17107 15530
17114 14982
17116 15606
17122 15821
17123 15589
17124 15410
17125 14922
17126 15990
17129 15199
17133 14637
17134 14916
17137 14800
17141 15701
17145 15356
17147 14471
17148 14083
17151 14108
17154 14339
17155 15365
17156 14832
17157 15398
17160 14597
17162 15617
17163 14640
17164 14806
17165 15499
17166 15788
17167 14851
17168 14950
17175 15912
17176 15579
17177 15754
17182 14468
17187 15234
17188 15109
17189 15614
17190 14188
17194 15029
17196 15200
17197 14343
17199 15697
17200 15580
17205 15914
17206 15024
17207 15723
17212 14668
17214 15596
17218 15286
17220 15277
17221 14527
17224 15614
17225 14927
17228 15858
17232 15184
17233 14022
17234 14343
17235 14595
17236 14339
17237 14853
17238 15003
17243 15482
17244 14938
17245 15842
17246 15308
17247 15179
17250 14761
17252 15013
17254 15297
17260 15770
17263 14930
17264 15702
17266 14059
17276 15602
17280 14986
17282 15739
17284 14645
17285 15827
17286 15391
17287 14917
17289 14072
17291 14741
17292 14673
17294 15972
17299 15051
17303 14896
17305 15288
17307 15096
17308 14471
17310 15943
17312 14751
17313 14125
17314 14106
17315 15789
17317 15247
17319 15256
17322 15714
17323 14754
17324 14931
17325 15228
17326 15124
17327 15701
17328 14258
17331 15713
17332 15003
17333 15959
17336 15165
17340 14647
17345 14015
17347 14086
17349 14092
17350 14504
17351 15493
17354 14418
17357 15110
17358 14255
17359 14461
17360 15633
17362 15208
17363 15658
17364 14937
17367 15682
17372 15027
17374 14694
17375 15064
17376 15156
17377 14376
17378 15254
17381 15549
17382 14694
17383 15343
17386 14254
17387 14084
17389 14267
17390 15864
17391 15604
17392 14449
17395 14284
17396 15158
17398 15530
17399 14216
17400 14898
17401 14506
17410 15682
17411 14246
17412 14596
17416 14317
17417 14251
17418 15851
17419 15123
17421 15937
17424 15361
17426 15012
17427 15222
17428 15853
17430 14126
17433 14654
17434 15235
17436 14647
17438 15281
17439 15626
17442 15281
17443 14311
17445 14774
17448 15825
17449 15374
17453 15524
17454 15424
17456 14347
17457 14746
17462 14236
17463 14835
17468 15353
17474 14901
17476 15557
17477 14449
17478 14084
17481 15262
17483 14313
17484 15349
17485 15003
17488 14532
17490 14075
17492 15077
17495 14254
17497 15960
17504 15752
17505 14635
17506 14952
17507 15812
17508 14602
17509 14089
17513 14863
17516 15371
17518 15228
17519 14833
17523 15618
17525 15711
17527 14983
17532 15422
17534 14304
17537 15501
17539 14123
17540 14482
17542 14250
17543 14174
17547 15759
17548 14826
17549 15539
17552 15715
17553 14474
17556 14253
17561 14276
17563 14022
17566 15136
17567 14766
17570 15134
17572 14930
17573 15734
17575 14372
17577 15966
17579 14477
17580 15222
17585 15538
17589 15221
17593 14136
17595 15874
17601 15587
17602 14945
17604 15871
17605 14472
17610 15683
17612 15406
17613 14560
17614 14981
17616 15950
17619 14856
17621 14741
17622 15548
17623 14204
17624 15333
17626 15422
17628 14977
17632 15645
17638 15790
17639 15768
17640 14496
17641 14267
17644 14256
17645 14665
17648 14775
17649 15432
17652 15248
17655 15933
17659 14699
17661 15386
17665 14760
17667 14201
17668 14663
17670 14565
17671 15015
17672 14050
17674 14572
17676 14901
17678 14049
17683 15258
17684 14143
17686 14356
17687 14140
17689 14028
17690 14464
17691 14886
17692 14746
17695 14048
17698 14687
17699 15048
17704 15230
17705 14550
17707 15218
17708 15856
17710 15239
17712 14770
17713 14656
17714 15208
17715 15161
17722 14402
17723 14821
17725 14727
17726 14228
17729 15895
17731 15604
17733 15468
17735 14597
17739 14427
17743 15872
17744 14456
17745 15605
17746 15344
17747 14564
17751 14809
17759 14864
17761 15020
17763 15135
17766 14143
17768 14689
17769 14172
17770 14571
17771 14763
17775 14234
17778 15447
17779 15240
17781 14765
17782 14457
17784 14001
17785 15955
17786 14268
17787 14384
17789 14781
17792 14184
17793 14455
17794 14788
17795 15724
17796 15451
17798 15719
17799 14637
17801 15341
17802 14891
17806 14784
17808 14259
17809 15851
17810 14492
17812 15440
17814 14197
17815 15576
17817 15028
17818 14097
17819 14653
17821 15441
17822 15968
17823 15103
17827 14280
17829 15064
17831 14782
17832 15364
17833 15408
17838 14552
17840 15378
17843 14213
17844 15849
17847 15319
17848 14197
17851 15344
17853 14965
17854 15712
17860 14076
17863 15109
17866 15522
17870 15055
17871 15401
17874 14489
17875 15785
17877 15933
17878 14072
17880 14702
17885 14403
17889 15195
17890 15998
17891 14687
17892 14208
17894 15351
17896 15668
17898 14359
17901 14731
17902 15431
17906 14836
17907 14070
17911 15265
17913 14923
17915 14720
17916 14550
17918 14725
17919 14785
17920 15124
17923 15589
17925 14408
17926 15137
17929 15155
17931 15772
17932 14073
17935 15428
17936 14252
17938 15734
17939 15483
17940 15921
17941 15713
17942 14362
17947 15009
17948 14638
17950 14429
17953 15763
17958 15034
17959 15484
17962 15952
17964 15143
17965 14752
17968 14433
17969 15892
17970 15449
17975 15689
17978 15495
17980 14787
17982 14685
17984 15049
17985 15933
17986 15999
17987 15199
17988 15776
17995 14632
17996 15997
17997 14771
17998 14245
17999 14116
16001 15607
16003 14698
16004 14524
16007 14302
16008 14800
16011 15438
16012 15653
16013 15510
16014 14868
16015 15899
16016 15825
16017 14634
16018 14547
16021 14791
16024 15626
16026 15792
16027 15178
16028 15518
16035 15503
16036 14965
16038 15022
16039 14482
16040 14791
16041 14658
16044 14561
16050 15219
16054 15183
16059 15583
16065 15673
16068 15575
16069 14559
16070 14298
16072 15716
16075 15055
16077 14746
16079 14887
16081 15342
16084 14023
16085 15422
16089 15358
16094 14248
16098 15535
16099 15784
16104 15517
16106 14871
16107 15137
16108 14216
16110 14308
16112 15254
16114 15452
16116 14074
16118 14559
16119 15773
16120 14269
16123 15879
16125 15824
16126 15649
16127 15648
16129 14283
16130 14204
16133 15178
16135 15591
16136 14912
16137 15671
16138 15587
16139 14934
16140 14427
16143 15100
16144 14284
16146 14426
16150 15052
16151 15965
16152 15876
16153 14882
16155 14420
16157 14694
16161 14300
16164 14606
16167 14175
16168 15729
16169 14984
16172 14089
16174 15359
16176 15007
16177 14083
16181 15430
16183 15127
16187 14708
16188 14675
16191 14661
16192 15670
16193 15977
16196 14645
16197 14724
16200 14546
16202 15255
16203 15413
16211 14678
16214 15018
16215 14042
16216 15120
16217 14124
16220 14805
16226 14882
16230 14401
16233 15750
16234 14437
16235 14332
16236 15370
16239 14475
16240 14503
16243 14321
16245 15849
16247 15017
16248 14527
16251 15272
16252 15991
16253 15355
16254 14935
16255 15294
16259 14687
16262 15352
16263 14540
16265 15871
16267 15771
16268 15228
16270 14410
16272 15758
16273 15077
16274 14224
16278 15754
16281 14640
16282 15746
16285 14988
16286 14557
16293 15541
16294 15283
16295 15177
16297 14335
16302 14658
16304 15795
16305 14933
16306 15398
16309 14612
16310 15545
16311 15038
16315 14343
16319 15172
16322 14181
16329 15631
16331 14287
16332 15824
16335 14417
16339 15695
16342 14069
16343 15113
16345 15309
16346 14132
16349 15666
16350 15407
16351 15426
16352 14524
16353 14857
16354 15375
16355 15001
16356 14204
16361 14483
16362 15014
16364 14104
16367 14706
16368 15193
16373 14329
16375 14799
16376 14195
16377 14344
16378 14566
16381 15383
16382 14496
16383 15131
14339 12376
14343 13929
14344 12722
14347 13282
14355 13410
14356 13068
14357 12570
14359 13603
14360 13313
14362 13648
14368 13767
14371 12630
14372 13794
14376 13545
14384 12028
14396 13669
14397 13166
14401 12194
14402 12176
14403 12699
14405 13905
14407 12217
14408 13359
14410 13489
14417 13262
14418 12032
14419 12567
14420 13600
14426 13379
14427 13792
14429 13477
14433 13433
14434 13445
14437 12926
14439 13278
14444 13066
14446 12928
14448 12321
14449 12352
14455 13380
14456 12749
14457 12478
14459 13684
14461 12181
14463 12939
14464 12969
14468 13467
14471 13812
14472 13140
14474 12020
14475 13551
14477 12974
14482 12767
14483 13057
14487 13615
14488 13407
14489 12384
14490 13193
14492 13375
14495 12906
14496 13258
14501 12348
14503 13004
14504 13401
14505 12766
14506 13107
14507 13083
14519 12746
14524 12632
14527 12415
14532 12269
14537 12440
14540 12024
14543 13343
14544 12349
14546 12353
14547 13231
14550 12773
14552 12398
14557 12842
14559 12771
14560 13536
14561 13111
14564 13951
14565 12963
14566 12804
14569 12997
14571 12160
14572 12747
14577 12827
14578 13389
14585 13095
14587 13195
14590 12170
14592 13941
14595 13412
14596 13252
14597 13233
14602 12692
14603 12338
14606 13950
14611 13093
14612 12067
14616 12733
14622 13382
14632 12363
14634 12889
14635 12016
14637 13491
14638 12328
14640 13664
14645 13327
14647 12098
14649 12741
14653 13048
14654 13582
14655 12125
14656 13352
14658 12078
14659 13414
14660 12416
14661 12608
14663 13197
14665 12990
14668 13830
14673 12420
14675 13449
14678 13226
14680 12708
14685 12883
14687 12817
14689 12633
14694 13419
14695 12843
14698 13264
14699 13405
14701 13699
14702 12188
14706 13013
14708 13614
14709 12590
14713 13142
14720 12400
14722 13836
14724 12176
14725 13124
14727 12810
14731 13491
14732 13303
14741 12854
14744 13255
14746 12335
14751 13172
14752 13247
14754 12401
14760 13803
14761 13208
14763 12731
14765 12597
14766 12510
14768 13966
14770 13751
14771 13301
14774 13046
14775 13731
14778 12697
14781 13614
14782 13979
14784 12659
14785 13271
14787 12732
14788 12505
14790 12247
14791 13961
14793 13295
14796 13592
14797 13897
14799 13030
14800 13470
14804 13921
14805 12739
14806 13622
14809 13325
14810 13261
14821 12073
14824 13877
14825 12669
14826 12120
14832 12713
14833 13000
14835 13202
14836 12197
14849 13633
14851 12130
14853 13447
14856 13274
14857 13480
14859 12897
14863 13225
14864 12544
14865 12393
14868 13072
14869 13451
14871 12246
14873 13430
14877 12412
14882 13012
14884 13868
14886 13387
14887 12559
14889 12537
14891 12693
14896 13802
14898 13787
14899 12583
14901 12694
14907 13137
14908 12950
14912 13153
14913 13885
14916 12805
14917 12356
14920 12085
14922 13852
14923 12416
14926 13791
14927 13031
14930 13791
14931 13810
14933 12143
14934 13687
14935 12172
14937 13013
14938 12579
14941 13736
14945 12264
14949 13219
14950 12134
14952 13662
14961 12146
14965 13153
14970 13287
14974 13815
14977 12271
14981 12840
14982 13391
14983 13907
14984 12957
14986 13072
14988 12785
14993 12071
15001 13422
15002 13591
15003 12722
15007 12257
15009 12601
15012 12973
15013 13088
15014 13259
15015 12397
15016 12121
15017 12511
15018 13847
15020 12651
15022 13989
15024 13693
15027 12089
15028 12830
15029 13280
15034 12810
15037 13448
15038 12670
15047 13512
15048 12346
15049 12567
15051 12322
15052 13939
15055 13820
15056 13694
15060 12902
15064 12925
15066 12010
15069 13435
15072 12047
15077 12324
15078 13802
15087 12890
15088 12112
15096 13298
15100 12529
15101 12641
15102 12332
15103 13421
15109 12141
15110 12733
15113 13339
15118 13206
15120 12972
15123 12693
15124 13087
15127 13332
15131 12293
15134 12878
15135 12303
15136 12792
15137 13295
15140 12970
15143 13992
15144 13664
15155 13683
15156 13211
15158 12940
15161 13664
15165 13751
15166 13351
15172 12673
15176 12481
15177 12211
15178 12061
15179 13070
15180 12013
15183 12521
15184 12306
15193 13812
15195 13928
15199 12120
15200 13054
15206 12038
15208 12330
15209 12172
15213 13864
15217 13735
15218 13456
15219 12929
15221 13444
15222 12422
15228 12882
15230 13557
15234 13472
15235 12370
15238 13354
15239 13844
15240 12491
15243 12628
15245 13276
15247 13430
15248 12191
15252 13152
15254 13044
15255 13979
15256 12052
15258 12912
15262 13022
15265 13256
15272 12876
15276 12405
15277 12823
15279 12969
15281 13665
15283 12021
15286 13312
15288 12313
15289 13326
15294 12656
15297 12593
15308 12284
15309 12207
15312 12755
15315 12450
15319 13891
15320 12762
15321 13141
15328 13707
15333 12105
15337 13412
15341 12795
15342 13528
15343 12373
15344 13903
15349 12134
15351 13706
15352 12638
15353 13030
15355 13796
15356 12707
15358 12701
15359 12211
15361 12901
15364 12862
15365 13030
15370 12236
15371 13692
15374 12128
15375 13831
15378 12723
15382 12641
15383 13202
15384 13825
15386 12942
15391 12796
15398 13379
15401 12372
15403 13116
15405 13008
15406 13265
15407 12600
15408 13343
15410 12122
15413 13140
15414 13232
15419 12400
15422 12490
15423 12508
15424 12852
15425 13218
15426 13257
15428 12812
15429 13319
15430 13968
15431 12932
15432 12309
15436 12351
15438 12266
15440 13025
15441 12466
15442 13054
15447 12690
15449 12428
15450 12480
15451 13535
15452 12311
15455 13485
15457 12124
15466 13110
15468 12571
15482 13948
15483 12085
15484 12136
15487 12254
15493 13234
15495 13692
15499 12311
15501 13887
15503 12882
15510 13355
15517 13828
15518 13421
15521 13089
15522 13289
15524 12881
15530 13284
15535 12878
15538 12930
15539 13044
15541 13449
15545 12025
15548 13551
15549 12003
15557 13022
15566 12393
15575 12801
15576 12774
15579 12490
15580 13756
15582 13334
15583 12694
15587 13373
15589 12839
15590 12102
15591 12677
15592 13647
15596 13771
15597 12989
15601 13372
15602 13979
15604 12220
15605 13817
15606 13603
15607 13456
15614 13097
15617 12259
15618 13803
15620 12818
15622 13196
15624 13041
15626 13994
15627 12486
15629 12373
15631 12157
15633 13133
15636 12486
15638 13497
15645 12545
15647 12092
15648 12405
15649 13036
15653 13963
15655 12066
15658 13341
15660 13387
15666 12832
15668 12101
15670 13728
15671 13934
15673 12640
15682 13501
15683 12245
15689 13424
15695 13350
15697 12243
15701 13036
15702 13613
15704 13084
15705 13333
15710 12460
15711 13196
15712 13484
15713 12360
15714 13343
15715 12200
15716 13314
15717 13955
15719 13533
15723 12264
15724 13049
15725 13393
15726 13073
15728 12929
15729 12156
15734 13331
15736 12863
15739 12664
15746 12032
15750 12665
15752 13255
15754 13205
15758 12229
15759 13334
15763 12696
15768 13308
15770 12136
15771 12765
15772 12601
15773 12571
15776 12553
15779 12640
15784 12972
15785 12821
15786 13672
15788 12926
15789 13960
15790 12316
15792 12900
15795 13314
15797 12662
15809 13056
15811 13894
15812 13606
15815 13132
15820 12553
15821 12483
15824 12129
15825 12379
15827 12725
15835 12565
15842 12683
15843 12587
15849 12250
15850 13805
15851 13957
15853 13404
15855 12651
15856 13792
15858 13393
15864 13606
15871 13289
15872 13356
15874 13488
15876 12849
15879 13803
15892 12943
15895 12289
15899 13375
15903 12845
15908 12685
15911 13392
15912 13367
15914 13518
15920 13240
15921 12087
15933 13528
15935 13283
15936 12379
15937 12210
15938 12465
15943 12730
15944 12067
15950 13156
15952 12854
15955 13814
15959 12883
15960 12702
15965 12652
15966 12317
15968 13172
15972 12716
15977 13792
15990 13325
15991 12658
15997 13802
15998 12427
15999 12784
14001 12376
14002 13844
14004 12349
14006 12478
14007 13035
14008 12194
14015 12638
14020 13574
14022 12957
14023 13387
14025 12033
14028 12866
14030 12582
14035 12999
14039 13751
14040 12224
14042 12252
14043 13430
14048 12798
14049 13805
14050 12932
14057 13984
14059 13822
14064 12072
14069 13330
14070 12784
14072 13931
14073 12602
14074 12637
14075 13880
14076 13814
14078 12742
14083 13545
14084 12234
14086 13193
14089 12163
14092 12498
14093 12123
14097 13016
14101 12401
14104 13526
14106 12824
14108 13706
14112 13811
14116 12867
14123 12447
14124 12454
14125 12770
14126 12822
14132 12818
14135 12531
14136 12100
14140 13080
14143 13710
14144 12276
14147 13304
14149 13604
14150 12278
14170 12308
14172 12085
14174 13027
14175 12560
14176 13995
14179 12119
14181 12198
14184 12299
14188 12300
14191 12247
14195 12935
14197 12797
14200 12238
14201 12991
14204 12923
14208 12909
14213 12790
14216 12758
14217 13336
14218 12451
14220 12981
14224 12624
14227 13648
14228 13454
14230 12116
14231 13388
14234 13293
14235 12532
14236 13491
14237 12944
14241 12825
14243 13665
14245 13076
14246 12963
14248 12096
14250 12704
14251 13837
14252 12651
14253 12216
14254 13002
14255 12217
14256 13221
14258 12650
14259 12051
14267 12903
14268 12350
14269 13294
14273 13215
14276 12255
14280 12708
14283 12686
14284 13808
14287 12309
14298 13098
14300 12123
14302 13322
14303 12170
14304 13350
14308 13586
14309 13541
14311 13127
14313 12816
14317 12036
14318 13567
14320 12122
14321 12305
14329 12985
14332 12044
14334 13381
14335 12414
12289 10137
12293 10417
12299 11340
12300 10204
12303 11486
12305 11890
12306 10078
12308 10479
12309 10578
12311 10915
12313 10321
12316 10047
12317 11060
12321 11602
12322 10741
12324 11427
12328 10408
12330 10820
12332 10053
12335 11715
12338 10629
12346 10713
12348 11365
12349 10741
12350 10974
12351 11166
12352 10751
12353 11400
12356 10675
12360 11911
12363 11086
12370 11672
12372 10594
12373 10445
12376 10780
12379 10552
12384 11014
12393 11011
12397 11146
12398 10348
12400 10171
12401 10293
12405 10029
12412 10901
12414 10331
12415 10223
12416 11174
12420 10948
12422 10388
12427 11834
12428 10409
12440 10816
12447 11750
12450 11391
12451 10647
12454 11534
12460 10528
12465 11427
12466 11448
12478 11437
12480 11624
12481 10861
12483 10209
12486 11850
12490 11734
12491 10059
12498 11997
12505 10141
12508 11486
12510 11993
12511 11241
12521 10610
12529 11863
12531 10272
12532 11252
12537 10360
12544 10067
12545 11971
12553 11120
12559 10934
12560 10818
12565 11050
12567 11447
12570 11828
12571 10863
12579 11734
12582 10010
12583 10816
12587 10641
12590 10354
12593 11192
12597 11780
12600 10382
12601 10004
12602 10884
12608 11292
12624 11061
12628 11741
12630 10675
12632 10056
12633 10924
12637 11373
12638 10304
12640 11417
12641 10103
12650 10777
12651 10327
12652 10700
12656 11780
12658 11384
12659 11633
12662 11870
12664 10882
12665 11005
12669 11513
12670 10127
12673 10826
12677 10220
12683 11804
12685 10066
12686 10139
12690 10324
12692 10756
12693 10508
12694 11227
12696 11940
12697 11984
12699 11520
12701 10199
12702 10657
12704 10411
12707 11633
12708 10173
12713 11947
12716 11642
12722 10954
12723 11101
12725 10149
12730 10933
12731 10480
12732 10388
12733 11408
12739 10285
12741 11083
12742 11692
12746 10588
12747 11014
12749 11595
12755 11519
12758 11174
12762 10574
12765 10258
12766 11732
12767 11469
12770 11478
12771 11242
12773 11051
12774 10340
12784 10715
12785 10920
12790 10598
12792 10450
12795 11627
12796 11606
12797 10555
12798 10025
12801 10629
12804 10950
12805 10618
12810 11162
12812 10450
12816 10232
12817 11338
12818 11181
12821 11046
12822 11341
12823 10285
12824 10161
12825 11942
12827 10746
12830 11918
12832 11375
12839 10806
12840 11602
12842 11360
12843 11705
12845 10655
12849 11307
12852 11517
12854 11531
12862 10769
12863 11816
12866 11501
12867 11258
12876 10713
12878 10841
12881 10059
12882 11026
12883 11861
12889 11149
12890 10379
12897 10490
12900 11499
12901 11026
12902 11982
12903 10249
12906 11124
12909 10376
12912 10067
12923 10017
12925 11814
12926 11660
12928 10887
12929 10422
12930 10307
12932 11937
12935 11721
12939 10020
12940 10257
12942 10160
12943 11441
12944 11367
12950 11494
12957 11279
12963 10388
12969 11528
12970 11200
12972 11973
12973 10419
12974 11616
12981 11353
12985 10672
12989 10599
12990 11530
12991 11242
12997 11771
12999 10063
13000 11662
13002 11146
13004 11988
13008 11590
13012 10965
13013 11919
13016 10358
13022 10322
13025 11050
13027 11589
13030 10778
13031 11129
13035 11764
13036 10498
13041 11505
13044 10779
13046 11907
13048 11840
13049 11182
13054 11808
13056 10300
13057 11777
13066 10576
13068 11999
13070 10888
13072 11944
13073 11933
13076 10709
13080 10540
13083 11622
13084 10541
13087 11098
13088 10357
13089 10695
13093 11169
13095 11021
13097 11133
13098 10021
13107 11870
13110 11922
13111 10032
13116 11119
13124 11845
13127 10380
13132 10809
13133 10857
13137 10884
13140 10858
13141 10229
13142 10980
13152 10768
13153 10490
13156 11711
13166 11846
13172 10991
13193 10234
13195 10834
13196 11910
13197 11905
13202 10350
13205 10485
13206 11701
13208 11865
13211 10898
13215 11774
13218 10772
13219 10606
13221 10894
13225 10927
13226 11603
13231 10654
13232 10751
13233 11609
13234 11498
13240 11702
13247 10571
13252 11239
13255 10685
13256 10040
13257 10856
13258 10922
13259 10104
13261 10535
13262 11124
13264 10451
13265 11672
13271 11442
13274 11444
13276 10640
13278 11140
13280 10046
13282 11494
13283 11987
13284 10249
13287 10239
13289 10040
13293 11276
13294 10553
13295 11988
13298 10676
13301 10447
13303 10226
13304 11708
13308 11237
13312 10621
13313 11845
13314 10100
13319 10647
13322 11401
13325 11792
13326 10920
13327 11142
13330 11378
13331 11690
13332 11243
13333 10981
13334 10755
13336 11024
13339 11823
13341 10485
13343 11126
13350 10821
13351 10239
13352 10546
13354 10526
13355 11425
13356 11655
13359 11363
13367 10414
13372 10554
13373 11631
13375 10975
13379 11810
13380 11184
13381 11050
13382 10801
13387 11920
13388 11223
13389 11920
13391 11494
13392 11470
13393 11440
13401 10873
13404 10511
13405 11622
13407 11118
13410 11699
13412 10738
13414 10614
13419 10897
13421 11017
13422 10284
13424 10808
13430 10663
13433 11598
13435 10387
13444 10307
13445 11908
13447 10272
13448 10783
13449 10565
13451 10889
13454 11642
13456 10335
13467 10528
13470 11496
13472 10845
13477 11281
13480 11775
13484 10341
13485 11960
13488 11306
13489 10472
13491 10361
13497 11301
13501 11559
13512 10876
13518 11015
13526 11184
13528 10529
13533 11470
13535 10646
13536 11666
13541 11260
13545 11007
13551 10356
13557 10381
13567 11510
13574 11060
13582 10315
13586 10797
13591 10772
13592 10978
13600 10651
13603 11252
13604 10206
13606 10116
13613 11249
13614 10706
13615 10861
13622 11443
13633 10019
13647 10550
13648 10912
13662 10787
13664 11404
13665 10634
13669 10961
13672 11220
13683 11766
13684 11595
13687 11368
13692 11703
13693 10190
13694 10158
13699 10122
13706 10185
13707 10794
13710 10095
13728 10310
13731 11461
13735 10584
13736 10048
13751 11496
13756 10430
13767 11303
13771 10988
13787 10325
13791 11919
13792 11557
13794 10780
13796 10457
13802 10919
13803 11292
13805 11033
13808 11134
13810 11346
13811 10433
13812 10817
13814 10054
13815 11613
13817 11053
13820 10523
13822 10564
13825 11326
13828 11857
13830 11682
13831 11749
13836 10566
13837 10679
13844 10022
13847 11094
13852 11351
13864 10590
13868 11134
13877 11947
13880 10847
13885 10853
13887 11936
13891 10711
13894 11587
13897 10856
13903 11849
13905 11652
13907 11170
13921 11233
13928 10526
13929 10883
13931 10809
13934 10044
13939 11344
13941 11622
13948 11961
13950 10984
13951 11356
13955 11919
13957 11125
13960 10180
13961 11523
13963 10953
13966 11633
13968 10662
13979 10329
13984 10084
13989 10900
13992 11556
13994 10324
13995 11234
12003 11654
12010 10280
12013 11794
12016 10384
12020 10436
12021 10674
12024 10263
12025 11026
12028 10515
12032 11461
12033 11492
12036 11253
12038 10865
12044 11071
12047 11050
12051 10465
12052 10962
12061 11776
12066 10677
12067 10681
12071 11736
12072 10060
12073 10985
12078 11873
12085 11837
12087 10671
12089 10746
12092 11732
12096 11503
12098 11831
12100 11476
12101 11224
12102 10233
12105 11393
12112 11065
12116 11740
12119 11116
12120 11963
12121 11514
12122 10532
12123 10465
12124 10094
12125 11129
12128 10845
12129 10200
12130 11475
12134 11478
12136 10515
12141 10924
12143 11882
12146 11671
12156 10335
12157 10190
12160 11146
12163 11834
12170 10828
12172 10774
12176 11956
12181 10109
12188 10590
12191 11369
12194 11495
12197 10320
12198 10287
12200 10951
12207 10221
12210 10505
12211 10355
12216 11574
12217 10740
12220 11365
12224 11870
12229 11342
12234 11024
12236 10622
12238 11423
12243 11336
12245 11417
12246 10913
12247 10399
12250 10746
12252 11106
12254 10154
12255 11705
12257 11361
12259 11179
12264 11964
12266 11329
12269 10104
12271 10373
12276 11725
12278 11936
12284 10891
10249 8518
10257 8533
10258 8549
10263 9454
10272 8098
10280 8904
10284 8085
10285 8265
10287 9378
10293 9831
10300 8971
10304 9522
10307 8063
10310 9107
10315 9146
10320 8874
10321 8237
10322 8398
10324 9035
10325 8306
10327 9933
10329 8967
10331 9545
10335 9003
10340 8575
10341 8043
10348 9076
10350 9947
10354 8206
10355 9653
10356 9808
10357 9300
10358 9175
10360 8710
10361 9598
10373 9219
10376 9551
10379 9860
10380 9186
10381 8966
10382 8370
10384 9271
10387 9669
10388 8236
10399 9648
10408 8179
10409 9276
10411 8715
10414 8331
10417 8202
10419 9299
10422 9114
10430 9171
10433 8739
10436 8241
10445 8399
10447 9619
10450 8564
10451 8955
10457 8767
10465 8531
10472 9510
10479 8673
10480 8646
10485 9492
10490 9970
10498 8494
10505 8182
10508 8921
10511 8776
10515 9977
10523 8932
10526 9111
10528 9777
10529 8760
10532 9356
10535 8368
10540 8030
10541 8678
10546 9484
10550 9389
10552 8778
10553 8197
10554 8343
10555 8563
10564 8854
10565 9867
10566 9625
10571 9832
10574 8031
10576 8562
10578 9308
10584 9144
10588 9988
10590 8470
10594 9381
10598 8894
10599 8300
10606 9154
10610 8873
10614 8394
10618 9802
10621 8172
10622 9188
10629 8323
10634 8465
10640 9012
10641 8169
10646 8486
10647 9666
10651 9171
10654 8006
10655 9827
10657 8442
10662 9877
10663 9621
10671 8489
10672 9196
10674 8757
10675 8685
10676 8565
10677 9057
10679 8144
10681 9118
10685 9648
10695 9367
10700 8425
10706 8656
10709 8534
10711 9510
10713 9322
10715 8002
10738 9032
10740 8449
10741 8518
10746 8201
10751 8618
10755 8121
10756 8206
10768 8991
10769 9656
10772 9999
10774 9770
10777 8933
10778 8310
10779 9342
10780 8514
10783 9724
10787 9613
10794 8826
10797 8570
10801 8521
10806 8203
10808 9577
10809 8751
10816 9301
10817 9108
10818 8546
10820 9961
10821 9514
10826 8214
10828 8742
10834 8473
10841 9340
10845 9259
10847 9542
10853 8140
10856 8286
10857 8220
10858 9067
10861 8685
10863 8662
10865 8833
10873 9649
10876 8268
10882 9822
10883 8174
10884 9532
10887 9737
10888 8398
10889 8281
10891 8098
10894 8735
10897 9929
10898 8474
10900 8726
10901 9252
10912 9260
10913 9993
10915 8398
10919 8905
10920 9762
10922 9071
10924 8740
10927 8545
10933 8979
10934 8984
10948 8695
10950 9312
10951 9527
10953 8910
10954 9673
10961 8051
10962 8071
10965 9651
10974 8229
10975 9052
10978 8407
10980 8842
10981 9216
10984 8189
10985 9900
10988 9830
10991 9628
11005 8485
11007 8823
11011 8989
11014 9458
11015 9942
11017 9446
11021 8384
11024 8279
11026 9693
11033 8850
11046 9698
11050 9278
11051 8988
11053 9307
11060 8178
11061 9344
11065 8599
11071 9186
11083 8301
11086 9500
11094 9259
11098 9996
11101 9039
11106 8759
11116 9253
11118 8955
11119 8225
11120 9024
11124 8167
11125 9954
11126 8662
11129 9434
11133 9015
11134 9885
11140 9064
11142 8424
11146 9030
11149 9264
11162 9247
11166 9535
11169 8653
11170 9453
11174 8509
11179 8223
11181 8137
11182 8595
11184 9567
11192 8289
11200 8689
11220 9610
11223 8871
11224 9722
11227 8599
11233 9587
11234 8956
11237 9842
11239 8838
11241 9804
11242 8798
11243 8800
11249 9828
11252 9049
11253 9123
11258 8465
11260 9305
11276 9418
11279 8546
11281 9210
11292 9644
11301 9931
11303 9358
11306 8940
11307 8683
11326 8017
11329 9467
11336 9691
11338 9242
11340 9456
11341 8105
11342 8026
11344 8238
11346 9686
11351 8054
11353 8363
11356 9878
11360 8648
11361 8614
11363 9817
11365 9109
11367 8646
11368 8400
11369 9845
11373 9609
11375 9288
11378 9139
11384 9309
11391 9586
11393 8422
11400 9295
11401 8405
11404 9467
11408 9840
11417 8444
11423 8646
11425 8182
11427 9760
11437 9125
11440 9213
11441 8622
11442 9461
11443 8020
11444 8197
11447 8127
11448 8953
11461 8181
11469 9339
11470 8502
11475 9186
11476 9053
11478 9296
11486 9678
11492 9502
11494 9474
11495 9715
11496 8026
11498 8398
11499 9919
11501 8032
11503 8335
11505 8651
11510 8151
11513 9064
11514 9196
11517 8713
11519 8503
11520 9876
11523 9572
11528 8226
11530 9295
11531 8365
11534 9714
11556 8647
11557 8470
11559 9219
11574 8245
11587 8772
11589 9843
11590 8577
11595 9845
11598 8416
11602 9532
11603 8550
11606 9129
11609 9277
11613 8195
11616 9152
11622 8410
11624 8163
11627 8698
11631 9447
11633 9398
11642 9180
11652 9198
11654 9692
11655 8935
11660 8786
11662 9088
11666 9186
11671 9858
11672 8303
11682 8894
11690 9515
11692 9544
11699 8842
11701 9162
11702 9836
11703 8339
11705 8853
11708 8642
11711 8153
11715 8843
11721 9487
11725 8714
11732 9417
11734 8446
11736 9882
11740 8980
11741 9955
11749 9404
11750 9652
11764 9384
11766 9661
11771 9290
11774 8746
11775 9136
11776 8309
11777 9081
11780 8408
11792 9217
11794 9745
11804 8173
11808 8802
11810 9435
11814 8664
11816 8866
11823 8502
11828 8982
11831 8161
11834 9459
11837 9460
11840 8653
11845 9938
11846 9146
11849 8911
11850 8685
11857 9129
11861 8631
11863 9277
11865 8463
11870 8634
11873 8571
11882 8548
11890 8026
11905 9486
11907 8385
11908 8995
11910 9058
11911 9526
11918 8165
11919 9874
11920 8722
11922 9562
11933 9458
11936 9913
11937 9855
11940 9676
11942 8408
11944 8371
11947 9476
11956 9345
11960 8467
11961 8783
11963 8543
11964 8349
11971 8627
11973 9508
11982 8500
11984 9886
11987 8795
11988 9932
11993 8892
11997 8252
11999 9124
10004 8614
10010 9787
10017 8938
10019 9716
10020 9198
10021 9528
10022 9626
10025 9696
10029 8825
10032 9184
10040 9058
10044 8977
10046 9651
10047 8427
10048 9269
10053 8906
10054 9549
10056 8825
10059 8332
10060 8804
10063 9991
10066 8488
10067 8055
10078 8771
10084 9671
10094 9447
10095 8638
10100 9897
10103 9661
10104 8559
10109 9274
10116 9378
10122 9512
10127 8477
10137 9150
10139 9975
10141 9365
10149 9523
10154 8865
10158 8686
10160 8225
10161 8361
10171 9162
10173 8770
10180 8836
10185 9383
10190 8743
10199 9633
10200 9346
10204 9004
10206 8478
10209 9825
10220 8030
10221 8040
10223 9867
10226 9311
10229 8500
10232 9555
10233 8645
10234 9849
10239 9162
8195 7797
8197 7917
8201 7110
8202 6681
8203 6732
8206 7089
8214 7955
8220 6639
8223 7726
8225 7875
8226 6115
8229 6580
8236 7033
8237 6876
8238 7071
8241 6325
8245 6578
8252 6843
8265 6371
8268 7484
8279 6208
8281 6524
8286 7027
8289 6375
8300 7350
8301 7459
8303 6510
8306 7309
8309 6530
8310 7283
8323 7239
8331 6193
8332 7490
8335 7931
8339 6950
8343 6672
8349 7384
8361 6715
8363 7970
8365 7154
8368 6678
8370 6548
8371 7233
8384 6378
8385 7751
8394 6151
8398 6483
8399 7132
8400 6614
8405 7405
8407 6424
8408 7011
8410 7624
8416 6742
8422 6025
8424 7002
8425 7398
8427 6069
8442 6797
8444 6151
8446 6169
8449 7906
8463 6371
8465 7264
8467 6551
8470 6827
8473 7500
8474 7781
8477 6785
8478 7190
8485 6932
8486 7828
8488 6762
8489 7246
8494 6319
8500 7142
8502 7572
8503 6908
8509 7379
8514 7665
8518 7711
8521 6453
8531 6888
8533 7007
8534 7673
8543 6664
8545 6220
8546 7210
8548 6861
8549 7262
8550 6562
8559 7283
8562 6683
8563 7720
8564 6696
8565 7693
8570 6752
8571 6656
8575 6651
8577 6521
8595 7803
8599 7860
8614 7267
8618 6388
8622 6351
8627 7230
8631 7561
8634 7630
8638 7938
8642 6467
8645 6266
8646 7756
8647 7879
8648 6357
8651 6923
8653 6452
8656 6757
8662 6533
8664 6085
8673 6041
8678 7283
8683 6850
8685 6373
8686 6836
8689 7239
8695 7628
8698 7246
8710 6538
8713 7824
8714 6780
8715 7827
8722 7640
8726 6178
8735 6187
8739 7972
8740 7347
8742 7029
8743 7013
8746 6840
8751 6314
8757 6713
8759 6458
8760 7087
8767 6799
8770 6537
8771 6122
8772 6189
8776 6544
8778 6752
8783 7342
8786 7722
8795 7426
8798 7940
8800 7303
8802 7259
8804 6826
8823 7582
8825 6200
8826 7754
8833 7495
8836 7694
8838 7013
8842 6126
8843 7747
8850 6210
8853 7718
8854 6675
8865 7126
8866 7471
8871 7839
8873 6307
8874 6935
8892 6525
8894 6877
8904 7108
8905 7945
8906 7315
8910 7429
8911 7850
8921 6982
8932 6645
8933 7813
8935 7988
8938 6147
8940 6681
8953 7655
8955 6698
8956 7779
8966 7219
8967 7611
8971 7744
8977 7375
8979 6423
8980 7773
8982 7026
8984 6975
8988 7701
8989 6883
8991 7745
8995 6721
9003 7661
9004 7929
9012 7231
9015 6907
9024 7740
9030 7167
9032 6264
9035 7029
9039 7273
9049 7331
9052 6906
9053 6668
9057 7913
9058 7714
9064 6195
9067 6964
9071 7132
9076 7276
9081 6287
9088 7003
9107 7709
9108 7480
9109 6726
9111 7061
9114 7828
9118 6835
9123 7032
9124 7887
9125 7308
9129 7330
9136 7081
9139 6449
9144 7059
9146 7014
9150 6268
9152 6892
9154 7061
9162 6194
9171 6868
9175 7408
9180 7655
9184 6705
9186 7020
9188 7042
9196 7881
9198 6641
9210 6134
9213 6373
9216 6289
9217 7451
9219 6004
9242 7848
9247 6468
9252 6941
9253 7476
9259 7771
9260 6721
9264 7336
9269 7112
9271 6756
9274 6890
9276 7167
9277 7506
9278 7523
9288 6667
9290 7419
9295 7408
9296 7483
9299 6213
9300 6048
9301 6675
9305 6407
9307 7413
9308 6502
9309 7346
9311 6962
9312 7154
9322 7014
9339 7852
9340 7918
9342 7732
9344 6509
9345 7634
9346 6788
9356 7458
9358 6511
9365 7178
9367 6054
9378 7059
9381 7938
9383 7885
9384 7608
9389 7130
9398 6519
9404 7237
9417 7170
9418 6084
9434 6600
9435 7577
9446 6122
9447 7059
9453 6021
9454 7379
9456 7490
9458 6290
9459 6055
9460 6442
9461 7130
9467 6173
9474 6260
9476 6176
9484 6022
9486 6459
9487 6420
9492 6181
9500 6313
9502 7387
9508 6320
9510 6585
9512 6812
9514 6759
9515 6047
9522 7608
9523 6939
9526 6549
9527 7991
9528 6896
9532 6524
9535 7399
9542 6979
9544 6968
9545 6371
9549 7730
9551 6875
9555 6208
9562 7865
9567 7788
9572 7066
9577 6175
9586 7694
9587 6851
9598 6096
9609 7305
9610 7295
9613 6522
9619 7811
9621 6020
9625 6341
9626 6757
9628 6790
9633 7527
9644 7945
9648 6507
9649 6829
9651 6738
9652 6493
9653 6263
9656 7410
9661 6788
9666 7379
9669 7899
9671 6151
9673 7709
9676 6631
9678 7138
9686 7830
9691 6324
9692 6793
9693 7333
9696 6368
9698 7253
9714 7050
9715 7600
9716 7835
9722 6276
9724 6160
9737 6719
9745 7508
9760 7693
9762 6356
9770 6322
9777 7959
9787 7645
9802 6286
9804 7732
9808 7014
9817 6334
9822 7740
9825 7290
9827 6745
9828 6570
9830 7285
9831 6391
9832 6762
9836 6675
9840 6203
9842 6301
9843 6644
9845 6671
9849 6354
9855 7610
9858 7776
9860 6184
9867 7925
9874 6273
9876 7440
9877 6246
9878 6949
9882 6427
9885 7982
9886 6033
9897 6454
9900 6041
9913 7933
9919 7727
9929 6022
9931 6731
9932 7161
9933 7868
9938 6838
9942 7732
9947 7651
9954 7264
9955 6917
9961 7038
9970 7971
9975 6604
9977 6507
9988 6866
9991 7119
9993 7143
9996 6796
9999 7770
8002 7380
8006 7642
8017 6817
8020 7156
8026 7421
8030 7987
8031 7994
8032 7391
8040 7336
8043 6792
8051 6821
8054 6612
8055 6517
8063 7978
8071 7140
8085 6930
8098 7088
8105 7989
8121 6961
8127 6822
8137 6035
8140 6266
8144 7057
8151 7394
8153 6555
8161 7644
8163 6715
8165 6435
8167 7998
8169 7795
8172 6853
8173 6522
8174 7053
8178 6089
8179 6717
8181 7676
8182 7311
8189 6349
6147 4049
6151 5579
6160 4790
6169 4268
6173 5774
6175 4377
6176 5834
6178 4049
6181 4481
6184 4769
6187 5153
6189 4716
6193 4914
6194 5889
6195 5053
6200 5786
6203 4351
6208 4441
6210 4531
6213 4547
6220 4364
6246 5504
6260 4466
6263 4433
6264 5511
6266 4957
6268 5412
6273 4822
6276 5184
6286 4810
6287 4526
6289 4970
6290 4371
6301 4351
6307 5329
6313 5202
6314 4466
6319 4136
6320 4053
6322 4920
6324 4436
6325 5928
6334 5196
6341 4027
6349 5192
6351 4112
6354 5454
6356 4114
6357 4519
6368 4346
6371 5905
6373 5781
6375 5885
6378 4391
6388 4742
6391 4391
6407 5196
6420 4903
6423 5162
6424 5390
6427 5845
6435 4235
6442 4612
6449 5634
6452 5720
6453 5671
6454 5434
6458 4734
6459 5359
6467 4146
6468 4828
6483 5418
6493 5422
6502 5130
6507 5474
6509 5405
6510 4823
6511 5656
6517 4326
6519 4075
6521 4617
6522 4767
6524 5655
6525 4499
6530 5680
6533 4660
6537 5702
6538 5756
6544 4523
6548 4132
6549 5905
6551 4658
6555 5905
6562 5990
6570 4065
6578 5035
6580 5877
6585 4062
6600 5365
6604 4301
6612 4103
6614 5205
6631 4791
6639 5808
6641 5877
6644 4651
6645 5424
6651 4071
6656 4961
6664 5588
6667 4519
6668 5794
6671 5122
6672 4340
6675 5640
6678 4379
6681 5091
6683 5700
6696 5589
6698 4743
6705 4119
6713 5669
6715 5409
6717 4034
6719 5476
6721 5880
6726 5472
6731 5843
6732 5833
6738 5576
6742 4444
6745 5517
6752 4805
6756 5227
6757 5243
6759 4023
6762 5546
6780 5376
6785 4113
6788 5133
6790 5988
6792 4681
6793 5509
6796 4122
6797 5477
6799 4886
6812 4394
6817 5580
6821 4132
6822 4944
6826 5873
6827 4818
6829 5346
6835 4095
6836 4772
6838 5459
6840 4589
6843 4090
6850 4076
6851 5164
6853 5596
6861 5631
6866 5721
6868 4452
6875 4044
6876 4025
6877 4763
6883 4145
6888 5595
6890 4445
6892 4054
6896 4658
6906 5970
6907 4199
6908 5398
6917 4991
6923 4841
6930 4219
6932 4977
6935 4012
6939 4663
6941 4629
6949 5110
6950 5772
6961 4551
6962 4841
6964 4824
6968 4979
6975 4991
6979 4162
6982 5454
7002 5617
7003 5650
7007 5550
7011 5578
7013 4955
7014 4945
7020 5215
7026 5274
7027 4608
7029 4727
7032 5603
7033 5061
7038 4659
7042 5273
7050 4493
7053 4994
7057 5922
7059 4229
7061 5639
7066 4640
7071 4910
7081 4344
7087 5324
7088 4788
7089 5767
7108 5304
7110 4791
7112 4269
7119 5367
7126 5048
7130 5039
7132 5035
7138 5242
7140 4573
7142 5167
7143 5054
7154 4923
7156 4383
7161 5704
7167 4146
7170 4007
7178 5833
7190 5137
7210 5199
7219 5950
7230 5963
7231 4391
7233 4553
7237 5394
7239 5034
7246 5540
7253 5749
7259 5387
7262 4627
7264 4921
7267 4846
7273 4474
7276 5199
7283 4011
7285 5620
7290 5001
7295 5469
7303 4304
7305 4561
7308 4555
7309 4535
7311 4721
7315 5224
7330 5167
7331 5170
7333 4822
7336 5244
7342 4803
7346 5178
7347 4623
7350 4695
7375 5656
7379 5598
7380 5737
7384 4489
7387 4468
7391 5172
7394 5335
7398 5508
7399 5308
7405 5218
7408 4972
7410 4623
7413 5234
7419 5175
7421 5218
7426 4051
7429 4301
7440 4440
7451 5934
7458 5797
7459 4232
7471 4396
7476 5840
7480 4708
7483 5238
7484 5728
7490 5110
7495 5712
7500 4917
7506 5629
7508 5144
7523 5178
7527 5617
7561 5467
7572 5685
7577 4742
7582 5712
7600 4159
7608 4028
7610 5237
7611 4468
7624 4318
7628 4516
7630 5799
7634 5873
7640 5236
7642 4386
7644 4202
7645 5888
7651 4709
7655 5611
7661 4784
7665 4472
7673 5089
7676 4716
7693 5718
7694 5568
7701 5490
7709 5218
7711 4844
7714 5981
7718 5716
7720 5163
7722 4715
7726 5895
7727 5357
7730 4896
7732 5690
7740 4802
7744 4047
7745 4307
7747 4370
7751 4499
7754 5433
7756 4418
7770 4436
7771 4666
7773 5224
7776 4017
7779 5142
7781 5737
7788 4708
7795 5133
7797 4207
7803 5004
7811 5964
7813 4943
7824 5273
7827 4463
7828 5534
7830 4885
7835 4471
7839 5968
7848 4194
7850 4765
7852 4913
7860 5338
7865 5417
7868 4073
7875 5306
7879 5988
7881 4383
7885 5776
7887 5272
7899 4356
7906 5858
7913 4748
7917 5740
7918 4034
7925 4943
7929 4541
7931 5939
7933 4502
7938 5526
7940 4004
7945 5717
7955 4634
7959 4121
7970 4703
7971 4965
7972 5612
7978 4483
7982 4777
7987 4495
7988 4079
7989 5930
7991 4670
7994 4787
7998 5238
6004 4003
6020 4328
6021 4150
6022 4623
6025 4871
6033 5375
6035 5102
6041 5837
6047 4901
6048 5127
6054 5165
6055 4800
6069 4072
6084 4284
6085 4350
6089 4474
6096 4306
6115 4798
6122 5370
6126 4876
6134 5420
4103 2824
4112 3795
4113 3658
4114 3491
4119 2760
4121 2015
4122 3587
4132 2821
4136 3296
4145 3314
4146 3485
4150 2426
4159 2067
4162 2130
4194 3910
4199 3634
4202 2664
4207 2198
4219 2210
4229 2829
4232 3108
4235 3624
4268 3016
4269 2450
4284 3637
4301 3337
4304 3751
4306 2850
4307 2846
4318 3078
4326 3174
4328 3694
4340 2658
4344 3416
4346 2905
4350 3606
4351 2500
4356 3050
4364 2434
4370 2287
4371 2480
4377 2250
4379 3683
4383 3754
4386 3847
4391 2823
4394 3098
4396 2855
4418 3985
4433 3999
4436 3444
4440 2036
4441 3102
4444 2782
4445 3063
4452 3676
4463 2595
4466 2206
4468 2676
4471 3936
4472 2868
4474 3735
4481 2920
4483 2134
4489 3760
4493 2678
4495 3812
4499 2580
4502 2411
4516 2060
4519 3113
4523 2840
4526 2213
4531 2257
4535 3285
4541 2878
4547 3919
4551 3960
4553 3628
4555 2747
4561 3180
4573 2899
4589 3021
4608 2081
4612 2188
4617 3333
4623 2614
4627 3369
4629 2034
4634 2766
4640 3010
4651 2788
4658 3256
4659 3899
4660 2524
4663 3402
4666 3783
4670 2623
4681 2011
4695 3392
4703 3678
4708 3572
4709 3161
4715 2177
4716 3027
4721 2936
4727 2475
4734 3440
4742 2947
4743 2842
4748 3917
4763 3805
4765 3128
4767 2462
4769 2390
4772 2714
4777 3170
4784 3256
4787 3623
4788 2012
4790 2231
4791 2581
4798 2887
4800 3104
4802 3457
4803 2573
4805 3555
4810 3240
4818 3341
4822 3847
4823 2006
4824 3142
4828 3121
4841 2176
4844 2473
4846 3693
4871 3557
4876 3059
4885 3580
4886 3748
4896 3631
4901 3361
4903 3452
4910 2333
4913 2777
4914 2642
4917 2680
4920 3104
4921 2359
4923 2940
4943 2045
4944 3357
4945 2774
4955 2959
4957 3201
4961 2127
4965 3481
4970 2194
4972 3324
4977 2370
4979 3802
4991 2920
4994 3937
5001 3340
5004 3450
5034 3235
5035 2372
5039 3686
5048 3251
5053 2327
5054 3351
5061 3722
5089 2672
5091 3436
5102 2609
5110 2921
5122 2894
5127 3180
5130 2308
5133 2819
5137 3493
5142 2381
5144 2168
5153 2432
5162 2477
5163 3801
5164 3903
5165 3980
5167 2958
5170 2483
5172 2476
5175 2108
5178 2476
5184 3365
5192 3826
5196 2220
5199 2014
5202 3274
5205 3366
5215 3272
5218 2138
5224 3071
5227 2375
5234 2510
5236 3053
5237 2137
5238 3339
5242 2172
5243 3586
5244 3483
5272 3467
5273 3002
5274 3257
5304 3082
5306 2899
5308 2974
5324 2371
5329 3518
5335 2774
5338 2538
5346 2847
5357 3956
5359 3202
5365 3910
5367 2966
5370 2705
5375 3176
5376 2060
5387 2035
5390 2878
5394 2702
5398 2034
5405 3706
5409 2809
5412 2545
5417 3998
5418 3517
5420 2206
5422 2614
5424 2874
5433 2250
5434 2979
5454 2985
5459 2637
5467 3836
5469 3588
5472 2933
5474 3522
5476 2544
5477 2070
5490 3717
5504 2412
5508 3029
5509 2783
5511 2595
5517 3230
5526 3580
5534 2662
5540 3917
5546 3965
5550 2086
5568 2406
5576 3499
5578 2656
5579 3035
5580 3582
5588 3834
5589 2977
5595 2574
5596 3345
5598 3041
5603 3277
5611 3505
5612 3313
5617 3488
5620 2319
5629 2694
5631 3547
5634 2774
5639 2330
5640 3978
5650 3882
5655 3114
5656 3425
5669 2861
5671 3815
5680 3590
5685 2911
5690 3214
5700 2113
5702 3166
5704 2953
5712 3806
5716 2499
5717 3699
5718 3115
5720 3362
5721 2226
5728 3546
5737 2868
5740 2778
5749 3265
5756 2344
5767 3753
5772 2482
5774 2568
5776 3508
5781 2923
5786 3375
5794 2985
5797 2340
5799 2651
5808 2430
5833 3330
5834 2846
5837 3561
5840 3962
5843 2900
5845 3560
5858 2428
5873 2268
5877 3364
5880 3467
5885 3057
5888 2016
5889 2366
5895 3460
5905 3588
5922 3626
5928 2068
5930 3704
5934 3884
5939 2141
5950 2276
5963 2814
5964 3418
5968 3066
5970 3615
5981 3758
5988 3342
5990 2426
4003 2761
4004 3717
4007 3832
4011 2943
4012 2719
4017 2198
4023 2459
4025 2957
4027 3156
4028 3786
4034 2592
4044 2768
4047 3187
4049 3662
4051 2045
4053 3347
4054 3116
4062 3098
4065 2707
4071 3962
4072 2573
4073 3532
4075 2384
4076 3792
4079 2952
4090 3167
4095 2583
2060 1884
2067 1816
2068 394
2070 1982
2081 473
2086 1973
2108 20
2113 691
2127 1523
2130 1765
2134 1935
2137 1999
2138 931
2141 897
2168 1980
2172 1796
2176 1508
2177 1182
2188 1029
2194 665
2198 416
2206 1147
2210 423
2213 636
2220 329
2226 1404
2231 196
2250 1864
2257 759
2268 1879
2276 1838
2287 519
2308 1144
2319 1117
2327 761
2330 895
2333 674
2340 1675
2344 1257
2359 1338
2366 1016
2370 988
2371 1814
2372 836
2375 944
2381 46
2384 449
2390 1906
2406 1882
2411 943
2412 917
2426 383
2428 1054
2430 936
2432 818
2434 612
2450 1926
2459 1034
2462 1460
2473 1628
2475 204
2476 1223
2477 1574
2480 505
2482 608
2483 1527
2499 324
2500 748
2510 515
2524 1947
2538 956
2544 38
2545 1035
2568 345
2573 613
2574 1725
2580 210
2581 276
2583 1787
2592 1431
2595 12
2609 894
2614 902
2623 1241
2637 83
2642 498
2651 598
2656 1713
2658 527
2662 767
2664 547
2672 1773
2676 1490
2678 1078
2680 1597
2694 1786
2702 355
2705 86
2707 1783
2714 665
2719 371
2747 905
2760 159
2761 1258
2766 1138
2768 1794
2774 298
2777 833
2778 499
2782 1625
2783 1251
2788 364
2809 101
2814 459
2819 1091
2821 1978
2823 159
2824 1488
2829 1959
2840 1143
2842 104
2846 923
2847 1308
2850 663
2855 1467
2861 1192
2868 1238
2874 1279
2878 40
2887 505
2894 129
2899 953
2900 651
2905 636
2911 291
2920 407
2921 340
2923 1460
2933 1399
2936 1890
2940 978
2943 1366
2947 557
2952 1639
2953 278
2957 1195
2958 388
2959 552
2966 1318
2974 1029
2977 1882
2979 910
2985 374
3002 628
3010 169
3016 915
3021 277
3027 1031
3029 851
3035 1025
3041 1809
3050 1658
3053 1814
3057 1551
3059 484
3063 1108
3066 992
3071 1879
3078 242
3082 1117
3098 764
3102 319
3104 262
3108 1918
3113 1681
3114 721
3115 96
3116 112
3121 1794
3128 1019
3142 1776
3156 854
3161 640
3166 253
3167 398
3170 1477
3174 1188
3176 1110
3180 1723
3187 1310
3201 1599
3202 1112
3214 629
3230 683
3235 1124
3240 1298
3251 1340
3256 1077
3257 1037
3265 934
3272 1686
3274 786
3277 821
3285 1025
3296 851
3313 1810
3314 1260
3324 1164
3330 177
3333 1770
3337 1730
3339 1566
3340 853
3341 448
3342 760
3345 1862
3347 968
3351 1946
3357 1952
3361 1484
3362 1022
3364 1550
3365 127
3366 687
3369 228
3375 58
3392 890
3402 1011
3416 1166
3418 1663
3425 289
3436 1973
3440 1301
3444 1667
3450 1114
3452 1565
3457 1955
3460 543
3467 357
3481 201
3483 1641
3485 1979
3488 1564
3491 1906
3493 1510
3499 847
3505 1909
3508 1702
3517 1295
3518 667
3522 1507
3532 225
3546 299
3547 878
3555 79
3557 1039
3560 1388
3561 788
3572 1349
3580 803
3582 1010
3586 443
3587 1519
3588 1464
3590 944
3606 1281
3615 1241
3623 1252
3624 1772
3626 426
3628 646
3631 1345
3634 193
3637 1826
3658 736
3662 1578
3676 1783
3678 854
3683 10
3686 1270
3693 859
3694 1127
3699 1630
3704 1848
3706 608
3717 1755
3722 957
3735 1544
3748 1924
3751 999
3753 402
3754 332
3758 1571
3760 935
3783 1328
3786 87
3792 1502
3795 196
3801 378
3802 266
3805 1568
3806 323
3812 1023
3815 1589
3826 81
3832 349
3834 67
3836 1632
3847 781
3882 544
3884 610
3899 951
3903 657
3910 15
3917 1816
3919 1435
3936 692
3937 1427
3956 343
3960 1435
3962 930
3965 1390
3978 661
3980 96
3985 867
3998 1914
3999 1526
2006 1329
2011 309
2012 60
2014 316
2015 1497
2016 1784
2034 587
2035 1605
2036 1868
2045 7
