20000 18858
20001 19108
20002 19981
20003 19015
20004 19041
20005 19045
20006 18553
20007 18808
20008 19985
20009 19210
20010 19996
20011 19315
20012 19608
20013 18677
20014 19689
20015 18545
20016 19480
20017 18637
20018 18233
20019 19837
20020 19494
20021 19534
20022 18871
20023 18272
20024 19441
20025 18355
20026 18274
20027 18701
20028 19315
20029 19047
20030 18087
20031 18776
20032 19636
20033 18794
20034 19147
20035 19420
20036 19553
20037 19418
20038 19855
20039 18960
20040 18227
20041 18299
20042 19133
20043 18915
20044 18866
20045 19769
20046 18776
20047 19313
20048 18121
20049 18182
20050 19180
20051 19996
20052 19808
20053 18364
20054 19245
20055 19892
20056 18389
20057 18058
20058 18232
20059 18830
20060 18309
20061 19691
20062 19375
20063 19550
20064 18239
20065 19340
20066 19548
20067 19734
20068 19303
20069 18325
20070 19810
20071 18989
20072 19329
20073 19100
20074 19609
20075 18637
20076 18987
20077 19520
20078 19876
20079 19400
20080 19496
20081 18087
20082 19439
20083 19689
20084 18609
20085 18588
20086 19838
20087 18474
20088 19100
20089 18389
20090 19556
20091 18374
20092 19074
20093 18111
20094 18252
20095 19586
20096 18158
20097 18391
20098 18636
20099 18440
20100 18510
20101 18508
20102 19259
20103 19764
20104 18248
20105 18251
20106 19825
20107 18004
20108 18780
20109 19447
20110 18007
20111 18445
20112 19087
20113 19894
20114 18664
20115 18478
20116 19713
20117 18842
20118 18272
20119 19393
20120 19877
20121 19944
20122 18789
20123 18523
20124 19714
20125 19036
20126 18069
20127 19725
20128 18335
20129 18803
20130 19143
20131 18835
20132 18128
20133 19898
20134 19302
20135 19173
20136 19012
20137 18714
20138 18435
20139 19009
20140 19551
20141 18934
20142 19077
20143 18565
20144 18910
20145 18771
20146 19460
20147 19870
20148 18276
20149 18813
20150 19083
20151 18845
20152 19665
20153 18954
20154 19547
20155 18922
20156 18501
20157 19934
20158 18837
20159 19191
20160 18992
20161 18935
20162 18625
20163 19656
20164 19362
20165 19653
20166 18426
20167 19691
20168 18060
20169 19807
20170 19543
20171 18696
20172 18993
20173 18330
20174 19554
20175 18086
20176 19881
20177 18912
20178 18740
20179 19025
20180 18806
20181 18909
20182 19186
20183 19777
20184 19925
20185 19615
20186 18848
20187 19672
20188 19017
20189 19346
20190 19900
20191 19149
20192 18484
20193 19665
20194 18015
20195 19902
20196 18689
20197 19431
20198 19942
20199 18750
20200 18588
20201 19417
20202 19465
20203 18020
20204 18852
20205 19315
20206 19966
20207 19494
20208 19533
20209 18665
20210 18694
20211 19260
20212 18741
20213 19761
20214 18554
20215 19363
20216 18973
20217 18416
20218 18986
20219 18047
20220 19329
20221 19449
20222 18774
20223 18456
20224 19396
20225 19384
20226 18284
20227 18223
20228 18034
20229 19635
20230 18742
20231 18849
20232 19217
20233 19951
20234 18369
20235 19287
20236 19951
20237 19240
20238 18768
20239 19024
20240 18744
20241 18913
20242 18133
20243 18498
20244 18306
20245 18355
20246 19231
20247 18208
20248 18379
20249 18337
20250 19115
20251 19149
20252 18684
20253 18042
20254 19075
20255 18451
20256 18552
20257 19877
20258 18148
20259 18400
20260 18027
20261 19081
20262 18985
20263 18185
20264 19802
20265 18221
20266 18511
20267 18929
20268 18163
20269 19654
20270 19324
20271 19191
20272 19966
20273 18342
20274 18669
20275 18270
20276 18054
20277 18359
20278 18874
20279 18551
20280 18210
20281 18709
20282 19113
20283 18156
20284 19437
20285 18272
20286 19677
20287 19712
20288 19257
20289 18836
20290 19854
20291 19331
20292 18731
20293 18658
20294 18257
20295 19830
20296 19127
20297 18129
20298 19532
20299 19483
20300 18195
20301 18048
20302 19687
20303 19731
20304 18880
20305 19937
20306 19543
20307 18434
20308 19533
20309 19083
20310 19080
20311 19278
20312 18198
20313 19189
20314 19377
20315 19417
20316 18763
20317 19631
20318 19817
20319 19155
20320 18569
20321 19738
20322 18687
20323 18351
20324 19138
20325 19625
20326 18817
20327 18522
20328 18261
20329 19098
20330 19603
20331 19804
20332 19469
20333 19567
20334 18611
20335 19661
20336 18298
20337 18794
20338 18644
20339 19758
20340 18005
20341 19338
20342 19569
20343 19239
20344 18859
20345 19956
20346 18756
20347 18092
20348 19239
20349 19120
20350 18262
20351 18618
20352 18159
20353 19023
20354 18656
20355 18606
20356 19666
20357 18686
20358 19185
20359 19925
20360 19766
20361 18021
20362 19656
20363 18086
20364 18867
20365 18215
20366 18364
20367 18150
20368 18907
20369 19080
20370 18995
20371 19565
20372 19287
20373 19082
20374 19127
20375 18963
20376 18681
20377 18922
20378 18345
20379 18142
20380 18320
20381 19424
20382 18932
20383 19780
20384 18145
20385 19965
20386 19427
20387 18115
20388 18588
20389 18200
20390 18110
20391 19291
20392 18570
20393 18086
20394 18901
20395 19428
20396 19320
20397 18560
20398 18864
20399 19976
20400 19097
20401 19337
20402 18377
20403 18291
20404 19510
20405 19418
20406 19012
20407 18130
20408 18056
20409 19767
20410 19622
20411 18043
20412 18683
20413 19956
20414 18377
20415 18557
20416 19036
20417 19717
20418 19998
20419 18389
20420 19624
20421 18391
20422 18286
20423 19856
20424 18360
20425 18323
20426 19383
20427 19699
20428 18879
20429 18455
20430 18129
20431 19678
20432 19917
20433 18805
20434 19140
20435 18401
20436 19969
20437 19644
20438 18963
20439 18589
20440 19284
20441 19747
20442 19886
20443 19035
20444 19137
20445 19981
20446 18833
20447 19846
20448 19447
20449 18623
20450 19242
20451 18181
20452 19881
20453 19490
20454 19336
20455 18766
20456 18813
20457 19018
20458 19247
20459 19368
20460 18161
20461 19746
20462 19619
20463 18923
20464 19839
20465 18980
20466 18268
20467 19263
20468 19811
20469 18702
20470 18475
20471 19814
20472 18959
20473 18567
20474 18779
20475 18518
20476 18096
20477 18994
20478 18821
20479 19619
20480 18623
20481 19114
20482 18707
20483 19267
20484 18007
20485 18323
20486 18620
20487 18083
20488 18062
20489 19029
20490 19177
20491 18321
20492 19771
20493 19888
20494 18994
20495 18032
20496 18211
20497 18884
20498 19049
20499 19332
20500 18751
20501 19972
20502 18198
20503 19385
20504 19998
20505 18119
20506 19250
20507 19974
20508 18372
20509 18281
20510 18091
20511 19621
20512 18330
20513 18279
20514 19313
20515 18460
20516 18134
20517 18394
20518 19761
20519 18310
20520 18438
20521 19765
20522 18489
20523 18001
20524 19013
20525 19551
20526 19374
20527 18696
20528 19404
20529 19524
20530 19195
20531 19762
20532 19859
20533 19817
20534 19761
20535 19678
20536 18666
20537 18367
20538 18137
20539 19842
20540 18212
20541 18309
20542 19416
20543 19515
20544 18382
20545 19106
20546 19275
20547 19956
20548 18722
20549 19954
20550 18029
20551 19472
20552 19999
20553 19566
20554 18557
20555 18441
20556 19293
20557 19770
20558 19465
20559 19864
20560 19042
20561 19962
20562 19410
20563 18844
20564 18284
20565 18137
20566 19672
20567 19792
20568 18473
20569 18580
20570 19143
20571 18256
20572 18318
20573 18271
20574 18336
20575 19978
20576 18249
20577 19455
20578 18443
20579 18154
20580 18910
20581 18190
20582 18407
20583 18722
20584 19484
20585 19634
20586 19349
20587 19529
20588 18098
20589 19988
20590 19140
20591 19350
20592 18893
20593 18781
20594 18964
20595 19076
20596 18183
20597 18213
20598 19269
20599 18167
20600 19028
20601 19519
20602 18910
20603 18722
20604 18962
20605 18931
20606 19777
20607 19515
20608 19618
20609 19750
20610 19713
20611 18328
20612 18298
20613 19061
20614 19782
20615 19714
20616 19328
20617 18799
20618 19058
20619 19868
20620 19388
20621 19543
20622 18842
20623 19911
20624 18441
20625 18979
20626 19166
20627 19820
20628 18991
20629 18744
20630 18124
20631 18976
20632 18321
20633 18093
20634 18348
20635 19738
20636 18996
20637 19012
20638 18688
20639 18076
20640 19115
20641 18864
20642 18446
20643 19989
20644 18199
20645 19714
20646 19396
20647 18866
20648 19912
20649 18470
20650 19808
20651 18055
20652 18207
20653 19183
20654 19485
20655 19643
20656 18015
20657 18147
20658 19177
20659 18952
20660 19174
20661 19368
20662 18581
20663 19208
20664 19513
20665 19389
20666 18682
20667 19710
20668 18003
20669 19679
20670 18902
20671 19449
20672 18641
20673 18719
20674 19297
20675 19890
20676 19128
20677 19563
20678 19979
20679 18663
20680 18856
20681 19546
20682 19019
20683 18462
20684 19135
20685 19448
20686 19663
20687 18780
20688 18603
20689 18387
20690 19789
20691 19755
20692 19085
20693 18606
20694 18002
20695 19117
20696 19245
20697 19545
20698 19362
20699 19858
20700 18613
20701 19031
20702 19558
20703 18560
20704 18023
20705 18091
20706 19679
20707 19823
20708 18847
20709 18875
20710 19203
20711 19468
20712 18831
20713 18986
20714 18613
20715 18388
20716 18235
20717 19082
20718 18362
20719 18302
20720 19430
20721 19924
20722 18108
20723 19280
20724 18374
20725 19121
20726 19661
20727 18097
20728 19661
20729 18304
20730 19986
20731 19755
20732 19799
20733 18461
20734 18834
20735 18653
20736 18284
20737 18913
20738 18883
20739 18296
20740 18687
20741 19683
20742 19541
20743 19945
20744 18617
20745 18610
20746 19188
20747 18252
20748 19724
20749 18164
20750 19856
20751 19299
20752 18369
20753 18790
20754 19079
20755 18660
20756 19503
20757 19564
20758 18341
20759 19119
20760 18235
20761 19471
20762 19378
20763 18955
20764 18937
20765 18195
20766 18127
20767 18180
20768 18259
20769 18453
20770 18472
20771 18346
20772 18823
20773 18168
20774 18508
20775 19721
20776 18239
20777 19539
20778 19617
20779 19567
20780 18713
20781 18034
20782 19291
20783 18340
20784 18798
20785 19997
20786 19602
20787 18563
20788 19395
20789 18624
20790 19486
20791 19088
20792 18763
20793 19211
20794 18318
20795 19372
20796 18167
20797 19539
20798 18165
20799 19164
20800 18392
20801 18417
20802 18475
20803 18703
20804 18694
20805 18100
20806 18340
20807 19539
20808 18301
20809 18926
20810 18165
20811 19030
20812 19612
20813 19539
20814 18985
20815 18954
20816 19948
20817 18647
20818 19150
20819 18002
20820 18716
20821 18660
20822 18505
20823 19410
20824 18466
20825 18385
20826 18841
20827 19965
20828 19084
20829 18402
20830 19081
20831 19345
20832 19430
20833 18959
20834 18642
20835 18500
20836 19794
20837 18879
20838 18735
20839 19454
20840 18923
20841 19030
20842 18172
20843 19916
20844 19663
20845 19577
20846 18719
20847 18141
20848 18952
20849 19526
20850 19895
20851 19945
20852 19440
20853 19709
20854 19902
20855 19331
20856 19072
20857 18822
20858 19286
20859 18357
20860 19063
20861 18094
20862 18145
20863 19628
20864 18788
20865 19932
20866 19782
20867 18823
20868 18780
20869 19521
20870 18437
20871 18267
20872 18682
20873 19111
20874 18302
20875 18161
20876 18940
20877 19675
20878 19554
20879 19635
20880 18522
20881 18043
20882 19524
20883 19637
20884 19044
20885 19820
20886 19412
20887 19276
20888 18861
20889 19247
20890 18918
20891 19665
20892 19458
20893 18824
20894 18120
20895 18887
20896 19489
20897 18324
20898 18795
20899 18809
20900 19600
20901 18144
20902 19212
20903 19558
20904 18192
20905 18997
20906 18751
20907 19526
20908 19729
20909 19071
20910 19145
20911 18033
20912 18242
20913 18777
20914 19656
20915 19340
20916 19319
20917 18237
20918 19516
20919 18354
20920 19487
20921 18847
20922 19279
20923 19401
20924 19577
20925 19354
20926 19445
20927 18422
20928 18512
20929 19822
20930 18301
20931 19721
20932 18913
20933 19243
20934 18271
20935 19799
20936 19148
20937 18467
20938 18608
20939 18399
20940 18089
20941 19634
20942 19991
20943 18164
20944 18275
20945 18839
20946 18660
20947 18185
20948 18706
20949 18085
20950 18243
20951 18155
20952 18802
20953 19869
20954 19904
20955 18121
20956 19799
20957 19109
20958 18634
20959 19437
20960 19504
20961 18567
20962 19792
20963 18927
20964 19531
20965 19904
20966 19424
20967 18936
20968 18847
20969 19643
20970 18184
20971 19579
20972 18574
20973 18505
20974 18279
20975 19885
20976 18737
20977 19396
20978 18851
20979 18014
20980 19991
20981 19845
20982 19572
20983 18801
20984 19354
20985 19900
20986 18451
20987 19973
20988 19096
20989 19403
20990 19649
20991 19855
20992 19519
20993 18075
20994 19357
20995 18756
20996 19725
20997 19528
20998 19972
20999 18807
21000 19068
21001 18503
21002 19395
21003 18937
21004 18566
21005 19395
21006 19200
21007 19365
21008 19863
21009 18933
21010 19839
21011 18869
21012 18842
21013 19579
21014 19644
21015 18477
21016 19408
21017 19358
21018 19861
21019 19147
21020 19775
21021 19292
21022 18015
21023 18772
21024 19717
21025 19750
21026 19287
21027 18123
21028 19852
21029 18159
21030 19949
21031 19999
21032 18166
21033 18680
21034 18710
21035 18363
21036 19759
21037 19909
21038 18947
21039 19775
21040 19978
21041 19392
21042 18772
21043 19469
21044 19897
21045 19915
21046 18662
21047 18096
21048 18869
21049 18066
21050 19413
21051 18094
21052 18013
21053 18164
21054 19545
21055 19983
21056 19613
21057 19214
21058 19357
21059 19732
21060 19152
21061 18359
21062 19910
21063 18315
21064 18058
21065 18618
21066 19214
21067 18485
21068 19059
21069 18096
21070 19163
21071 18313
21072 19804
21073 18724
21074 19829
21075 19200
21076 19095
21077 18331
21078 18531
21079 18045
21080 18881
21081 19434
21082 19542
21083 18510
21084 19948
21085 19219
21086 19639
21087 18916
21088 18231
21089 18584
21090 18798
21091 18755
21092 19445
21093 18727
21094 19627
21095 18204
21096 18009
21097 18429
21098 18385
21099 19790
21100 19781
21101 19354
21102 19126
21103 18300
21104 19767
21105 19985
21106 18446
21107 19928
21108 18634
21109 18489
21110 18960
21111 18148
21112 19777
21113 19562
21114 18727
21115 18159
21116 19496
21117 18161
21118 19777
21119 19094
21120 18063
21121 18765
21122 19129
21123 18624
21124 19637
21125 19120
21126 18125
21127 19631
21128 18368
21129 19004
21130 18261
21131 18953
21132 19347
21133 18624
21134 18709
21135 19933
21136 18252
21137 19240
21138 19642
21139 19390
21140 18974
21141 19181
21142 19538
21143 18376
21144 18796
21145 18802
21146 18810
21147 19373
21148 19969
21149 19618
21150 18427
21151 18260
21152 19457
21153 19287
21154 19231
21155 18672
21156 19128
21157 19555
21158 19311
21159 19851
21160 18789
21161 18182
21162 19081
21163 18198
21164 18078
21165 19660
21166 19296
21167 19327
21168 19126
21169 19927
21170 18460
21171 19877
21172 19161
21173 19704
21174 18944
21175 18942
21176 19564
21177 19419
21178 18840
21179 19367
21180 18747
21181 19099
21182 18152
21183 19060
21184 19039
21185 18347
21186 18285
21187 18662
21188 18890
21189 19242
21190 19894
21191 19248
21192 18217
21193 18873
21194 19758
21195 18220
21196 19534
21197 19700
21198 18235
21199 18482
21200 18829
21201 19351
21202 18558
21203 19683
21204 18567
21205 18915
21206 19846
21207 19093
21208 18725
21209 18349
21210 19517
21211 18102
21212 19663
21213 18302
21214 18833
21215 18477
21216 18100
21217 19381
21218 19814
21219 19330
21220 18949
21221 18861
21222 18292
21223 18806
21224 18888
21225 18174
21226 19128
21227 18306
21228 18407
21229 18306
21230 19661
21231 18867
21232 18597
21233 18476
21234 18196
21235 18573
21236 18014
21237 18735
21238 19168
21239 18896
21240 18896
21241 19033
21242 19125
21243 19567
21244 19246
21245 19115
21246 18158
21247 18422
21248 18709
21249 19566
21250 18573
21251 18045
21252 19162
21253 18009
21254 18668
21255 19739
21256 19963
21257 19371
21258 18769
21259 18930
21260 19854
21261 18666
21262 19545
21263 18187
21264 19551
21265 18788
21266 19354
21267 19201
21268 19882
21269 19347
21270 19719
21271 19118
21272 19963
21273 18792
21274 18531
21275 19200
21276 18678
21277 19364
21278 19383
21279 19431
21280 19597
21281 18387
21282 18248
21283 18010
21284 18951
21285 18424
21286 18788
21287 19305
21288 19681
21289 18704
21290 18779
21291 18631
21292 18852
21293 19244
21294 18621
21295 19120
21296 18535
21297 18798
21298 18570
21299 18690
21300 18555
21301 19757
21302 19453
21303 18159
21304 18925
21305 19779
21306 19509
21307 19587
21308 19999
21309 19523
21310 19157
21311 18214
21312 18960
21313 18741
21314 19023
21315 19765
21316 18724
21317 19661
21318 19099
21319 19619
21320 19766
21321 19579
21322 19450
21323 19163
21324 18223
21325 18793
21326 18228
21327 18210
21328 19605
21329 18985
21330 18760
21331 18352
21332 19745
21333 19934
21334 18677
21335 19859
21336 19292
21337 19346
21338 19829
21339 19121
21340 18418
21341 18812
21342 19613
21343 19214
21344 18100
21345 19800
21346 18852
21347 19916
21348 18100
21349 19918
21350 18676
21351 18683
21352 19310
21353 19472
21354 18597
21355 18318
21356 18208
21357 19143
21358 18004
21359 19079
21360 18836
21361 19659
21362 19801
21363 19894
21364 19291
21365 19327
21366 18989
21367 19979
21368 18762
21369 19419
21370 19499
21371 19687
21372 18547
21373 19681
21374 19098
21375 18242
21376 18794
21377 19216
21378 18513
21379 19036
21380 18788
21381 19478
21382 18934
21383 18608
21384 18550
21385 19400
21386 19054
21387 19040
21388 19785
21389 19166
21390 19155
21391 19672
21392 19904
21393 19094
21394 18178
21395 18114
21396 19879
21397 19425
21398 19160
21399 18283
21400 18154
21401 19776
21402 19139
21403 18543
21404 18626
21405 18860
21406 18578
21407 18941
21408 18786
21409 18340
21410 19923
21411 19745
21412 19932
21413 19527
21414 19369
21415 18811
21416 18284
21417 18845
21418 19177
21419 19613
21420 19387
21421 19711
21422 19883
21423 19841
21424 19382
21425 18852
21426 18239
21427 18212
21428 19533
21429 19566
21430 19651
21431 19948
21432 19326
21433 18495
21434 19700
21435 18089
21436 18076
21437 18240
21438 18336
21439 19191
21440 18575
21441 18148
21442 18933
21443 18403
21444 19181
21445 18485
21446 19781
21447 18549
21448 19861
21449 19933
21450 18830
21451 18066
21452 18635
21453 19644
21454 19471
21455 19791
21456 18202
21457 19770
21458 19084
21459 18084
21460 19656
21461 18000
21462 18715
21463 19448
21464 19096
21465 18619
21466 19683
21467 19155
21468 18814
21469 19969
21470 19602
21471 19758
21472 19044
21473 18620
21474 18693
21475 19751
21476 19922
21477 18199
21478 19428
21479 19138
21480 19586
21481 18851
21482 19347
21483 18650
21484 19631
21485 18707
21486 18946
21487 18339
21488 18674
21489 19799
21490 18051
21491 19866
21492 18563
21493 19540
21494 18681
21495 19776
21496 18282
21497 19452
21498 19750
21499 18603
21500 19080
21501 18639
21502 18832
21503 19702
21504 19101
21505 19300
21506 18925
21507 18811
21508 19158
21509 18294
21510 18500
21511 19601
21512 18978
21513 18446
21514 18466
21515 19166
21516 19277
21517 18712
21518 19109
21519 18776
21520 18527
21521 19420
21522 19945
21523 19597
21524 18347
21525 18590
21526 19781
21527 18958
21528 18296
21529 18732
21530 18978
21531 18782
21532 18430
21533 18107
21534 18405
21535 18033
21536 18011
21537 19606
21538 18817
21539 18035
21540 18453
21541 19076
21542 19549
21543 18012
21544 19149
21545 19158
21546 18195
21547 18523
21548 19849
21549 19327
21550 19308
21551 18703
21552 18749
21553 18159
21554 18063
21555 19467
21556 19014
21557 19285
21558 19024
21559 19781
21560 18813
21561 19773
21562 18356
21563 18771
21564 18123
21565 18796
21566 18454
21567 19270
21568 19147
21569 18348
21570 18050
21571 19273
21572 19751
21573 19603
21574 19312
21575 19828
21576 18653
21577 18324
21578 18668
21579 19304
21580 19872
21581 18934
21582 19378
21583 19657
21584 18255
21585 19466
21586 19795
21587 18599
21588 18828
21589 18266
21590 18003
21591 18634
21592 19732
21593 18478
21594 19596
21595 19612
21596 19106
21597 19655
21598 19007
21599 19197
21600 19100
21601 19867
21602 18966
21603 19036
21604 18759
21605 19918
21606 18485
21607 18209
21608 19653
21609 18051
21610 19578
21611 19230
21612 18411
21613 18270
21614 18001
21615 18850
21616 19148
21617 18366
21618 19802
21619 19327
21620 19411
21621 19473
21622 19365
21623 19733
21624 18235
21625 18598
21626 19240
21627 18897
21628 19687
21629 19022
21630 18323
21631 19181
21632 18811
21633 18692
21634 18035
21635 18369
21636 18224
21637 18646
21638 18242
21639 19688
21640 19541
21641 19121
21642 18204
21643 18862
21644 19143
21645 19963
21646 19367
21647 19180
21648 19427
21649 18127
21650 19144
21651 19771
21652 18293
21653 19274
21654 18255
21655 19824
21656 18495
21657 19195
21658 19818
21659 18243
21660 19863
21661 18493
21662 19523
21663 18694
21664 18498
21665 19697
21666 19293
21667 19781
21668 19658
21669 19213
21670 18737
21671 19788
21672 18235
21673 19375
21674 19828
21675 19651
21676 19606
21677 19426
21678 19258
21679 19175
21680 19305
21681 18754
21682 19115
21683 18909
21684 18606
21685 19525
21686 18949
21687 18382
21688 19442
21689 18697
21690 18947
21691 18388
21692 19957
21693 18409
21694 18079
21695 18247
21696 19339
21697 19159
21698 19304
21699 18517
21700 18680
21701 19932
21702 19713
21703 18536
21704 18072
21705 18609
21706 18010
21707 19450
21708 19659
21709 19439
21710 18294
21711 19208
21712 18121
21713 19706
21714 19774
21715 19182
21716 18938
21717 19897
21718 19958
21719 18880
21720 18266
21721 18522
21722 18524
21723 18113
21724 18207
21725 19578
21726 18511
21727 19575
21728 19109
21729 19849
21730 18696
21731 18032
21732 19383
21733 19196
21734 19774
21735 18575
21736 18138
21737 18312
21738 19267
21739 19401
21740 18546
21741 19430
21742 19977
21743 18069
21744 18119
21745 18347
21746 18579
21747 18477
21748 18449
21749 19200
21750 18113
21751 19581
21752 18705
21753 19989
21754 19598
21755 19841
21756 18841
21757 19097
21758 18739
21759 18946
21760 18796
21761 18923
21762 18542
21763 19974
21764 19989
21765 18448
21766 19655
21767 18172
21768 18222
21769 19296
21770 18426
21771 18241
21772 19139
21773 18682
21774 19226
21775 18653
21776 18976
21777 18021
21778 18663
21779 19080
21780 18088
21781 19506
21782 18357
21783 19862
21784 19465
21785 19733
21786 18751
21787 19304
21788 19870
21789 19668
21790 18116
21791 19739
21792 19870
21793 19807
21794 19742
21795 19244
21796 18298
21797 19560
21798 19454
21799 18414
21800 18500
21801 19681
21802 18219
21803 19884
21804 19575
21805 18296
21806 19224
21807 18603
21808 19796
21809 18249
21810 19126
21811 18687
21812 19194
21813 19899
21814 19739
21815 19564
21816 18037
21817 18255
21818 18193
21819 19296
21820 18780
21821 18223
21822 18267
21823 18999
21824 18172
21825 18344
21826 18436
21827 19204
21828 19107
21829 18151
21830 18374
21831 18305
21832 19082
21833 19687
21834 19094
21835 18848
21836 19664
21837 18717
21838 18431
21839 18541
21840 19006
21841 19850
21842 18220
21843 18505
21844 18019
21845 19346
21846 19425
21847 19884
21848 18704
21849 18873
21850 19167
21851 18494
21852 19419
21853 19875
21854 18273
21855 19227
21856 19793
21857 19853
21858 19219
21859 18331
21860 18509
21861 18730
21862 19007
21863 18605
21864 19587
21865 18730
21866 19481
21867 18648
21868 18302
21869 18090
21870 18517
21871 18357
21872 19981
21873 18093
21874 18215
21875 19277
21876 19384
21877 18764
21878 18701
21879 18885
21880 18436
21881 19238
21882 18934
21883 18672
21884 18311
21885 19058
21886 19041
21887 19395
21888 18350
21889 19546
21890 18102
21891 18313
21892 19711
21893 18717
21894 18683
21895 18287
21896 19298
21897 19723
21898 18861
21899 18829
21900 18117
21901 18842
21902 18521
21903 19523
21904 19262
21905 18163
21906 18050
21907 19560
21908 18209
21909 18936
21910 18329
21911 19282
21912 18446
21913 18278
21914 19807
21915 19538
21916 19128
21917 18951
21918 18941
21919 18650
21920 19215
21921 19378
21922 19860
21923 19029
21924 19414
21925 19420
21926 18169
21927 18688
21928 18402
21929 19849
21930 19527
21931 19958
21932 18968
21933 19831
21934 19538
21935 18147
21936 19313
21937 19000
21938 19023
21939 18471
21940 18724
21941 19562
21942 18887
21943 18720
21944 19645
21945 19474
21946 19475
21947 19430
21948 19149
21949 19820
21950 18045
21951 18407
21952 18511
21953 18386
21954 18719
21955 18050
21956 18930
21957 18043
21958 18011
21959 19895
21960 18167
21961 18101
21962 18275
21963 19558
21964 19773
21965 18931
21966 19619
21967 19617
21968 19466
21969 18213
21970 18220
21971 18324
21972 18401
21973 18926
21974 19447
21975 19378
21976 18871
21977 19931
21978 19807
21979 19166
21980 19576
21981 19133
21982 18276
21983 19243
21984 19013
21985 18498
21986 19478
21987 18167
21988 19553
21989 19871
21990 18285
21991 19915
21992 18654
21993 18764
21994 18816
21995 19431
21996 19358
21997 19347
21998 18922
21999 18687
18000 16832
18001 17494
18002 17832
18003 16686
18004 16334
18005 17125
18007 17165
18009 16281
18010 16501
18011 16048
18012 17312
18013 16474
18014 16038
18015 17588
18019 17686
18020 17570
18021 17215
18023 16297
18027 17035
18029 16843
18032 17735
18033 16784
18034 16425
18035 17815
18037 17823
18042 16401
18043 17411
18045 17033
18047 17462
18048 17478
18050 16571
18051 16696
18054 17759
18055 16350
18056 16374
18058 17009
18060 17570
18062 17025
18063 16549
18066 16664
18069 16610
18072 16874
18075 16622
18076 16363
18078 17233
18079 17263
18083 17123
18084 16197
18085 16037
18086 16309
18087 16863
18088 17273
18089 17567
18090 17160
18091 16752
18092 17996
18093 17375
18094 16795
18096 16528
18097 16995
18098 17036
18100 16891
18101 16397
18102 17546
18107 17282
18108 16987
18110 16554
18111 17097
18113 17314
18114 16367
18115 17744
18116 16894
18117 16658
18119 17664
18120 17623
18121 16789
18123 17166
18124 17714
18125 17403
18127 17828
18128 16211
18129 17848
18130 17196
18133 17206
18134 16733
18137 17820
18138 17380
18141 16716
18142 16272
18144 16487
18145 17046
18147 17705
18148 17045
18150 16413
18151 16280
18152 17165
18154 16522
18155 17015
18156 17040
18158 17640
18159 17900
18161 16618
18163 17388
18164 17364
18165 16329
18166 16490
18167 16269
18168 17523
18169 17922
18172 16104
18174 17945
18178 16668
18180 16365
18181 16838
18182 16922
18183 17455
18184 16691
18185 16831
18187 17844
18190 17994
18192 17982
18193 17191
18195 16782
18196 17926
18198 16715
18199 16987
18200 17943
18202 17517
18204 17730
18207 16118
18208 16305
18209 17801
18210 16104
18211 17766
18212 16879
18213 16730
18214 16814
18215 17100
18217 17807
18219 17289
18220 16107
18221 16622
18222 16331
18223 17750
18224 17676
18227 17394
18228 17943
18231 17351
18232 17427
18233 16958
18235 17260
18237 16377
18239 16801
18240 17779
18241 16740
18242 16306
18243 16664
18247 17840
18248 17553
18249 17733
18251 16205
18252 17615
18255 16722
18256 16026
18257 16120
18259 16615
18260 17620
18261 16847
18262 17556
18266 16132
18267 17876
18268 17554
18270 16348
18271 17363
18272 17257
18273 16420
18274 17871
18275 17818
18276 17978
18278 17188
18279 16009
18281 17298
18282 17065
18283 16141
18284 16733
18285 17893
18286 16547
18287 16956
18291 16095
18292 16027
18293 17704
18294 16215
18296 16432
18298 17567
18299 16523
18300 16432
18301 16626
18302 16233
18304 16814
18305 17357
18306 17025
18309 17803
18310 17787
18311 17147
18312 16105
18313 17435
18315 17526
18318 16466
18320 16196
18321 16068
18323 16192
18324 17998
18325 17899
18328 16383
18329 17894
18330 17480
18331 16054
18335 16208
18336 16920
18337 17428
18339 17965
18340 16666
18341 17653
18342 16954
18344 17645
18345 16760
18346 17871
18347 16521
18348 16692
18349 17694
18350 17665
18351 16545
18352 16418
18354 17117
18355 17418
18356 16570
18357 16040
18359 17418
18360 16705
18362 17013
18363 17126
18364 16540
18366 17218
18367 17999
18368 16386
18369 17917
18372 17963
18374 17666
18376 17576
18377 17348
18379 17691
18382 16272
18385 17567
18386 16626
18387 17783
18388 16582
18389 17105
18391 16304
18392 17363
18394 17201
18399 16124
18400 17739
18401 17758
18402 16304
18403 16436
18405 16739
18407 17427
18409 17517
18411 17964
18414 16905
18416 17372
18417 16479
18418 17553
18422 16035
18424 16000
18426 16417
18427 17779
18429 16253
18430 17229
18431 17000
18434 16843
18435 16127
18436 17889
18437 16227
18438 16135
18440 17479
18441 17443
18443 16888
18445 16933
18446 16939
18448 16921
18449 17261
18451 17871
18453 16522
18454 17539
18455 17673
18456 16604
18460 17221
18461 16766
18462 16898
18466 16104
18467 17009
18470 17362
18471 16940
18472 16400
18473 17621
18474 17537
18475 16824
18476 17648
18477 17274
18478 17174
18482 16890
18484 17792
18485 17874
18489 17229
18493 16403
18494 16295
18495 16242
18498 17614
18500 16586
18501 17267
18503 17988
18505 17891
18508 16397
18509 17624
18510 17058
18511 16214
18512 17618
18513 16399
18517 17077
18518 17470
18521 16322
18522 16462
18523 17162
18524 17009
18527 16305
18531 17457
18535 16994
18536 17319
18541 17244
18542 16356
18543 17888
18545 17153
18546 16662
18547 17284
18549 17411
18550 16795
18551 16522
18552 16409
18553 16900
18554 16756
18555 16579
18557 17940
18558 17793
18560 17620
18563 17712
18565 17065
18566 17505
18567 16713
18569 17938
18570 17906
18573 17435
18574 17141
18575 17869
18578 16035
18579 17845
18580 17881
18581 16835
18584 16607
18588 16929
18589 17220
18590 16973
18597 17304
18598 17124
18599 16983
18603 16373
18605 16743
18606 17789
18608 16376
18609 16156
18610 17136
18611 17325
18613 17664
18617 16538
18618 17881
18619 16999
18620 16253
18621 17775
18623 16275
18624 17933
18625 17623
18626 16544
18631 16830
18634 17375
18635 17946
18636 16064
18637 16020
18639 16881
18641 16763
18642 16779
18644 17823
18646 17004
18647 16420
18648 16184
18650 16486
18653 17127
18654 16958
18656 16546
18658 17284
18660 17694
18662 17704
18663 16352
18664 17225
18665 16514
18666 16470
18668 16188
18669 16968
18672 16774
18674 17469
18676 16677
18677 16172
18678 17035
18680 17573
18681 16089
18682 16665
18683 16833
18684 17940
18686 16631
18687 16678
18688 17431
18689 17329
18690 17772
18692 17984
18693 17411
18694 17384
18696 17968
18697 16215
18701 17686
18702 17416
18703 16167
18704 17235
18705 17449
18706 17244
18707 17509
18709 16357
18710 16820
18712 16586
18713 17377
18714 16347
18715 16601
18716 17191
18717 16165
18719 16886
18720 16017
18722 16977
18724 17971
18725 16785
18727 16262
18730 17262
18731 16257
18732 16745
18735 17736
18737 16538
18739 17163
18740 17842
18741 17763
18742 17242
18744 16604
18747 17526
18749 17899
18750 17543
18751 16153
18754 17148
18755 16989
18756 17396
18759 17757
18760 16511
18762 16109
18763 16727
18764 16745
18765 17163
18766 17781
18768 17290
18769 16368
18771 17125
18772 17397
18774 17237
18776 16674
18777 17375
18779 16581
18780 17959
18781 16710
18782 16405
18786 17322
18788 16099
18789 16739
18790 17009
18792 16766
18793 16551
18794 16279
18795 17798
18796 16139
18798 16763
18799 17182
18801 17439
18802 16080
18803 16736
18805 16136
18806 16024
18807 16235
18808 17157
18809 17852
18810 17761
18811 16591
18812 17067
18813 16431
18814 16410
18816 17144
18817 17092
18821 17462
18822 16932
18823 16768
18824 17233
18828 17745
18829 16399
18830 16344
18831 16344
18832 16132
18833 17985
18834 17317
18835 17355
18836 17309
18837 16567
18839 16633
18840 16586
18841 17307
18842 16356
18844 16161
18845 17433
18847 17010
18848 16241
18849 16394
18850 17686
18851 16169
18852 17125
18856 17571
18858 17830
18859 17878
18860 17103
18861 16494
18862 17156
18864 16644
18866 17677
18867 16353
18869 16309
18871 17354
18873 16979
18874 16244
18875 16330
18879 17021
18880 16423
18881 17547
18883 16280
18884 17660
18885 17210
18887 17669
18888 17757
18890 17964
18893 16496
18896 17841
18897 16801
18901 16610
18902 17293
18907 16908
18909 17188
18910 17366
18912 16654
18913 16382
18915 16268
18916 16031
18918 17653
18922 17043
18923 16355
18925 17523
18926 16085
18927 17104
18929 16059
18930 16575
18931 17512
18932 16931
18933 16800
18934 17603
18935 16443
18936 16908
18937 16471
18938 17385
18940 17764
18941 16114
18942 17373
18944 17259
18946 17091
18947 16273
18949 16120
18951 16287
18952 16830
18953 17170
18954 16416
18955 17569
18958 16007
18959 17629
18960 16779
18962 17418
18963 17377
18964 16294
18966 16104
18968 16406
18973 16153
18974 17777
18976 16556
18978 17397
18979 17480
18980 16110
18985 16771
18986 16011
18987 17290
18989 17940
18991 16245
18992 17548
18993 16962
18994 16553
18995 17330
18996 16177
18997 16285
18999 16802
19000 17426
19004 16912
19006 16541
19007 16144
19009 16448
19012 16122
19013 16842
19014 16694
19015 16573
19017 17017
19018 16417
19019 16899
19022 17848
19023 17284
19024 17439
19025 16687
19028 16456
19029 16437
19030 17720
19031 17969
19033 17605
19035 16073
19036 16892
19039 16094
19040 17412
19041 16588
19042 16091
19044 16409
19045 16801
19047 16192
19049 16859
19054 16328
19058 16414
19059 17809
19060 16452
19061 17444
19063 17815
19068 17488
19071 17123
19072 17475
19074 16414
19075 17740
19076 17291
19077 17099
19079 17007
19080 17850
19081 17823
19082 16924
19083 16872
19084 16347
19085 17237
19087 16496
19088 16311
19093 17980
19094 17156
19095 17968
19096 16346
19097 17968
19098 17819
19099 16608
19100 16834
19101 16756
19106 17396
19107 16952
19108 17581
19109 17351
19111 17838
19113 16144
19114 16930
19115 17378
19117 16462
19118 17420
19119 16859
19120 17579
19121 17938
19125 16889
19126 17629
19127 17889
19128 16196
19129 17428
19133 17704
19135 16212
19137 17010
19138 16729
19139 17592
19140 17085
19143 17224
19144 16940
19145 16075
19147 17784
19148 17134
19149 17953
19150 16527
19152 16314
19155 17485
19157 16588
19158 17549
19159 16815
19160 17318
19161 17048
19162 17892
19163 16154
19164 17522
19166 16812
19167 17417
19168 16459
19173 17670
19174 16287
19175 17839
19177 16249
19180 16750
19181 16405
19182 17623
19183 17654
19185 17361
19186 17931
19188 17691
19189 16287
19191 17708
19194 17250
19195 17425
19196 16622
19197 17964
19200 17571
19201 16311
19203 17124
19204 16424
19208 17990
19210 17532
19211 16014
19212 16898
19213 17377
19214 17453
19215 17254
19216 16652
19217 17524
19219 16005
19224 17127
19226 17442
19227 16528
19230 17692
19231 17082
19238 16191
19239 17998
19240 16628
19242 17987
19243 17508
19244 16770
19245 16802
19246 17584
19247 17418
19248 16668
19250 16174
19257 16598
19258 17413
19259 17959
19260 17491
19262 17401
19263 16366
19267 17107
19269 16335
19270 16082
19273 17367
19274 16252
19275 16564
19276 16002
19277 16599
19278 17918
19279 17519
19280 17863
19282 16985
19284 17568
19285 17847
19286 17381
19287 16896
19291 17870
19292 17795
19293 17328
19296 16248
19297 16556
19298 17671
19299 16830
19300 16542
19302 17910
19303 16911
19304 17810
19305 16168
19308 17313
19310 16489
19311 16645
19312 17115
19313 16218
19315 16413
19319 17283
19320 16667
19324 17714
19326 16354
19327 17943
19328 16841
19329 17393
19330 17604
19331 17780
19332 17207
19336 17387
19337 17111
19338 17292
19339 17328
19340 17087
19345 16071
19346 16712
19347 16263
19349 16355
19350 16136
19351 16823
19354 17685
19357 16811
19358 17623
19362 16785
19363 17613
19364 17876
19365 17063
19367 17872
19368 16447
19369 17697
19371 16796
19372 16823
19373 16270
19374 17706
19375 17552
19377 16943
19378 17745
19381 17176
19382 17874
19383 17786
19384 16246
19385 17833
19387 17730
19388 16807
19389 16916
19390 17926
19392 16940
19393 17435
19395 16343
19396 16618
19400 16217
19401 16957
19403 17987
19404 16471
19408 17822
19410 16310
19411 17672
19412 17919
19413 16135
19414 17979
19416 17649
19417 16647
19418 17163
19419 16470
19420 17937
19424 17699
19425 17124
19426 17685
19427 16236
19428 17712
19430 16950
19431 16235
19434 17508
19437 17324
19439 17463
19440 17915
19441 16524
19442 16152
19445 17619
19447 16870
19448 17333
19449 17527
19450 17445
19452 17351
19453 17507
19454 17797
19455 17420
19457 16626
19458 16087
19460 16589
19465 16427
19466 16836
19467 17162
19468 17688
19469 17205
19471 16702
19472 17632
19473 17683
19474 17362
19475 17239
19478 16387
19480 17218
19481 17722
19483 16115
19484 16905
19485 17358
19486 17778
19487 16438
19489 16203
19490 17863
19494 17087
19496 16923
19499 17122
19503 17647
19504 16110
19506 16803
19509 16429
19510 16076
19513 16128
19515 17379
19516 17127
19517 16522
19519 16027
19520 16553
19521 16561
19523 17455
19524 16765
19525 16818
19526 16121
19527 16813
19528 17196
19529 16911
19531 16483
19532 16278
19533 16069
19534 16516
19538 17037
19539 16738
19540 17497
19541 16221
19542 16551
19543 16068
19545 16928
19546 16064
19547 16485
19548 17614
19549 17166
19550 16437
19551 17021
19553 16487
19554 16470
19555 17927
19556 16869
19558 17552
19560 16577
19562 17307
19563 16193
19564 16413
19565 16040
19566 16892
19567 16490
19569 17957
19572 16023
19575 16640
19576 16098
19577 17593
19578 16400
19579 17679
19581 17074
19586 17771
19587 16105
19596 16606
19597 17055
19598 16699
19600 16202
19601 17773
19602 16671
19603 16517
19605 17341
19606 17769
19608 17540
19609 17563
19612 16767
19613 17483
19615 17699
19617 17375
19618 16931
19619 17148
19621 16481
19622 17488
19624 16624
19625 17668
19627 16513
19628 17164
19631 16950
19634 16738
19635 17382
19636 16310
19637 17235
19639 17670
19642 17908
19643 17549
19644 16926
19645 16059
19649 16552
19651 16220
19653 16761
19654 16301
19655 17154
19656 16034
19657 16971
19658 17575
19659 17265
19660 17518
19661 17854
19663 16563
19664 17346
19665 17084
19666 17009
19668 16436
19672 17942
19675 17818
19677 17286
19678 16385
19679 17146
19681 16387
19683 16660
19687 16718
19688 16583
19689 17860
19691 17337
19697 16907
19699 16135
19700 16964
19702 17704
19704 17799
19706 16669
19709 17421
19710 17169
19711 17340
19712 17410
19713 17323
19714 17194
19717 16272
19719 16191
19721 17477
19723 17670
19724 16028
19725 16045
19729 17975
19731 16776
19732 17699
19733 17434
19734 16362
19738 17950
19739 16117
19742 16993
19745 16742
19746 16662
19747 16312
19750 17435
19751 17386
19755 16997
19757 16293
19758 17980
19759 17602
19761 17289
19762 16005
19764 17067
19765 16776
19766 16543
19767 16350
19769 16443
19770 17411
19771 17082
19773 17416
19774 16524
19775 17286
19776 17333
19777 17224
19779 16518
19780 16834
19781 16382
19782 16384
19785 16622
19788 17106
19789 17996
19790 17618
19791 16394
19792 17190
19793 17129
19794 17477
19795 16040
19796 16732
19799 16381
19800 16993
19801 16228
19802 17140
19804 16700
19807 16385
19808 16242
19810 16741
19811 17393
19814 16701
19817 17263
19818 16203
19820 16555
19822 16981
19823 17124
19824 17486
19825 17401
19828 17667
19829 17064
19830 17913
19831 16181
19837 17508
19838 16106
19839 17105
19841 16332
19842 16351
19845 16281
19846 16718
19849 17950
19850 17936
19851 17258
19852 17363
19853 17246
19854 16656
19855 17595
19856 16549
19858 17177
19859 16116
19860 16841
19861 17705
19862 16360
19863 16485
19864 17436
19866 17354
19867 17813
19868 17088
19869 17518
19870 16254
19871 16883
19872 17795
19875 17604
19876 17785
19877 16924
19879 17609
19881 17557
19882 17398
19883 16146
19884 16737
19885 16952
19886 17535
19888 17710
19890 17526
19892 16216
19894 17874
19895 17727
19897 17903
19898 17743
19899 16812
19900 17160
19902 17322
19904 16770
19909 17209
19910 16513
19911 16118
19912 16083
19915 17005
19916 17605
19917 16673
19918 17976
19922 17854
19923 17925
19924 17154
19925 16344
19927 17561
19928 16130
19931 17232
19932 16338
19933 16973
19934 16071
19937 16941
19942 16024
19944 17833
19945 16589
19948 17771
19949 16342
19951 16107
19954 16692
19956 17201
19957 17011
19958 17126
19962 16595
19963 16727
19965 16476
19966 17506
19969 16233
19972 17474
19973 17874
19974 16279
19976 16461
19977 16981
19978 17969
19979 17815
19981 17416
19983 17363
19985 17754
19986 16007
19988 17150
19989 17056
19991 17326
19996 16015
19997 16697
19998 17932
19999 17746
16384 15455
16385 14040
16386 15354
16387 14227
16394 14534
16397 15102
16399 14623
16400 14542
16401 15387
16403 15977
16405 14733
16406 15762
16409 15496
16410 15083
16413 15973
16414 15315
16416 15243
16417 14281
16418 15673
16420 14698
16423 15206
16424 14495
16425 15212
16427 15948
16429 15352
16431 14600
16432 14371
16436 15002
16437 15181
16438 15493
16443 15096
16447 15748
16448 14244
16452 15483
16456 14638
16459 14424
16461 15999
16462 15457
16466 15407
16470 14652
16471 14567
16474 14864
16476 14006
16479 14175
16481 15185
16483 15721
16485 14886
16486 14975
16487 15596
16489 14661
16490 14006
16494 15638
16496 15608
16501 15843
16511 15078
16513 14302
16514 14602
16516 15217
16517 15597
16518 14536
16521 15573
16522 15193
16523 15660
16524 14038
16527 15071
16528 15941
16538 14395
16540 14350
16541 15682
16542 15704
16543 15341
16544 15596
16545 14975
16546 14617
16547 15451
16549 14811
16551 14699
16552 15486
16553 15526
16554 14590
16555 15524
16556 15046
16561 14655
16563 14797
16564 14470
16567 14144
16570 14681
16571 14934
16573 15814
16575 14171
16577 14505
16579 14482
16581 15988
16582 14230
16583 14483
16586 15383
16588 14920
16589 15909
16591 15419
16595 14369
16598 14501
16599 14492
16601 15016
16604 15581
16606 15808
16607 14268
16608 14405
16610 14599
16615 14212
16618 15717
16622 14942
16624 14920
16626 14177
16628 15939
16631 15134
16633 15689
16640 15711
16644 14318
16645 14191
16647 15732
16652 15417
16654 15002
16656 14005
16658 15399
16660 14591
16662 14419
16664 14654
16665 15854
16666 15605
16667 14909
16668 14355
16669 15405
16671 15056
16673 14632
16674 14864
16677 14273
16678 15438
16686 14433
16687 15772
16691 14183
16692 14629
16694 14237
16696 15088
16697 15289
16699 14025
16700 14201
16701 14791
16702 14544
16705 14361
16710 15932
16712 14712
16713 14253
16715 15385
16716 15990
16718 14141
16722 14235
16727 15429
16729 14002
16730 15767
16732 14695
16733 15649
16736 15102
16737 15312
16738 15492
16739 14578
16740 15552
16741 14546
16742 15508
16743 15051
16745 14458
16750 15101
16752 15629
16756 14625
16760 15969
16761 15729
16763 14200
16765 14960
16766 14884
16767 14435
16768 15461
16770 15177
16771 15576
16774 14396
16776 15482
16779 14241
16782 15724
16784 15786
16785 14061
16789 15321
16795 15061
16796 15725
16800 14603
16801 14745
16802 15263
16803 14396
16807 14792
16811 14608
16812 14922
16813 14000
16814 14021
16815 14400
16818 14491
16820 14437
16823 14993
16824 14886
16830 15060
16831 15710
16832 14242
16833 14298
16834 14537
16835 15960
16836 15622
16838 14333
16841 14002
16842 14698
16843 14695
16847 15414
16859 14889
16863 15984
16869 15367
16870 14191
16872 15627
16874 14045
16879 14568
16881 14580
16883 15154
16886 15797
16888 14736
16889 14868
16890 15620
16891 14771
16892 15592
16894 14230
16896 14899
16898 14318
16899 14859
16900 14720
16905 14990
16907 14219
16908 14446
16911 15575
16912 14026
16916 14797
16920 15252
16921 15931
16922 14489
16923 14050
16924 14566
16926 15308
16928 15252
16929 15141
16930 14079
16931 14403
16932 15583
16933 14578
16939 15921
16940 15856
16941 14464
16943 14949
16950 14562
16952 14731
16954 14974
16956 15320
16957 14356
16958 14354
16962 15601
16964 15200
16968 14134
16971 14057
16973 14779
16977 14281
16979 15662
16981 15442
16983 14533
16985 14224
16987 14317
16989 14824
16993 14146
16994 15403
16995 14964
16997 15521
16999 14585
17000 15224
17004 15437
17005 14726
17007 14537
17009 15810
17010 15966
17011 14150
17013 14579
17015 15064
17017 14838
17021 14334
17025 15384
17033 14926
17035 14722
17036 14658
17037 14111
17040 14337
17043 14908
17045 14276
17046 14216
17048 15945
17055 14672
17056 15288
17058 15851
17063 15087
17064 15719
17065 15457
17067 15119
17074 14430
17077 15211
17082 14567
17084 14647
17085 14042
17087 14785
17088 14711
17091 14593
17092 15827
17097 14681
17099 15903
17100 14112
17103 14116
17104 15529
17105 14220
17106 14042
17107 15531
17111 14754
17115 14112
17117 14854
17122 15820
17123 15589
17124 15411
17125 14923
17126 15991
17127 15042
17129 15199
17134 14916
17136 15509
17140 14117
17141 15700
17144 14954
17146 14043
17147 14471
17148 14082
17150 15667
17153 14678
17154 14338
17156 14832
17157 15398
17160 14597
17162 15616
17163 14640
17164 14807
17165 15499
17166 15788
17169 15982
17170 15584
17174 14637
17176 15578
17177 15755
17182 14469
17188 15109
17190 14189
17191 15821
17194 15028
17196 15201
17201 15168
17205 15914
17206 15025
17207 15722
17209 14915
17210 14196
17215 15933
17218 15287
17220 15276
17221 14527
17224 15614
17225 14927
17229 14933
17232 15185
17233 14023
17235 14594
17237 14853
17239 15569
17242 15505
17244 14938
17246 15309
17250 14761
17254 15297
17257 14336
17258 15668
17259 14512
17260 15770
17261 14758
17262 15408
17263 14931
17265 14336
17267 14653
17273 14931
17274 14158
17282 15739
17283 14689
17284 14644
17286 15390
17289 14073
17290 14936
17291 14740
17292 14672
17293 15050
17298 14063
17304 14046
17307 15096
17309 14784
17312 14750
17313 14125
17314 14107
17317 15246
17318 14800
17319 15257
17322 15714
17323 14755
17324 14930
17325 15228
17326 15124
17328 14258
17329 15675
17330 14332
17333 15959
17337 14826
17340 14646
17341 14251
17346 14235
17348 14077
17351 15492
17354 14419
17355 15126
17357 15111
17358 14254
17361 15397
17362 15208
17363 15659
17364 14937
17366 15773
17367 15682
17372 15027
17373 15828
17375 15065
17377 14377
17378 15254
17379 14696
17380 15013
17381 15548
17382 14695
17384 15515
17385 14766
17386 14255
17387 14085
17388 15879
17393 15729
17394 15945
17396 15159
17397 14620
17398 15531
17401 14506
17403 15537
17410 15683
17411 14247
17412 14596
17413 14594
17416 14317
17417 14251
17418 15850
17420 15533
17421 15936
17425 15542
17426 15012
17427 15223
17428 15852
17431 15669
17433 14654
17434 15234
17435 15588
17436 14647
17439 15627
17442 15281
17443 14311
17444 14796
17445 14775
17449 15374
17453 15524
17455 15370
17457 14747
17462 14236
17463 14835
17469 14924
17470 15507
17474 14900
17475 15751
17477 14448
17478 14084
17479 15220
17480 14685
17483 14313
17485 15003
17486 14974
17488 14533
17491 14629
17494 14500
17497 15961
17505 14634
17506 14953
17507 15813
17508 14603
17509 14089
17512 14262
17517 14821
17518 15229
17519 14833
17522 15572
17523 15619
17524 15504
17526 15409
17527 14982
17532 15423
17535 15319
17537 15501
17539 14123
17540 14483
17543 14175
17546 15408
17547 15759
17548 14826
17549 15538
17552 15714
17553 14475
17554 14538
17556 14252
17557 15524
17561 14277
17563 14023
17567 14767
17568 15850
17569 14484
17570 15134
17571 14560
17573 15734
17575 14373
17576 15775
17579 14476
17581 15859
17584 15500
17588 15691
17592 15630
17593 14137
17595 15874
17602 14945
17603 14168
17604 15871
17605 14472
17609 15422
17613 14560
17614 14980
17615 14095
17618 14107
17619 14856
17620 14817
17621 14740
17623 14205
17624 15332
17629 15199
17632 15644
17640 14496
17645 14665
17647 14530
17648 14774
17649 15433
17653 15667
17654 14994
17660 14297
17664 14965
17665 14760
17666 14884
17667 14200
17668 14663
17669 15405
17670 14564
17671 15014
17672 14050
17673 14841
17676 14900
17677 15237
17679 15466
17683 15258
17685 14268
17686 14356
17688 15974
17691 14887
17692 14747
17694 14857
17697 14393
17699 15048
17704 15230
17705 14550
17706 14111
17708 15856
17710 15238
17712 14770
17714 15209
17720 15882
17722 14403
17727 15346
17730 14020
17733 15469
17735 14596
17736 15202
17739 14426
17740 14653
17743 15872
17744 14457
17745 15605
17746 15345
17750 14916
17754 15377
17757 14544
17758 15069
17759 14865
17761 15020
17763 15135
17764 15399
17766 14142
17769 14172
17771 14763
17772 15678
17773 15503
17775 14235
17777 15926
17778 15446
17779 15240
17780 15671
17781 14765
17783 15954
17784 14001
17785 15954
17786 14269
17787 14384
17789 14780
17792 14184
17793 14455
17795 15725
17797 14502
17798 15719
17799 14637
17801 15341
17803 15013
17807 14915
17809 15850
17810 14492
17813 15520
17815 15576
17818 14096
17819 14653
17820 15498
17822 15969
17823 15103
17828 14827
17830 14437
17832 15365
17833 15409
17838 14553
17839 15872
17840 15378
17841 14451
17842 14490
17844 15849
17845 15024
17847 15319
17848 14196
17850 14795
17852 14796
17854 15712
17860 14076
17863 15109
17869 15659
17870 15054
17871 15400
17872 15842
17874 14488
17876 14571
17878 14072
17881 14078
17888 14851
17889 15195
17891 14686
17892 14208
17893 14099
17894 15351
17899 15941
17900 14541
17903 14441
17906 14837
17908 14986
17910 15354
17913 14922
17915 14720
17917 15707
17918 14725
17919 14784
17922 14517
17925 14409
17926 15136
17927 14223
17931 15772
17932 14072
17933 15538
17936 14253
17937 15167
17938 15735
17940 15921
17942 14362
17943 14488
17945 14254
17946 15126
17950 14429
17953 15762
17957 15421
17959 15484
17963 15785
17964 15142
17965 14753
17968 14433
17969 15892
17971 15511
17975 15688
17976 15125
17978 15495
17979 14807
17980 14787
17982 14684
17984 15048
17985 15932
17987 15199
17988 15777
17990 15488
17994 14989
17996 15997
17998 14245
17999 14117
16000 15619
16002 14053
16005 14488
16007 14303
16009 15202
16011 15439
16014 14868
16015 15898
16017 14635
16020 14248
16023 15852
16024 15627
16026 15792
16027 15179
16028 15518
16031 15750
16034 15599
16035 15503
16037 15851
16038 15022
16040 14791
16045 15082
16048 14645
16054 15182
16059 15582
16064 15605
16068 15575
16069 14558
16071 15636
16073 15768
16075 15055
16076 14486
16080 15062
16082 14836
16083 14441
16085 15423
16087 15655
16089 15359
16091 14032
16094 14248
16095 14827
16098 15534
16099 15785
16104 15516
16105 14826
16106 14871
16107 15137
16109 15477
16110 14309
16114 15452
16115 14825
16116 14074
16117 14014
16118 14559
16120 14269
16121 15935
16122 14509
16124 15083
16127 15648
16128 14911
16130 14204
16132 14458
16135 15590
16136 14913
16139 14934
16141 14326
16144 14284
16146 14427
16152 15877
16153 14883
16154 14925
16156 14323
16161 14301
16165 14088
16167 14175
16168 15728
16169 14984
16172 14089
16174 15359
16177 14083
16181 15430
16184 15671
16188 14674
16191 14661
16192 15670
16193 15977
16196 14645
16197 14724
16202 15255
16203 15413
16205 14834
16208 14769
16211 14679
16212 15606
16214 15019
16215 14043
16216 15120
16217 14124
16218 14725
16220 14804
16221 15741
16227 14202
16228 14781
16233 15750
16235 14333
16236 15371
16241 14370
16242 14555
16244 14685
16245 15848
16246 15899
16248 14527
16249 14174
16252 15990
16253 15355
16254 14935
16257 15377
16262 15352
16263 14540
16268 15228
16269 14102
16270 14410
16272 15758
16273 15077
16275 15483
16278 15755
16279 14161
16280 14869
16281 14641
16285 14988
16287 14188
16293 15541
16294 15283
16295 15177
16297 14334
16301 14892
16304 15795
16305 14933
16306 15399
16309 14613
16310 15545
16311 15039
16312 14819
16314 14756
16322 14181
16328 15295
16329 15631
16330 15831
16331 14286
16332 15824
16334 15440
16335 14417
16338 14067
16342 14068
16343 15113
16344 14620
16346 14133
16347 14784
16348 14396
16350 15406
16351 15426
16352 14524
16353 14857
16354 15374
16355 15000
16356 14205
16357 14460
16360 15754
16362 15015
16363 14011
16365 14935
16366 15050
16367 14707
16368 15192
16373 14328
16374 15336
16376 14195
16377 14344
16381 15382
16382 14497
16383 15131
14336 13402
14337 12262
14338 12750
14344 12723
14350 13468
14354 13759
14355 13411
14356 13068
14361 12875
14362 13649
14369 12430
14370 12964
14371 12630
14373 12099
14377 12170
14384 12029
14393 12938
14395 13295
14396 13669
14400 13946
14403 12699
14405 13905
14409 12027
14410 13488
14417 13262
14419 12567
14424 13584
14426 13378
14427 13792
14429 13477
14430 12735
14433 13432
14435 13373
14437 12926
14441 13923
14446 12928
14448 12321
14451 13805
14455 13380
14457 12478
14458 12459
14460 13034
14464 12968
14469 13988
14470 13600
14471 13813
14472 13141
14475 13550
14476 13627
14482 12767
14483 13057
14484 13927
14486 12253
14488 13406
14489 12384
14490 13193
14491 12488
14492 13375
14495 12907
14496 13258
14497 12529
14500 13829
14501 12348
14502 13435
14505 12767
14506 13106
14509 12280
14512 13212
14517 12348
14524 12633
14527 12414
14530 12528
14533 12981
14534 13450
14536 13532
14537 12441
14538 12350
14540 12024
14541 12950
14542 13998
14544 12348
14546 12353
14550 12772
14553 13537
14555 13243
14558 12182
14559 12770
14560 13537
14562 12906
14564 13951
14566 12804
14567 12897
14568 12176
14571 12161
14578 13388
14579 12312
14580 13960
14585 13095
14590 12170
14591 12402
14593 12445
14594 12742
14596 13253
14597 13232
14599 13810
14600 12149
14602 12692
14603 12339
14608 13167
14613 12794
14617 13026
14620 13501
14623 13745
14625 13055
14629 12618
14632 12362
14634 12888
14635 12017
14637 13491
14638 12329
14640 13664
14641 13055
14644 13691
14645 13327
14646 12441
14647 12099
14652 12284
14653 13048
14654 13582
14655 12125
14658 12079
14661 12608
14663 13196
14665 12991
14672 13780
14674 12553
14678 13226
14679 12239
14681 13057
14684 12253
14685 12883
14686 13196
14689 12632
14695 12842
14696 13176
14698 13265
14699 13404
14707 13079
14711 13623
14712 13643
14720 12400
14722 13837
14724 12177
14725 13124
14726 12215
14731 13491
14733 12474
14736 12113
14740 13138
14745 12220
14747 12600
14750 13202
14753 12134
14754 12400
14755 12000
14756 13787
14758 12264
14760 13803
14761 13209
14763 12730
14765 12596
14766 12511
14767 12413
14769 12743
14770 13750
14771 13301
14774 13046
14775 13730
14779 13609
14780 12153
14781 13615
14784 12658
14785 13270
14787 12732
14791 13960
14792 12707
14795 13732
14796 13592
14797 13897
14800 13471
14804 13920
14807 13804
14811 12475
14817 13113
14819 12455
14821 12073
14824 13877
14825 12668
14826 12121
14827 12707
14832 12712
14833 13000
14834 13194
14835 13202
14836 12197
14837 12637
14838 13635
14841 13331
14851 12130
14853 13447
14854 13991
14856 13274
14857 13481
14859 12896
14864 12545
14865 12393
14868 13073
14869 13451
14871 12246
14883 13315
14884 13868
14886 13387
14887 12559
14889 12536
14892 13499
14899 12583
14900 13781
14908 12951
14909 13954
14911 12144
14913 13885
14915 12617
14916 12804
14920 12084
14922 13852
14923 12416
14924 12918
14925 13283
14926 13791
14927 13030
14930 13790
14931 13810
14933 12143
14934 13686
14935 12173
14936 13779
14937 13013
14938 12579
14942 13338
14945 12265
14949 13219
14953 12479
14954 13129
14960 12031
14964 12549
14965 13153
14974 13814
14975 13087
14980 12457
14982 13391
14984 12957
14986 13073
14988 12784
14989 13739
14990 13577
14993 12071
14994 13685
15000 13915
15002 13591
15003 12723
15012 12972
15013 13089
15014 13259
15015 12397
15016 12120
15019 13814
15020 12650
15022 13989
15024 13693
15025 13236
15027 12088
15028 12831
15039 12454
15042 13508
15046 13919
15048 12346
15050 12335
15051 12323
15054 13576
15055 13820
15056 13694
15060 12903
15061 13318
15062 12476
15064 12925
15065 12113
15069 13435
15071 13679
15077 12324
15078 13803
15082 13375
15083 12669
15087 12891
15088 12112
15096 13299
15101 12641
15102 12333
15103 13421
15109 12140
15111 13765
15113 13339
15119 13546
15120 12972
15124 13086
15125 13121
15126 13083
15131 12293
15134 12878
15135 12303
15136 12793
15137 13295
15141 13589
15142 13281
15154 12472
15159 13009
15167 13320
15168 12927
15177 12211
15179 13071
15181 12945
15182 12043
15185 12654
15192 13233
15193 13813
15195 13929
15199 12120
15200 13055
15201 13316
15202 13581
15206 12039
15208 12330
15209 12173
15211 13698
15212 12399
15217 13735
15220 13064
15223 12940
15224 12722
15228 12883
15229 13485
15230 13557
15234 13472
15237 12066
15238 13355
15240 12490
15243 12629
15246 12226
15252 13152
15254 13045
15255 13978
15257 13194
15258 12912
15263 13370
15276 12404
15281 13664
15283 12021
15287 12414
15288 12313
15289 13327
15295 13965
15297 12593
15308 12285
15309 12207
15312 12754
15315 12451
15319 13890
15320 12762
15321 13140
15332 12654
15336 13703
15341 12795
15345 12068
15346 12773
15351 13707
15352 12639
15354 12556
15355 13797
15359 12211
15365 13031
15367 13385
15370 12236
15371 13692
15374 12128
15377 13052
15378 12723
15382 12640
15383 13203
15384 13825
15385 13496
15387 13223
15390 12896
15397 13757
15398 13378
15399 13181
15400 13438
15403 13117
15405 13009
15406 13264
15407 12601
15408 13343
15409 12180
15411 13451
15413 13141
15414 13232
15417 13167
15419 12400
15421 13420
15422 12491
15423 12509
15426 13256
15429 13319
15430 13969
15433 12158
15437 13262
15438 12266
15439 13440
15440 13025
15442 13054
15446 12272
15451 13534
15452 12311
15455 13484
15457 12124
15461 12134
15466 13111
15469 13455
15477 13330
15482 13948
15483 12084
15484 12137
15486 13917
15488 12601
15492 12799
15493 13235
15495 13692
15496 13065
15498 12939
15499 12310
15500 12499
15501 13887
15503 12883
15504 12333
15505 12641
15507 13721
15508 12544
15509 13087
15511 12240
15515 12577
15516 12956
15518 13421
15520 13501
15521 13089
15524 12880
15526 13184
15529 12150
15531 12690
15533 12849
15534 13584
15537 13661
15538 12931
15541 13449
15542 13467
15545 12024
15548 13550
15552 13995
15569 13998
15572 13669
15573 13603
15575 12800
15576 12774
15578 13114
15581 13409
15582 13335
15583 12694
15584 13563
15588 12312
15589 12839
15590 12103
15592 13647
15596 13770
15597 12989
15599 13103
15601 13373
15605 13816
15606 13603
15608 13475
15614 13097
15616 13808
15619 13318
15620 12818
15622 13196
15627 12487
15629 12372
15630 13722
15631 12156
15636 12486
15638 13496
15644 12700
15648 12404
15649 13036
15655 12066
15659 12437
15660 13386
15662 13287
15667 12446
15668 12101
15669 12927
15670 13728
15671 13934
15673 12640
15675 13730
15678 13215
15682 13500
15683 12244
15688 13133
15689 13424
15691 13279
15700 13336
15704 13084
15707 13515
15710 12460
15711 13197
15712 13484
15714 13342
15717 13954
15719 13533
15721 13839
15722 12393
15724 13048
15725 13393
15728 12928
15729 12156
15732 13859
15734 13330
15735 12841
15739 12665
15741 12293
15748 13135
15750 12664
15751 13128
15754 13205
15755 12343
15758 12228
15759 13334
15762 12376
15767 12492
15768 13309
15770 12136
15772 12601
15773 12571
15775 12465
15777 13856
15785 12820
15786 13673
15788 12927
15792 12901
15795 13314
15797 12663
15808 13077
15810 12470
15813 13519
15814 12548
15820 12552
15821 12483
15824 12128
15827 12725
15828 13210
15831 12395
15842 12682
15843 12586
15848 12756
15849 12251
15850 13804
15851 13956
15852 12067
15854 12165
15856 13793
15859 12789
15871 13288
15872 13357
15874 13489
15877 13459
15879 13802
15882 12255
15892 12943
15898 13659
15899 13375
15903 12845
15909 12482
15914 13519
15921 12086
15926 13015
15931 13974
15932 13908
15933 13529
15935 13282
15936 12378
15939 12102
15941 12129
15945 13532
15948 12759
15954 12174
15959 12882
15960 12702
15961 12867
15966 12316
15969 12609
15973 13639
15974 12265
15977 13793
15982 13320
15984 13432
15988 12240
15990 13325
15991 12658
15997 13803
15999 12784
14000 13297
14001 12377
14002 13844
14005 12843
14006 12479
14011 13366
14014 13265
14020 13575
14021 13280
14023 13386
14025 12032
14026 13826
14032 13986
14038 12505
14040 12224
14042 12252
14043 13431
14045 13759
14046 12562
14050 12933
14053 12213
14057 13984
14061 13525
14063 12591
14067 13352
14068 12495
14072 13931
14073 12603
14074 12636
14076 13814
14077 13957
14078 12742
14079 12385
14082 13296
14083 13545
14084 12235
14085 13578
14088 13828
14089 12163
14095 12329
14096 12817
14099 12075
14102 13112
14107 13703
14111 12687
14112 13810
14116 12867
14117 13258
14123 12447
14124 12455
14125 12771
14133 13676
14134 12690
14137 12068
14141 13645
14142 12811
14144 12276
14146 13505
14150 12279
14158 12222
14161 12526
14168 13554
14171 13314
14172 12084
14174 13026
14175 12560
14177 13707
14181 12198
14183 13699
14184 12298
14188 12300
14189 13989
14191 12246
14195 12935
14196 12295
14200 12239
14201 12990
14202 12639
14204 12923
14205 13496
14208 12908
14212 13841
14216 12759
14219 12904
14220 12980
14223 12553
14224 12624
14227 13648
14230 12116
14235 12532
14236 13490
14237 12944
14241 12825
14242 12680
14244 12390
14245 13076
14247 13147
14248 12096
14251 13836
14252 12651
14253 12217
14254 13002
14255 12216
14258 12650
14262 13740
14268 12351
14269 13295
14273 13214
14276 12255
14277 13484
14281 13331
14284 13808
14286 13421
14297 13486
14298 13098
14301 13995
14302 13323
14303 12171
14309 13541
14311 13126
14313 12816
14317 12037
14318 13566
14323 13035
14326 13558
14328 12649
14332 12045
14333 12411
14334 13381
12293 10416
12295 11067
12298 11083
12300 10204
12303 11486
12310 10804
12311 10914
12312 11646
12313 10321
12316 10047
12321 11603
12323 10888
12324 11426
12329 11684
12330 10821
12333 10149
12335 11715
12339 11921
12343 10445
12346 10712
12348 11364
12350 10975
12351 11166
12353 11400
12362 10788
12372 10594
12376 10781
12377 10222
12378 10151
12384 11014
12385 10017
12390 11123
12393 11010
12395 10629
12397 11147
12399 11211
12400 10170
12402 10487
12404 10738
12411 10596
12413 11780
12414 10331
12416 11175
12430 10947
12437 10004
12441 11091
12445 10096
12446 10858
12447 11751
12451 10647
12454 11535
12455 11942
12457 10416
12459 11872
12460 10529
12465 11426
12470 11200
12472 10382
12474 11695
12475 10808
12476 10126
12478 11437
12479 11901
12482 10074
12483 10209
12486 11850
12487 11784
12488 11824
12490 11734
12491 10058
12492 11768
12495 10499
12499 10056
12505 10141
12509 10653
12511 11241
12526 11716
12528 11808
12529 11862
12532 11253
12536 10777
12544 10067
12545 11970
12548 10124
12549 11018
12552 10289
12553 11121
12556 10231
12559 10935
12560 10818
12562 11356
12567 11447
12571 10863
12577 11902
12579 11734
12583 10817
12586 11653
12591 10010
12593 11193
12596 11819
12600 10383
12601 10004
12603 11414
12608 11292
12609 11490
12617 10018
12618 11902
12624 11061
12629 10173
12630 10674
12632 10057
12633 10925
12636 11189
12637 11373
12639 11749
12640 11416
12641 10103
12649 10502
12650 10777
12651 10326
12654 10378
12658 11385
12663 10835
12664 10882
12665 11004
12668 10466
12669 11513
12680 10832
12682 10151
12687 10731
12690 10324
12692 10757
12694 11226
12699 11521
12700 10979
12702 10656
12707 11632
12712 10935
12722 10955
12723 11100
12725 10148
12730 10932
12732 10388
12735 10822
12742 11692
12743 10611
12750 11522
12754 11075
12756 10856
12759 11713
12762 10575
12767 11469
12770 11478
12771 11243
12772 10299
12773 11050
12774 10341
12784 10715
12789 10095
12793 10986
12794 11562
12795 11626
12799 11732
12800 11489
12804 10950
12811 10500
12816 10233
12817 11339
12818 11180
12820 11707
12825 11942
12831 10111
12839 10806
12841 10585
12842 11360
12843 11705
12845 10654
12849 11307
12867 11259
12875 11640
12878 10840
12880 10232
12882 11027
12883 11861
12888 10114
12891 11912
12896 10795
12897 10491
12901 11027
12903 10249
12904 10332
12906 11125
12907 11818
12908 10325
12912 10066
12918 10915
12923 10017
12925 11815
12926 11660
12927 11940
12928 10887
12931 11144
12933 11525
12935 11720
12938 10144
12939 10021
12940 10256
12943 11440
12944 11366
12945 10686
12950 11494
12951 10326
12956 11629
12957 11278
12964 11127
12968 10924
12972 11973
12980 11754
12981 11353
12989 10598
12990 11531
12991 11243
13000 11663
13002 11147
13009 11751
13013 11919
13015 10218
13025 11050
13026 11314
13030 10778
13031 11129
13034 11177
13035 11764
13036 10498
13045 10373
13046 11907
13048 11840
13052 11698
13054 11809
13055 10782
13057 11776
13064 10820
13065 10850
13068 11998
13071 10114
13073 11933
13076 10708
13077 11809
13079 10556
13083 11622
13084 10541
13086 10738
13087 11099
13089 10695
13095 11021
13097 11132
13098 10021
13103 11741
13106 10288
13111 10033
13112 10675
13113 10748
13114 11003
13117 10639
13121 11731
13124 11845
13126 11804
13128 10913
13129 11302
13133 10856
13135 10001
13138 10078
13140 10858
13141 10228
13147 11388
13152 10768
13153 10490
13167 10042
13176 10989
13181 10447
13184 10426
13193 10235
13194 10149
13196 11911
13197 11905
13202 10350
13203 11038
13205 10484
13209 10805
13210 10687
13212 11223
13214 10580
13215 11774
13219 10607
13223 11856
13226 11602
13232 10750
13233 11608
13235 10413
13236 10807
13243 11678
13253 10467
13256 10041
13258 10922
13259 10104
13262 11124
13264 10451
13265 11673
13270 10750
13274 11444
13279 11559
13280 10047
13281 10056
13282 11494
13283 11987
13287 10238
13288 10856
13295 11989
13296 11577
13297 11066
13299 11125
13301 10447
13309 11480
13314 10100
13315 10141
13316 11924
13318 10501
13319 10646
13320 10663
13323 10788
13325 11792
13327 11142
13330 11379
13331 11690
13334 10754
13335 11839
13336 11025
13338 11840
13339 11823
13342 11831
13343 11127
13352 10547
13355 11424
13357 11166
13366 10665
13370 11335
13373 11631
13375 10975
13378 11826
13380 11184
13381 11050
13385 10312
13386 11302
13387 11920
13388 11222
13391 11495
13393 11440
13402 10323
13404 10510
13406 10703
13409 10719
13411 10787
13420 11175
13421 11017
13424 10808
13431 11736
13432 11184
13435 10387
13438 10845
13440 11239
13447 10272
13449 10564
13450 10832
13451 10889
13455 10156
13459 10052
13467 10529
13468 10432
13471 11817
13472 10844
13475 11177
13477 11281
13481 11769
13484 10341
13485 11961
13486 10048
13488 11307
13489 10472
13490 10894
13491 10361
13496 10981
13499 11424
13500 10238
13501 11559
13505 10866
13508 10476
13515 10942
13519 10726
13525 11157
13529 11100
13532 10955
13533 11471
13534 11342
13537 10735
13541 11261
13545 11006
13546 11511
13550 11546
13554 10498
13557 10380
13558 10128
13563 10530
13566 11975
13575 11272
13576 10519
13577 10011
13578 11229
13581 11343
13582 10315
13584 11647
13589 11379
13591 10773
13592 10979
13600 10651
13603 11253
13609 10892
13615 10861
13623 11251
13627 11113
13635 10753
13639 10284
13643 10436
13645 10272
13647 10551
13648 10913
13649 10736
13659 11008
13661 11987
13664 11405
13669 10961
13673 11264
13676 10843
13679 10020
13685 10131
13686 10259
13691 10767
13692 11702
13693 10190
13694 10158
13698 10848
13699 10123
13703 10975
13707 10795
13721 11079
13722 10087
13728 10311
13730 11966
13732 11265
13735 10584
13739 10432
13740 10382
13745 10617
13750 10468
13757 10265
13759 11982
13765 10988
13770 11149
13779 10598
13780 10223
13781 10429
13787 10324
13790 11871
13791 11919
13792 11556
13793 11510
13797 11359
13802 10919
13803 11292
13804 10974
13805 11032
13808 11135
13810 11347
13813 10600
13814 10055
13816 11368
13820 10522
13825 11326
13826 11268
13828 11857
13829 11320
13836 10567
13837 10679
13839 10882
13841 10166
13844 10022
13852 11350
13856 11257
13859 10247
13868 11135
13877 11946
13885 10853
13887 11936
13890 11145
13897 10857
13905 11652
13908 11223
13915 11414
13917 10093
13919 10417
13920 11567
13923 11535
13927 11677
13929 10882
13931 10808
13934 10044
13946 11704
13948 11960
13951 11357
13954 11213
13956 11142
13957 11125
13960 10180
13965 11123
13969 11223
13974 10591
13978 11176
13984 10084
13986 11794
13988 11666
13989 10901
13991 10699
13995 11235
13998 10772
12000 11624
12017 11045
12021 10675
12024 10263
12027 11009
12029 10922
12031 10991
12032 11460
12037 11414
12039 11348
12043 10727
12045 10985
12066 10677
12067 10681
12068 10688
12071 11737
12073 10985
12075 11821
12079 10709
12084 10649
12086 11600
12088 10455
12096 11502
12099 10317
12101 11225
12102 10232
12103 11912
12112 11064
12113 10645
12116 11741
12120 11963
12121 11514
12124 10094
12125 11129
12128 10845
12129 10201
12130 11475
12134 11479
12136 10515
12137 11913
12140 10292
12143 11883
12144 11634
12149 10918
12150 11840
12153 11562
12156 10334
12158 11916
12161 10222
12163 11835
12165 10652
12170 10828
12171 11961
12173 10434
12174 10318
12176 11956
12177 10488
12180 11763
12182 10157
12197 10320
12198 10287
12207 10220
12211 10355
12213 10967
12215 11605
12216 11574
12217 10741
12220 11364
12222 10116
12224 11870
12226 10112
12228 10149
12235 11763
12236 10622
12239 11697
12240 10161
12244 11203
12246 10912
12251 11901
12252 11106
12253 11634
12255 11704
12262 11069
12264 11965
12265 10323
12266 11329
12272 11901
12276 11725
12279 10999
12280 11512
12284 10891
12285 11141
10247 9916
10249 8518
10256 9102
10259 8755
10263 9454
10265 9331
10272 8098
10284 8084
10287 9379
10288 8377
10289 9276
10292 9651
10299 8942
10311 9279
10312 8389
10315 9147
10317 9103
10318 8407
10320 8874
10321 8237
10323 8764
10324 9035
10325 8306
10326 8341
10331 9544
10332 8673
10334 9775
10341 8042
10350 9947
10355 9653
10361 9598
10373 9218
10378 9979
10380 9186
10382 8370
10383 9775
10387 9668
10388 8236
10413 8581
10416 9285
10417 8202
10426 9995
10429 9076
10432 8573
10434 9255
10436 8240
10445 8398
10447 9618
10451 8954
10455 8576
10466 9841
10467 8183
10468 9156
10472 9511
10476 9421
10484 9589
10487 9529
10488 9512
10490 9971
10491 9959
10498 8495
10499 9596
10500 8225
10501 8640
10502 8365
10510 8977
10515 9976
10519 9923
10522 9869
10529 8761
10530 8887
10541 8679
10547 8899
10551 8918
10556 9846
10564 8855
10567 8497
10575 9069
10580 9436
10584 9144
10585 8229
10591 8765
10594 9381
10596 8140
10598 8894
10600 9454
10607 8253
10611 9364
10617 8775
10622 9189
10629 8323
10639 9514
10645 8683
10646 8487
10647 9667
10649 9514
10651 9170
10652 8730
10653 8580
10654 8006
10656 8430
10663 9620
10665 8359
10674 8756
10675 8684
10677 9057
10679 8144
10681 9119
10686 9339
10687 9880
10688 8577
10695 9367
10699 9474
10703 8701
10708 9905
10709 8534
10712 9827
10715 8002
10719 8237
10726 8571
10727 9152
10731 8904
10735 9365
10736 9132
10738 9033
10741 8518
10748 8406
10750 8688
10753 8327
10754 8205
10757 8418
10767 9328
10768 8991
10772 9999
10773 8785
10777 8932
10778 8311
10781 9667
10782 9206
10787 9613
10788 9649
10795 9128
10804 9701
10805 9344
10806 8203
10807 9165
10808 9576
10817 9109
10818 8546
10820 9960
10821 9515
10822 9537
10828 8743
10832 9324
10835 8671
10840 9663
10843 9488
10844 9426
10845 9259
10848 8654
10850 8967
10853 8140
10856 8287
10857 8221
10858 9067
10861 8685
10863 8663
10866 8193
10882 9823
10887 9736
10888 8398
10889 8280
10891 8099
10892 9420
10894 8734
10901 9253
10912 9261
10913 9992
10914 8916
10915 8398
10918 8127
10919 8904
10922 9070
10924 8740
10925 9100
10932 9636
10935 9845
10942 9597
10947 9868
10950 9312
10955 9445
10961 8050
10967 8974
10974 8228
10975 9052
10979 9369
10981 9216
10985 9900
10986 8198
10988 9830
10989 9808
10991 9628
10999 9940
11003 8823
11004 8639
11006 8622
11008 9639
11009 9810
11010 8552
11014 9459
11017 9446
11018 9679
11021 8385
11025 8617
11027 9275
11032 9198
11038 9732
11045 8492
11050 9279
11061 9345
11064 8405
11066 9380
11067 8745
11069 8205
11075 9824
11079 8216
11083 8301
11091 8060
11099 8353
11100 8170
11106 8758
11113 8968
11121 9060
11123 8911
11124 8166
11125 9955
11127 9926
11129 9434
11132 8198
11135 8250
11141 8164
11142 8424
11144 8251
11145 8188
11147 9305
11149 9264
11157 9449
11166 9534
11175 8611
11176 9400
11177 8069
11180 8332
11184 9567
11189 8528
11193 9118
11200 8689
11203 9708
11211 8582
11213 9601
11222 9970
11223 8871
11225 9201
11226 9483
11229 8472
11235 9615
11239 8839
11241 9805
11243 8801
11251 9676
11253 9122
11257 9343
11259 9743
11261 9356
11264 9331
11265 9082
11268 8393
11272 9971
11278 9502
11281 9211
11292 9645
11302 9956
11307 8683
11314 8917
11320 9838
11326 8016
11329 9467
11335 8242
11339 8776
11342 8027
11343 8822
11347 9120
11348 8580
11350 9424
11353 8363
11356 9878
11357 9379
11359 8063
11360 8648
11364 8785
11366 9439
11368 8400
11373 9609
11379 9928
11385 9313
11388 9530
11400 9295
11405 9721
11414 8913
11416 9229
11424 9582
11426 8401
11437 9124
11440 9213
11444 8196
11447 8126
11460 9719
11469 9339
11471 9310
11475 9186
11478 9296
11479 9482
11480 8545
11486 9679
11489 8594
11490 8574
11494 9475
11495 9714
11502 8241
11510 8151
11511 8862
11512 9734
11513 9065
11514 9197
11521 9212
11522 8714
11525 8618
11531 8365
11535 8014
11546 8282
11556 8646
11559 9218
11562 9605
11567 9781
11574 8245
11577 9026
11600 8678
11602 9533
11603 8550
11605 8017
11608 9607
11622 8410
11624 8163
11626 8199
11629 8973
11631 9446
11632 9814
11634 8884
11640 8718
11646 8330
11647 8168
11652 9199
11653 8184
11660 8786
11663 9407
11666 9187
11673 9113
11677 9664
11678 9239
11684 9242
11690 9514
11692 9545
11695 8787
11697 8161
11698 8919
11702 9837
11704 9852
11705 8852
11707 9495
11713 9089
11715 8843
11716 9131
11720 9695
11725 8714
11731 8064
11732 9417
11734 8446
11736 9882
11737 9734
11741 9955
11749 9405
11751 8209
11754 8437
11763 9203
11764 9385
11768 8374
11769 8723
11774 8747
11776 8309
11780 8408
11784 9047
11792 9216
11794 9745
11804 8172
11808 8803
11809 9306
11815 9579
11817 9018
11818 8867
11819 8104
11821 8261
11823 8502
11824 8899
11826 9019
11831 8161
11835 8865
11839 8307
11840 8652
11845 9938
11850 8684
11856 8745
11857 9128
11861 8630
11862 9371
11870 8634
11871 9360
11872 8660
11883 9244
11901 8798
11902 8950
11905 9486
11907 8384
11911 9527
11912 8981
11913 8394
11916 9332
11919 9875
11920 8722
11921 9595
11924 9613
11933 9458
11936 9913
11940 9677
11942 8408
11946 9757
11956 9345
11960 8466
11961 8782
11963 8543
11965 8000
11966 9391
11970 9456
11973 9509
11975 8167
11982 8501
11987 8794
11989 8720
11998 8716
10001 8417
10004 8615
10010 9787
10011 9405
10017 8938
10018 8677
10020 9198
10021 9529
10022 9626
10033 9781
10041 8978
10042 8627
10044 8976
10047 8427
10048 9268
10052 8472
10055 8378
10056 8824
10057 8717
10058 8715
10066 8489
10067 8054
10074 8905
10078 8771
10084 9670
10087 9564
10093 8193
10094 9447
10095 8638
10096 8869
10100 9897
10103 9660
10104 8559
10111 9190
10112 8004
10114 8250
10116 9379
10123 9391
10124 8970
10126 9975
10128 8018
10131 8946
10141 9365
10144 9595
10148 9633
10149 9523
10151 8113
10156 9358
10157 9753
10158 8686
10161 8361
10166 9726
10170 8202
10173 8771
10180 8837
10190 8743
10201 8664
10204 9004
10209 9824
10218 8139
10220 8030
10222 8771
10223 9867
10228 8238
10231 9454
10232 9555
10233 8644
10235 8297
10238 9158
8193 7349
8196 7098
8198 7923
8199 6160
8202 6680
8203 6733
8205 7261
8209 7184
8216 6129
8221 7947
8225 7875
8228 7691
8229 6580
8236 7032
8237 6877
8238 7070
8240 7798
8241 6324
8242 7893
8245 6579
8250 6748
8251 6065
8253 6008
8261 6040
8280 7615
8282 7009
8287 6924
8297 6989
8301 7458
8306 7309
8307 6632
8309 6531
8311 7567
8323 7239
8327 7113
8330 7889
8332 7491
8341 7126
8353 7175
8359 6541
8361 6715
8363 7970
8365 7155
8370 6549
8374 6220
8377 7324
8378 6056
8384 6378
8385 7750
8389 6460
8393 7151
8394 6151
8398 6482
8400 6615
8401 6818
8405 7404
8406 6869
8407 6424
8408 7011
8410 7624
8417 6616
8418 6132
8424 7003
8427 6069
8430 7480
8437 7584
8446 6168
8466 6430
8472 6624
8487 6121
8489 7246
8492 6622
8495 6940
8497 6523
8501 7097
8502 7573
8518 7710
8528 7456
8534 7673
8543 6665
8545 6221
8546 7210
8550 6563
8552 6619
8559 7283
8571 6657
8573 7910
8574 7321
8576 6021
8577 6521
8580 7688
8581 7537
8582 6720
8594 6945
8611 7708
8615 6981
8617 6482
8618 6389
8622 6351
8627 7230
8630 7928
8634 7631
8638 7938
8639 6617
8640 7625
8644 6268
8646 7757
8648 6356
8652 6883
8654 7440
8660 7642
8663 7991
8664 6084
8671 6427
8673 6041
8677 6498
8678 7283
8679 6647
8683 6850
8684 7869
8685 6372
8686 6837
8688 7110
8689 7238
8701 6650
8714 6780
8715 7827
8716 7679
8717 7914
8718 6588
8720 6687
8722 7640
8723 7019
8730 7215
8734 7543
8740 7347
8743 7013
8745 6570
8747 7133
8755 6464
8756 7874
8758 7275
8761 6625
8764 7525
8765 7723
8771 6122
8775 7022
8776 6545
8782 6570
8785 7077
8786 7723
8787 7098
8794 7207
8798 7940
8801 7008
8803 6097
8822 7720
8823 7582
8824 7155
8837 7326
8839 6493
8843 7747
8852 6178
8855 6899
8862 7677
8865 7126
8867 6766
8869 7177
8871 7838
8874 6934
8884 7512
8887 6862
8894 6877
8899 7039
8904 7109
8905 7945
8911 7851
8913 7619
8916 6950
8917 7241
8918 7480
8919 6167
8932 6644
8938 6146
8942 6625
8946 7078
8950 6990
8954 6000
8967 7611
8968 6392
8970 6432
8973 7515
8974 7176
8976 7909
8977 7375
8978 6962
8981 7491
8991 7745
9004 7928
9018 7405
9019 7772
9026 6032
9033 6344
9035 7029
9047 7669
9052 6906
9057 7913
9060 6340
9065 7899
9067 6965
9069 7919
9070 6540
9076 7276
9082 7304
9089 6090
9100 6988
9102 7910
9103 7891
9109 6726
9113 6381
9118 6834
9119 7836
9120 6654
9122 6653
9124 7887
9128 6938
9131 6350
9132 6458
9144 7058
9147 7012
9152 6893
9156 7295
9158 6606
9165 6184
9170 6844
9186 7021
9187 7817
9189 6040
9190 6405
9197 7469
9198 6640
9199 6688
9201 7190
9203 6053
9206 7998
9211 6300
9212 6506
9213 6372
9216 6288
9218 7440
9229 6914
9239 6162
9242 7849
9244 7125
9253 7476
9255 7790
9259 7771
9261 7243
9264 7336
9268 7241
9275 6470
9276 7167
9279 7058
9285 7356
9295 7409
9296 7482
9305 6406
9306 7658
9310 7554
9312 7154
9313 7386
9324 7416
9328 7875
9331 7717
9332 7299
9339 7852
9343 7009
9344 6508
9345 7635
9356 7458
9358 6510
9360 7094
9364 6000
9365 7179
9367 6055
9369 7377
9371 6017
9379 6080
9380 7174
9381 7939
9385 6394
9391 7405
9400 7094
9405 6366
9407 6026
9417 7170
9420 6451
9421 6874
9424 6470
9426 6439
9434 6601
9436 6666
9439 6828
9445 7808
9446 6123
9447 7059
9449 7676
9454 7379
9456 7490
9458 6291
9459 6054
9467 6172
9474 6260
9475 6965
9482 6599
9483 7941
9486 6458
9488 7022
9495 6827
9502 7386
9509 6041
9511 6509
9512 6813
9514 6759
9515 6046
9523 6939
9527 7991
9529 6434
9530 6371
9533 6110
9534 7833
9537 6228
9544 6969
9545 6370
9555 6209
9564 7973
9567 7788
9576 7988
9579 7512
9582 7292
9589 6786
9595 6680
9596 7219
9597 6843
9598 6097
9601 7502
9605 6620
9607 7016
9609 7305
9613 6522
9615 7421
9618 7829
9620 6115
9626 6756
9628 6791
9633 7526
9636 7791
9639 7783
9645 6433
9649 6828
9651 6739
9653 6262
9660 6782
9663 6054
9664 6679
9667 7353
9668 7954
9670 7046
9676 6631
9677 6023
9679 7619
9695 6686
9701 6488
9708 7284
9714 7050
9719 6987
9721 6873
9726 6943
9732 7918
9734 6516
9736 7285
9743 7643
9745 7509
9753 6958
9757 7365
9775 7062
9781 7924
9787 7644
9805 7284
9808 7015
9810 7756
9814 7471
9823 7188
9824 7394
9827 6744
9830 7284
9837 7539
9838 7450
9841 7903
9845 6671
9846 7498
9852 6410
9867 7924
9868 7443
9869 6770
9875 6180
9878 6949
9880 6813
9882 6426
9897 6454
9900 6040
9905 7517
9913 7932
9916 6637
9923 6557
9926 7738
9928 6931
9938 6839
9940 7387
9947 7650
9955 6917
9956 7331
9959 7246
9960 7598
9970 7970
9971 7897
9975 6605
9976 7455
9979 6156
9992 7418
9995 6506
9999 7770
8000 6773
8002 7380
8004 6657
8006 7643
8014 6687
8016 7025
8017 6817
8018 7271
8027 7528
8030 7987
8042 7031
8050 7007
8054 6613
8060 7084
8063 7979
8064 6123
8069 7354
8084 6231
8098 7088
8099 7229
8104 7334
8113 7755
8126 6080
8127 6822
8139 7873
8140 6267
8144 7056
8151 7395
8161 7644
8163 6715
8164 6671
8166 7104
8167 7999
8168 7147
8170 6281
8172 6853
8183 7330
8184 6153
8188 6595
6146 5217
6151 5579
6153 4640
6156 5557
6160 4791
6162 5661
6167 4755
6168 5512
6172 4413
6178 4048
6180 5912
6184 4768
6209 5281
6220 4364
6221 4565
6228 4636
6231 5066
6260 4466
6262 5907
6267 4213
6268 5412
6281 4528
6288 4206
6291 4140
6300 4098
6324 4437
6340 5027
6344 5378
6350 5753
6351 4112
6356 4114
6366 5024
6370 5797
6371 5905
6372 5134
6378 4391
6381 4318
6389 4247
6392 4975
6394 4151
6405 4049
6406 5824
6410 5102
6424 5390
6426 4045
6427 5845
6430 5746
6432 5964
6433 4036
6434 5034
6439 4097
6451 4490
6454 5435
6458 4735
6460 5794
6464 4910
6470 4837
6482 5040
6488 5057
6493 5423
6498 5015
6506 4716
6508 5570
6509 5405
6510 4823
6516 5826
6521 4617
6522 4767
6523 5030
6531 5860
6540 4808
6541 4106
6545 5362
6549 5904
6557 4957
6563 5940
6570 4064
6579 5079
6580 5876
6588 5941
6595 5613
6599 4044
6601 4262
6605 5838
6606 5717
6613 5353
6615 5276
6616 5025
6617 5968
6619 4123
6620 5028
6622 4274
6624 4923
6625 4306
6631 4790
6632 5396
6637 4923
6640 5011
6644 4651
6647 4643
6650 5921
6653 4335
6654 4446
6657 4259
6665 4885
6666 4154
6671 5123
6679 4903
6680 4186
6686 5460
6687 5817
6688 5025
6715 5408
6720 4902
6726 5472
6733 5722
6739 4351
6744 5872
6748 4809
6756 5226
6759 4022
6766 4336
6770 4343
6773 4940
6780 5376
6782 5949
6786 4917
6791 5988
6813 5782
6817 5580
6818 5965
6822 4945
6827 4819
6828 4419
6834 5507
6837 5819
6839 4911
6843 4091
6844 4832
6850 4077
6853 5596
6862 5785
6869 4956
6873 4026
6874 5231
6877 4762
6883 4145
6893 4513
6899 4975
6906 5971
6914 5072
6917 4990
6924 5854
6931 4529
6934 5686
6938 5921
6939 4662
6940 4465
6943 4194
6945 5623
6949 5110
6950 5773
6958 4825
6962 4840
6965 4168
6969 4455
6981 5615
6987 4345
6988 4186
6989 5090
6990 4680
7003 5650
7007 5550
7008 5290
7009 4633
7011 5579
7012 4504
7013 4955
7015 5248
7016 4580
7019 5884
7021 5476
7022 4611
7025 5688
7029 4726
7031 4958
7032 5603
7039 5181
7046 4501
7050 4492
7056 5908
7058 4444
7059 4229
7062 5830
7070 4957
7077 4371
7078 5672
7084 4006
7088 4789
7094 5052
7097 4470
7098 4572
7104 4702
7109 5247
7110 4791
7113 4520
7125 4632
7126 5048
7133 5416
7147 4010
7151 5395
7154 4923
7155 4344
7167 4146
7170 4007
7174 5122
7175 4223
7176 4228
7177 5190
7179 4977
7184 4309
7188 4795
7190 5136
7207 4481
7210 5199
7215 5210
7219 5951
7229 4752
7230 5962
7238 4130
7239 5034
7241 5756
7243 4412
7246 5540
7261 4322
7271 5449
7275 5658
7276 5198
7283 4010
7284 5910
7285 5621
7292 5504
7295 5469
7299 5644
7304 5940
7305 4561
7309 4535
7321 4281
7324 4457
7326 5870
7330 5166
7331 5170
7334 5500
7336 5244
7347 4622
7349 5349
7353 4610
7354 4271
7356 4228
7365 5107
7375 5656
7377 5079
7379 5598
7380 5737
7386 4408
7387 4468
7394 5335
7395 4652
7404 4103
7405 5219
7409 5682
7416 4537
7418 5184
7421 5219
7440 4440
7443 5691
7450 5841
7455 4534
7456 5451
7458 5796
7469 4353
7471 4397
7476 5841
7480 4709
7482 5863
7490 5111
7491 4004
7498 5232
7502 4969
7509 5378
7512 5799
7515 4344
7517 4714
7525 5947
7526 4664
7528 4152
7537 4157
7539 4053
7543 5563
7554 4638
7567 4887
7573 4540
7582 5713
7584 5667
7598 4043
7611 4469
7615 5396
7619 4042
7624 4318
7625 4537
7631 4495
7635 5039
7640 5237
7642 4387
7643 4277
7644 4203
7650 4540
7658 4391
7669 5524
7673 5089
7676 4716
7677 4494
7679 4410
7688 5029
7691 4461
7708 5505
7710 4116
7717 4306
7720 5163
7723 5175
7738 4937
7745 4307
7747 4371
7750 5631
7755 5681
7756 4419
7757 5913
7770 4436
7771 4666
7772 5874
7783 4815
7788 4709
7790 4878
7791 4586
7798 5329
7808 5150
7817 4295
7827 4463
7829 4467
7833 4110
7836 5721
7838 4253
7849 5749
7851 4156
7852 4912
7869 4385
7873 5425
7874 5590
7875 5306
7887 5273
7889 5899
7891 5552
7893 4590
7897 5765
7899 4356
7903 4532
7909 5631
7910 4755
7913 4748
7914 4336
7918 4034
7919 5635
7923 4556
7924 5990
7928 4567
7932 5190
7938 5527
7939 5988
7940 4004
7941 4767
7945 5717
7947 5740
7954 4665
7970 4702
7973 5252
7979 4008
7987 4495
7988 4078
7991 4671
7998 5239
7999 4810
6000 5819
6008 5348
6017 4648
6021 4150
6023 5669
6026 4177
6032 4032
6040 5786
6041 5836
6046 5395
6053 4780
6054 5165
6055 4800
6056 5115
6065 5926
6069 4073
6080 5387
6084 4285
6090 5102
6097 5135
6110 4399
6115 4799
6121 4012
6122 5370
6123 4133
6129 4719
6132 5886
4097 2276
4098 2575
4103 2825
4106 2604
4110 3910
4112 3795
4114 3490
4116 3420
4123 3063
4130 3276
4133 3045
4140 2141
4145 3315
4146 3484
4150 2426
4151 3074
4152 2948
4154 3604
4156 3220
4157 2070
4168 3111
4177 2561
4186 3552
4194 3911
4203 3694
4206 2117
4213 3264
4223 3208
4228 3675
4229 2829
4247 3940
4253 2447
4259 2761
4262 3275
4271 2359
4274 3387
4277 3225
4281 2549
4285 2093
4295 2615
4306 2851
4307 2846
4309 2068
4318 3078
4322 3358
4335 2745
4336 3720
4343 3182
4344 3416
4345 2334
4351 2500
4353 3960
4356 3050
4364 2435
4371 2481
4385 2030
4387 3744
4391 2823
4397 2315
4399 2634
4408 3593
4410 2050
4412 2102
4413 3715
4419 3805
4436 3444
4437 3596
4440 2036
4444 2782
4446 3073
4455 3026
4457 3150
4461 2543
4463 2595
4465 2645
4466 2206
4467 2884
4468 2677
4469 2065
4470 3896
4481 2920
4490 3763
4492 2860
4494 2750
4495 3813
4501 3449
4504 3197
4513 2476
4520 2397
4528 3841
4529 2859
4532 2579
4534 3986
4535 3285
4537 3160
4540 2576
4556 2097
4561 3180
4565 2462
4567 3762
4572 2233
4580 2183
4586 3680
4590 2972
4610 2600
4611 2675
4617 3333
4622 3544
4632 2213
4633 2386
4636 2890
4638 2216
4640 3011
4643 2255
4648 2132
4651 2789
4652 2444
4662 2036
4664 3183
4665 2896
4666 3782
4671 2711
4680 2129
4702 2967
4709 3160
4714 3245
4716 3027
4719 3783
4726 3725
4735 2516
4748 3916
4752 2855
4755 2200
4762 2661
4767 2462
4768 3193
4780 3798
4789 2619
4790 2230
4791 2580
4795 2686
4799 3882
4800 3104
4808 2614
4809 3464
4810 3240
4815 2977
4819 3722
4823 2007
4825 2820
4832 3786
4837 2343
4840 2366
4878 3630
4885 3581
4887 3720
4902 3675
4903 3453
4910 2333
4911 2279
4912 2246
4917 2681
4923 2941
4937 2366
4940 3813
4945 2775
4955 2959
4956 3675
4957 3201
4958 3963
4969 3436
4975 3651
4977 2371
4990 3641
5011 2160
5015 3868
5024 3824
5025 3573
5027 2352
5028 3222
5029 3379
5030 3603
5034 3235
5039 3687
5040 3666
5048 3251
5052 3868
5057 3496
5066 3138
5072 2831
5079 3368
5089 2673
5090 2326
5102 2609
5107 2219
5110 2921
5111 2352
5115 2090
5122 2894
5123 2871
5134 3985
5135 3312
5136 3196
5150 2290
5163 3801
5165 3981
5166 2602
5170 2483
5175 2109
5181 3940
5184 3364
5190 3943
5198 2001
5199 2014
5210 2848
5217 3868
5219 3803
5226 3913
5231 3885
5232 2541
5237 2137
5239 3525
5244 3482
5247 2072
5248 2412
5252 2277
5273 3003
5276 3750
5281 2750
5290 3973
5306 2898
5329 3519
5335 2775
5348 2218
5349 3194
5353 2405
5362 2028
5370 2705
5376 2061
5378 2648
5387 2034
5390 2879
5395 3635
5396 3854
5405 3706
5408 3421
5412 2544
5416 3279
5423 2774
5425 3132
5435 2145
5449 2353
5451 2965
5460 2065
5469 3588
5472 2932
5476 2544
5500 2765
5504 2412
5505 3488
5507 3271
5512 2564
5524 2339
5527 2534
5540 3916
5550 2087
5552 2031
5557 2399
5563 2191
5570 2301
5579 3034
5580 3583
5590 3003
5596 3345
5598 3040
5603 3277
5613 3234
5615 3256
5621 2184
5623 3983
5631 3547
5635 3864
5644 3907
5650 3882
5656 3425
5658 2628
5661 3295
5667 2444
5669 2860
5672 2192
5681 3197
5682 3025
5686 2984
5688 3852
5691 2714
5713 3316
5717 3698
5721 2227
5722 2850
5737 2868
5740 2779
5746 3434
5749 3264
5753 2824
5756 2345
5765 2049
5773 3743
5782 2879
5785 3113
5786 3374
5794 2984
5796 2746
5797 2341
5799 2650
5817 3252
5819 2946
5824 2912
5826 3033
5830 2538
5836 2264
5838 2009
5841 3218
5845 3561
5854 2862
5860 2790
5863 2917
5870 2256
5872 2723
5874 3646
5876 3840
5884 3443
5886 2400
5899 3303
5904 2905
5905 3588
5907 2069
5908 2266
5910 3067
5912 3964
5913 3516
5921 2094
5926 3221
5940 2726
5941 2566
5947 2084
5949 3385
5951 2367
5962 2612
5964 3419
5965 3993
5968 3066
5971 2548
5988 3343
5990 2427
4004 3716
4006 2847
4007 3832
4008 2817
4010 2443
4012 2719
4022 2294
4026 3070
4032 2843
4034 2593
4036 2275
4042 2694
4043 3361
4044 2768
4045 2831
4048 2399
4049 3662
4053 3346
4064 2800
4073 3533
4077 3709
4078 2191
4091 2204
2049 1923
2050 919
2061 1849
2065 233
2068 394
2069 1251
2070 1982
2072 1342
2084 172
2087 1959
2090 36
2093 965
2094 1611
2097 270
2102 1119
2109 569
2117 1327
2129 835
2132 994
2137 1998
2141 897
2145 1252
2160 1664
2183 585
2184 1201
2191 425
2192 582
2200 986
2204 1569
2206 1146
2213 636
2216 1334
2218 466
2219 1862
2227 1019
2230 1612
2233 1137
2246 858
2255 1910
2256 421
2264 1315
2266 606
2275 215
2276 1839
2277 1284
2279 1155
2290 1915
2294 1818
2301 1906
2315 520
2326 1447
2333 675
2334 1479
2339 1347
2341 1457
2343 1754
2345 1571
2352 229
2353 1722
2359 1338
2366 1016
2367 1727
2371 1814
2386 1516
2397 1889
2399 288
2400 1989
2405 487
2412 917
2426 383
2427 1122
2435 221
2443 1414
2444 1354
2447 1332
2462 1460
2476 1223
2481 1621
2483 1527
2500 748
2516 1892
2534 930
2538 957
2541 1150
2543 447
2544 38
2548 798
2549 269
2561 1462
2564 1212
2566 476
2575 601
2576 177
2579 814
2580 211
2593 158
2595 12
2600 868
2602 1410
2604 642
2609 895
2612 259
2614 902
2615 462
2619 1021
2628 1131
2634 107
2645 520
2648 107
2650 951
2661 169
2673 1397
2675 502
2677 952
2681 86
2686 1475
2694 1787
2705 87
2711 182
2714 664
2719 371
2723 549
2726 1562
2745 1004
2746 666
2750 1270
2761 1259
2765 590
2768 1794
2774 298
2775 1251
2779 485
2782 1625
2789 1581
2790 197
2800 1389
2817 1138
2820 1767
2823 158
2824 1488
2825 1206
2829 1959
2831 1982
2843 1051
2846 922
2847 1309
2848 1895
2850 663
2851 1794
2855 1466
2859 484
2860 1215
2862 647
2868 1239
2871 1765
2879 45
2884 373
2890 75
2894 129
2896 784
2898 29
2905 636
2912 685
2917 1807
2920 406
2921 341
2932 1718
2941 1113
2946 388
2948 38
2959 552
2965 1668
2967 94
2972 440
2977 1882
2984 203
3003 253
3011 479
3025 1956
3026 1366
3027 1031
3033 744
3034 1322
3040 1917
3045 479
3050 1658
3063 1108
3066 993
3067 130
3070 1255
3073 48
3074 678
3078 243
3104 263
3111 859
3113 1680
3132 1813
3138 230
3150 1142
3160 18
3180 1723
3182 1650
3183 1227
3193 579
3194 816
3196 1318
3197 1067
3201 1599
3208 1224
3218 1331
3220 1507
3221 233
3222 547
3225 1902
3234 644
3235 1125
3240 1298
3245 1638
3251 1341
3252 1956
3256 1076
3264 1864
3271 1736
3275 1690
3276 1956
3277 821
3279 534
3285 1024
3295 422
3303 1411
3312 370
3315 958
3316 78
3333 1770
3343 1932
3345 1863
3346 1460
3358 998
3361 1484
3364 1551
3368 1892
3374 19
3379 564
3385 1450
3387 918
3416 1167
3419 523
3420 1607
3421 496
3425 288
3434 930
3436 1972
3443 1948
3444 1666
3449 463
3453 1938
3464 161
3482 1308
3484 1139
3488 1565
3490 1108
3496 675
3516 847
3519 1408
3525 1834
3533 1226
3544 893
3547 879
3552 943
3561 789
3573 774
3581 1809
3583 259
3588 1464
3593 1554
3596 1985
3603 560
3604 922
3630 148
3635 580
3641 1393
3646 1171
3651 1859
3662 1579
3666 1628
3675 707
3680 287
3687 1411
3694 1127
3698 250
3706 609
3709 1902
3715 1990
3716 1428
3720 199
3722 956
3725 1760
3743 1743
3744 1921
3750 1501
3762 1177
3763 55
3782 342
3783 1328
3786 87
3795 197
3798 1343
3801 378
3803 1079
3805 1569
3813 409
3824 1705
3832 348
3840 696
3841 752
3852 1886
3854 1699
3864 1310
3868 1793
3882 544
3885 1858
3896 457
3907 1340
3910 15
3911 1966
3913 343
3916 1890
3940 147
3943 960
3960 1435
3963 1487
3964 243
3973 619
3981 396
3983 1049
3985 867
3986 1079
3993 1184
2001 1446
2007 1310
2009 559
2014 316
2028 1021
2030 1125
2031 1504
2034 586
2036 1868
